UNITID,MajorFieldsID,MajorFieldsDesc,GrandTotal,TotalMen,TotalWomen,AmericanIndianAlaskaNativeTotal,AmericanIndianAlaskaNativeMen,AmericanIndianAlaskaNativeWomen,AsianTotal,AsianMen,AsianWomen,AfricanAmericanTotal,AfricanAmericanMen,AfricanAmericanWomen,HispanicTotal,HispanicMen,HispanicWomen,PacificIslanderTotal,PacificIslanderMen,PacificIslanderWomen,WhiteTotal,WhiteMen,WhiteWomen,TwoOrMoreRacesTotal,TwoOrMoreRacesMen,TwoOrMoreRacesWomen,RaceUnknownTotal,RaceUnknownMen,RaceUnknownWomen,NonresidentAlienTotal,NonresidentAlienMen,NonresidentAlienWomen
100654,13,Education,527,255,272,1,1,0,1,0,1,492,237,255,2,0,2,0,0,0,17,9,8,11,6,5,1,1,0,2,1,1
100654,14,Engineering,542,275,267,1,1,0,1,0,1,506,258,248,2,0,2,0,0,0,17,8,9,12,6,6,1,1,0,2,1,1
100654,26,Biological Sciences/LifeSciences,645,132,513,1,0,1,0,0,0,594,120,474,7,2,5,2,1,1,6,1,5,34,7,27,0,0,0,1,1,0
100654,27,Mathematics,22,11,11,1,1,0,0,0,0,21,10,11,0,0,0,0,0,0,0,0,0,0,0,0,0,0,0,0,0,0
100654,40,Physical Sciences,96,30,66,0,0,0,0,0,0,85,25,60,0,0,0,0,0,0,3,3,0,6,1,5,0,0,0,2,1,1
100654,52,Business Management and Administrative Services,737,332,405,1,0,1,4,1,3,667,304,363,5,3,2,1,1,0,16,9,7,34,10,24,1,1,0,8,3,5
100663,13,Education,948,314,634,4,3,1,24,7,17,326,118,208,25,7,18,0,0,0,521,161,360,35,14,21,6,2,4,7,2,5
100663,14,Engineering,585,422,163,1,1,0,72,47,25,79,48,31,18,13,5,0,0,0,369,281,88,18,11,7,6,5,1,22,16,6
100663,26,Biological Sciences/LifeSciences,1483,543,940,7,0,7,224,87,137,354,88,266,44,15,29,1,1,0,734,301,433,88,38,50,9,3,6,22,10,12
100663,27,Mathematics,109,59,50,1,0,1,8,7,1,27,13,14,5,2,3,0,0,0,64,34,30,0,0,0,1,1,0,3,2,1
100663,40,Physical Sciences,319,164,155,1,1,0,50,28,22,56,26,30,12,5,7,0,0,0,173,94,79,16,4,12,4,2,2,7,4,3
100663,52,Business Management and Administrative Services,2344,1236,1108,6,4,2,98,57,41,537,223,314,83,47,36,2,1,1,1472,821,651,72,34,38,21,8,13,53,41,12
100690,52,Business Management and Administrative Services,101,33,68,0,0,0,0,0,0,29,7,22,1,0,1,0,0,0,16,10,6,0,0,0,55,16,39,0,0,0
100706,13,Education,130,21,109,2,0,2,0,0,0,14,5,9,7,0,7,0,0,0,98,12,86,1,0,1,3,2,1,5,2,3
100706,14,Engineering,2167,1756,411,29,24,5,91,64,27,168,125,43,98,81,17,0,0,0,1612,1325,287,41,35,6,57,47,10,71,55,16
100706,26,Biological Sciences/LifeSciences,394,144,250,6,3,3,22,10,12,41,11,30,17,5,12,0,0,0,285,110,175,9,0,9,10,4,6,4,1,3
100706,27,Mathematics,70,46,24,0,0,0,3,1,2,6,4,2,2,1,1,0,0,0,58,39,19,0,0,0,0,0,0,1,1,0
100706,40,Physical Sciences,258,153,105,2,2,0,8,2,6,15,9,6,10,7,3,0,0,0,209,125,84,5,2,3,4,2,2,5,4,1
100706,52,Business Management and Administrative Services,1004,585,419,8,6,2,39,22,17,147,67,80,44,22,22,0,0,0,665,411,254,9,1,8,29,18,11,63,38,25
100724,13,Education,699,285,414,0,0,0,0,0,0,669,271,398,7,4,3,0,0,0,5,2,3,7,2,5,6,1,5,5,5,0
100724,14,Engineering,3,2,1,0,0,0,0,0,0,3,2,1,0,0,0,0,0,0,0,0,0,0,0,0,0,0,0,0,0,0
100724,26,Biological Sciences/LifeSciences,457,99,358,1,0,1,3,1,2,416,83,333,5,0,5,1,0,1,10,5,5,4,1,3,3,1,2,14,8,6
100724,27,Mathematics,51,25,26,0,0,0,0,0,0,48,23,25,1,1,0,0,0,0,1,1,0,1,0,1,0,0,0,0,0,0
100724,40,Physical Sciences,150,31,119,0,0,0,0,0,0,141,27,114,1,1,0,0,0,0,3,1,2,1,1,0,3,0,3,1,1,0
100724,52,Business Management and Administrative Services,475,232,243,0,0,0,0,0,0,428,205,223,8,5,3,0,0,0,10,5,5,4,2,2,6,4,2,19,11,8
100751,13,Education,1931,489,1442,7,2,5,11,3,8,246,94,152,74,24,50,0,0,0,1539,347,1192,50,17,33,1,1,0,3,1,2
100751,14,Engineering,4842,3630,1212,18,15,3,73,49,24,323,233,90,169,127,42,3,1,2,3956,2973,983,138,93,45,16,14,2,146,125,21
100751,26,Biological Sciences/LifeSciences,1373,469,904,5,2,3,33,14,19,143,29,114,55,19,36,2,0,2,1071,386,685,45,8,37,8,3,5,11,8,3
100751,27,Mathematics,182,107,75,0,0,0,4,1,3,10,7,3,5,3,2,1,1,0,137,80,57,6,1,5,2,2,0,17,12,5
100751,40,Physical Sciences,414,219,195,0,0,0,7,6,1,32,9,23,19,7,12,0,0,0,332,184,148,12,5,7,4,3,1,8,5,3
100751,52,Business Management and Administrative Services,8395,5018,3377,30,21,9,98,51,47,661,302,359,360,216,144,8,5,3,6698,4113,2585,204,101,103,15,10,5,321,199,122
100812,13,Education,852,144,708,14,1,13,5,0,5,85,17,68,13,1,12,0,0,0,701,118,583,12,1,11,22,6,16,0,0,0
100812,26,Biological Sciences/LifeSciences,85,36,49,1,1,0,2,1,1,7,2,5,3,2,1,0,0,0,62,24,38,4,3,1,6,3,3,0,0,0
100812,27,Mathematics,62,26,36,1,1,0,2,0,2,2,1,1,1,0,1,0,0,0,53,23,30,1,0,1,2,1,1,0,0,0
100812,40,Physical Sciences,7,2,5,0,0,0,0,0,0,0,0,0,1,0,1,0,0,0,4,1,3,1,0,1,1,1,0,0,0,0
100812,52,Business Management and Administrative Services,1072,418,654,12,4,8,10,6,4,166,57,109,29,11,18,0,0,0,794,313,481,19,4,15,41,22,19,1,1,0
100830,13,Education,346,48,298,1,0,1,4,1,3,127,14,113,1,0,1,0,0,0,199,32,167,13,0,13,0,0,0,1,1,0
100830,26,Biological Sciences/LifeSciences,357,93,264,3,0,3,16,7,9,163,26,137,8,2,6,1,0,1,149,56,93,11,0,11,1,1,0,5,1,4
100830,27,Mathematics,96,78,18,0,0,0,2,2,0,20,17,3,2,2,0,0,0,0,63,49,14,5,4,1,3,3,0,1,1,0
100830,40,Physical Sciences,89,23,66,0,0,0,9,1,8,34,4,30,1,1,0,0,0,0,39,14,25,4,2,2,0,0,0,2,1,1
100830,52,Business Management and Administrative Services,714,336,378,5,3,2,18,10,8,238,75,163,8,4,4,0,0,0,360,195,165,15,6,9,6,3,3,64,40,24
100858,13,Education,1127,175,952,9,1,8,12,3,9,46,15,31,21,3,18,0,0,0,1020,152,868,9,0,9,6,1,5,4,0,4
100858,14,Engineering,5123,4168,955,25,20,5,180,137,43,313,221,92,172,134,38,2,2,0,4175,3462,713,71,50,21,37,30,7,148,112,36
100858,26,Biological Sciences/LifeSciences,1497,639,858,9,2,7,50,28,22,147,66,81,34,13,21,0,0,0,1215,519,696,19,5,14,8,2,6,15,4,11
100858,27,Mathematics,140,80,60,1,1,0,2,1,1,11,7,4,5,5,0,0,0,0,109,60,49,0,0,0,1,0,1,11,6,5
100858,40,Physical Sciences,231,132,99,1,0,1,9,5,4,15,7,8,3,2,1,1,1,0,192,112,80,2,2,0,3,1,2,5,2,3
100858,52,Business Management and Administrative Services,4531,2813,1718,25,10,15,98,60,38,230,141,89,152,82,70,1,0,1,3810,2386,1424,43,26,17,22,18,4,150,90,60
100937,13,Education,62,13,49,0,0,0,1,0,1,6,1,5,1,0,1,0,0,0,53,11,42,1,1,0,0,0,0,0,0,0
100937,26,Biological Sciences/LifeSciences,165,73,92,2,1,1,18,7,11,14,5,9,0,0,0,0,0,0,128,59,69,2,0,2,1,1,0,0,0,0
100937,27,Mathematics,52,36,16,1,1,0,6,4,2,8,6,2,0,0,0,0,0,0,37,25,12,0,0,0,0,0,0,0,0,0
100937,40,Physical Sciences,47,26,21,0,0,0,4,1,3,4,2,2,1,1,0,0,0,0,38,22,16,0,0,0,0,0,0,0,0,0
100937,52,Business Management and Administrative Services,179,125,54,1,0,1,6,3,3,19,15,4,6,5,1,0,0,0,146,101,45,1,1,0,0,0,0,0,0,0
101073,13,Education,83,33,50,0,0,0,0,0,0,77,31,46,0,0,0,0,0,0,6,2,4,0,0,0,0,0,0,0,0,0
101073,26,Biological Sciences/LifeSciences,29,6,23,0,0,0,0,0,0,29,6,23,0,0,0,0,0,0,0,0,0,0,0,0,0,0,0,0,0,0
101073,52,Business Management and Administrative Services,66,45,21,0,0,0,0,0,0,59,41,18,0,0,0,0,0,0,3,2,1,0,0,0,0,0,0,4,2,2
101116,52,Business Management and Administrative Services,40,15,25,0,0,0,0,0,0,28,10,18,1,1,0,2,0,2,8,3,5,0,0,0,1,1,0,0,0,0
101189,13,Education,150,56,94,0,0,0,0,0,0,31,19,12,3,3,0,1,1,0,109,29,80,4,2,2,0,0,0,2,2,0
101189,26,Biological Sciences/LifeSciences,52,28,24,1,1,0,1,0,1,14,6,8,3,2,1,0,0,0,28,16,12,3,2,1,0,0,0,2,1,1
101189,27,Mathematics,11,6,5,0,0,0,0,0,0,2,1,1,0,0,0,0,0,0,8,4,4,0,0,0,0,0,0,1,1,0
101189,52,Business Management and Administrative Services,930,293,637,7,2,5,2,2,0,565,125,440,12,4,8,2,1,1,297,129,168,18,8,10,6,2,4,21,20,1
101365,52,Business Management and Administrative Services,19,5,14,0,0,0,0,0,0,9,2,7,0,0,0,0,0,0,4,1,3,2,2,0,4,0,4,0,0,0
101435,13,Education,141,70,71,0,0,0,0,0,0,25,19,6,3,3,0,0,0,0,103,43,60,4,2,2,6,3,3,0,0,0
101435,26,Biological Sciences/LifeSciences,126,57,69,1,0,1,2,1,1,17,6,11,5,1,4,0,0,0,91,46,45,5,1,4,5,2,3,0,0,0
101435,27,Mathematics,21,19,2,0,0,0,0,0,0,0,0,0,2,1,1,0,0,0,17,17,0,1,1,0,1,0,1,0,0,0
101435,40,Physical Sciences,34,11,23,1,0,1,0,0,0,7,1,6,1,0,1,0,0,0,24,10,14,0,0,0,1,0,1,0,0,0
101435,52,Business Management and Administrative Services,386,171,215,5,1,4,1,0,1,103,33,70,17,9,8,1,1,0,216,118,98,17,4,13,25,5,20,1,0,1
101480,13,Education,519,74,445,6,0,6,1,0,1,79,26,53,3,0,3,0,0,0,418,48,370,0,0,0,8,0,8,4,0,4
101480,26,Biological Sciences/LifeSciences,360,125,235,1,0,1,4,2,2,66,17,49,6,3,3,0,0,0,260,98,162,0,0,0,14,3,11,9,2,7
101480,27,Mathematics,78,37,41,2,1,1,0,0,0,4,1,3,3,1,2,0,0,0,65,33,32,0,0,0,2,1,1,2,0,2
101480,40,Physical Sciences,59,26,33,1,0,1,0,0,0,7,2,5,1,0,1,0,0,0,44,21,23,0,0,0,5,3,2,1,0,1
101480,52,Business Management and Administrative Services,903,502,401,4,2,2,7,4,3,155,88,67,18,11,7,0,0,0,647,355,292,0,0,0,24,10,14,48,32,16
101541,13,Education,30,0,30,0,0,0,0,0,0,3,0,3,0,0,0,0,0,0,27,0,27,0,0,0,0,0,0,0,0,0
101541,26,Biological Sciences/LifeSciences,40,0,40,0,0,0,0,0,0,7,0,7,0,0,0,0,0,0,32,0,32,0,0,0,1,0,1,0,0,0
101541,27,Mathematics,4,0,4,0,0,0,0,0,0,1,0,1,0,0,0,0,0,0,3,0,3,0,0,0,0,0,0,0,0,0
101541,40,Physical Sciences,11,0,11,0,0,0,0,0,0,1,0,1,0,0,0,0,0,0,10,0,10,0,0,0,0,0,0,0,0,0
101541,52,Business Management and Administrative Services,17,0,17,0,0,0,0,0,0,1,0,1,0,0,0,0,0,0,16,0,16,0,0,0,0,0,0,0,0,0
101587,13,Education,297,103,194,1,0,1,0,0,0,136,55,81,11,4,7,0,0,0,128,34,94,3,1,2,11,6,5,7,3,4
101587,26,Biological Sciences/LifeSciences,146,56,90,0,0,0,0,0,0,47,16,31,7,4,3,0,0,0,78,32,46,5,1,4,7,2,5,2,1,1
101587,27,Mathematics,54,34,20,1,1,0,0,0,0,19,8,11,0,0,0,0,0,0,24,18,6,3,2,1,2,2,0,5,3,2
101587,40,Physical Sciences,32,8,24,0,0,0,0,0,0,9,1,8,0,0,0,0,0,0,19,6,13,3,1,2,0,0,0,1,0,1
101587,52,Business Management and Administrative Services,382,210,172,2,2,0,0,0,0,117,54,63,5,3,2,0,0,0,157,88,69,5,2,3,15,9,6,81,52,29
101675,13,Education,154,69,85,0,0,0,0,0,0,148,66,82,1,1,0,0,0,0,4,2,2,1,0,1,0,0,0,0,0,0
101675,26,Biological Sciences/LifeSciences,157,50,107,0,0,0,0,0,0,152,46,106,2,1,1,0,0,0,3,3,0,0,0,0,0,0,0,0,0,0
101675,27,Mathematics,13,8,5,0,0,0,0,0,0,12,8,4,0,0,0,0,0,0,1,0,1,0,0,0,0,0,0,0,0,0
101675,40,Physical Sciences,10,4,6,0,0,0,0,0,0,10,4,6,0,0,0,0,0,0,0,0,0,0,0,0,0,0,0,0,0,0
101675,52,Business Management and Administrative Services,330,193,137,0,0,0,1,1,0,321,184,137,0,0,0,0,0,0,7,7,0,0,0,0,1,1,0,0,0,0
101693,13,Education,191,41,150,2,0,2,3,2,1,19,3,16,2,0,2,0,0,0,141,31,110,3,0,3,20,5,15,1,0,1
101693,26,Biological Sciences/LifeSciences,70,23,47,0,0,0,2,1,1,10,3,7,2,1,1,0,0,0,35,9,26,3,1,2,15,8,7,3,0,3
101693,27,Mathematics,23,19,4,0,0,0,0,0,0,7,5,2,0,0,0,0,0,0,12,11,1,0,0,0,3,3,0,1,0,1
101693,52,Business Management and Administrative Services,226,110,116,3,0,3,2,0,2,50,18,32,2,0,2,0,0,0,112,53,59,4,3,1,21,11,10,32,25,7
101709,13,Education,260,16,244,1,0,1,4,0,4,26,2,24,8,1,7,0,0,0,200,0,200,14,12,2,7,1,6,0,0,0
101709,26,Biological Sciences/LifeSciences,128,40,88,1,0,1,3,1,2,15,3,12,11,6,5,0,0,0,86,27,59,4,1,3,4,1,3,4,1,3
101709,27,Mathematics,63,41,22,0,0,0,0,0,0,8,8,0,5,3,2,0,0,0,45,29,16,2,0,2,2,1,1,1,0,1
101709,40,Physical Sciences,57,28,29,1,0,1,0,0,0,7,2,5,4,2,2,0,0,0,40,20,20,2,2,0,3,2,1,0,0,0
101709,52,Business Management and Administrative Services,295,157,138,0,0,0,1,1,0,47,17,30,17,6,11,0,0,0,203,115,88,4,3,1,11,8,3,12,7,5
101879,13,Education,709,192,517,10,2,8,2,0,2,60,19,41,22,6,16,0,0,0,585,155,430,13,3,10,15,7,8,2,0,2
101879,26,Biological Sciences/LifeSciences,317,117,200,1,1,0,8,3,5,41,13,28,9,4,5,0,0,0,229,83,146,13,4,9,13,7,6,3,2,1
101879,27,Mathematics,56,38,18,0,0,0,0,0,0,8,5,3,2,2,0,0,0,0,41,28,13,2,1,1,3,2,1,0,0,0
101879,40,Physical Sciences,162,84,78,5,3,2,1,0,1,11,1,10,9,5,4,0,0,0,121,67,54,4,2,2,5,2,3,6,4,2
101879,52,Business Management and Administrative Services,958,585,373,10,7,3,4,2,2,137,88,49,23,18,5,1,1,0,644,387,257,25,16,9,29,13,16,85,53,32
101912,13,Education,85,18,67,0,0,0,0,0,0,75,16,59,1,1,0,0,0,0,2,0,2,0,0,0,2,0,2,5,1,4
101912,26,Biological Sciences/LifeSciences,252,80,172,0,0,0,1,0,1,223,72,151,6,2,4,1,1,0,0,0,0,0,0,0,2,1,1,19,4,15
101912,27,Mathematics,54,37,17,0,0,0,0,0,0,48,32,16,2,2,0,0,0,0,0,0,0,0,0,0,0,0,0,4,3,1
101912,40,Physical Sciences,10,4,6,0,0,0,0,0,0,10,4,6,0,0,0,0,0,0,0,0,0,0,0,0,0,0,0,0,0,0
101912,52,Business Management and Administrative Services,228,122,106,2,2,0,0,0,0,182,108,74,5,1,4,0,0,0,2,1,1,0,0,0,19,2,17,18,8,10
102049,13,Education,195,12,183,1,0,1,3,1,2,2,1,1,5,0,5,0,0,0,181,10,171,2,0,2,0,0,0,1,0,1
102049,14,Engineering,24,19,5,0,0,0,0,0,0,1,1,0,0,0,0,0,0,0,17,12,5,0,0,0,0,0,0,6,6,0
102049,26,Biological Sciences/LifeSciences,121,42,79,1,0,1,2,1,1,8,0,8,5,1,4,0,0,0,100,37,63,1,0,1,2,2,0,2,1,1
102049,27,Mathematics,22,8,14,0,0,0,1,0,1,0,0,0,1,1,0,0,0,0,19,6,13,0,0,0,0,0,0,1,1,0
102049,40,Physical Sciences,13,10,3,0,0,0,0,0,0,1,1,0,1,1,0,0,0,0,10,7,3,1,1,0,0,0,0,0,0,0
102049,52,Business Management and Administrative Services,657,429,228,1,0,1,5,5,0,25,21,4,26,19,7,0,0,0,545,351,194,11,6,5,4,3,1,40,24,16
102094,13,Education,1060,284,776,9,3,6,15,6,9,263,93,170,28,6,22,1,1,0,699,161,538,19,8,11,17,5,12,9,1,8
102094,14,Engineering,1983,1747,236,9,5,4,51,44,7,201,173,28,48,43,5,2,0,2,860,716,144,37,23,14,33,25,8,742,718,24
102094,26,Biological Sciences/LifeSciences,1135,421,714,6,1,5,87,39,48,251,72,179,41,17,24,2,2,0,663,259,404,51,15,36,19,8,11,15,8,7
102094,27,Mathematics,69,37,32,1,0,1,1,1,0,16,9,7,3,1,2,0,0,0,42,24,18,3,1,2,1,0,1,2,1,1
102094,40,Physical Sciences,231,110,121,1,0,1,6,2,4,32,11,21,8,2,6,1,1,0,159,77,82,9,4,5,5,4,1,10,9,1
102094,52,Business Management and Administrative Services,1422,750,672,9,6,3,46,21,25,283,130,153,38,15,23,2,1,1,862,456,406,35,18,17,28,12,16,119,91,28
102234,13,Education,104,15,89,0,0,0,1,0,1,9,0,9,3,0,3,1,1,0,78,13,65,5,1,4,5,0,5,2,0,2
102234,14,Engineering,31,24,7,0,0,0,2,1,1,9,5,4,0,0,0,0,0,0,18,16,2,0,0,0,1,1,0,1,1,0
102234,26,Biological Sciences/LifeSciences,216,70,146,0,0,0,6,1,5,37,10,27,8,6,2,1,1,0,135,42,93,13,3,10,10,5,5,6,2,4
102234,27,Mathematics,21,14,7,1,0,1,0,0,0,3,2,1,2,1,1,0,0,0,9,6,3,0,0,0,2,2,0,4,3,1
102234,40,Physical Sciences,19,9,10,0,0,0,1,1,0,1,1,0,1,1,0,0,0,0,13,6,7,1,0,1,1,0,1,1,0,1
102234,52,Business Management and Administrative Services,273,163,110,3,2,1,3,0,3,31,13,18,13,9,4,1,1,0,186,114,72,9,3,6,11,7,4,16,14,2
102261,52,Business Management and Administrative Services,5,4,1,0,0,0,0,0,0,2,2,0,0,0,0,0,0,0,3,2,1,0,0,0,0,0,0,0,0,0
102270,13,Education,93,49,44,0,0,0,0,0,0,87,47,40,1,1,0,0,0,0,5,1,4,0,0,0,0,0,0,0,0,0
102270,26,Biological Sciences/LifeSciences,140,26,114,0,0,0,1,0,1,134,26,108,1,0,1,0,0,0,4,0,4,0,0,0,0,0,0,0,0,0
102270,27,Mathematics,16,12,4,0,0,0,0,0,0,15,11,4,0,0,0,0,0,0,1,1,0,0,0,0,0,0,0,0,0,0
102270,52,Business Management and Administrative Services,102,53,49,0,0,0,0,0,0,93,44,49,2,2,0,0,0,0,7,7,0,0,0,0,0,0,0,0,0,0
102298,13,Education,39,18,21,0,0,0,0,0,0,33,17,16,0,0,0,0,0,0,3,0,3,2,0,2,1,1,0,0,0,0
102298,26,Biological Sciences/LifeSciences,59,17,42,0,0,0,0,0,0,49,14,35,5,1,4,0,0,0,1,1,0,3,1,2,1,0,1,0,0,0
102298,27,Mathematics,10,5,5,0,0,0,0,0,0,8,5,3,0,0,0,0,0,0,1,0,1,1,0,1,0,0,0,0,0,0
102298,40,Physical Sciences,9,7,2,0,0,0,0,0,0,6,4,2,1,1,0,0,0,0,0,0,0,2,2,0,0,0,0,0,0,0
102298,52,Business Management and Administrative Services,169,103,66,0,0,0,0,0,0,139,80,59,6,5,1,0,0,0,2,1,1,6,4,2,2,2,0,14,11,3
102368,13,Education,1147,323,824,7,3,4,4,1,3,213,60,153,23,5,18,1,0,1,829,233,596,33,10,23,33,9,24,4,2,2
102368,26,Biological Sciences/LifeSciences,634,235,399,6,5,1,12,9,3,104,24,80,23,4,19,0,0,0,387,147,240,23,13,10,21,9,12,58,24,34
102368,27,Mathematics,84,38,46,0,0,0,1,0,1,9,5,4,0,0,0,1,0,1,59,26,33,4,1,3,2,0,2,8,6,2
102368,40,Physical Sciences,99,66,33,0,0,0,0,0,0,6,3,3,1,0,1,1,1,0,55,33,22,2,1,1,5,3,2,29,25,4
102368,52,Business Management and Administrative Services,2857,1384,1473,16,6,10,35,19,16,824,328,496,101,60,41,7,6,1,1432,740,692,76,35,41,113,57,56,253,133,120
102377,13,Education,44,16,28,0,0,0,0,0,0,38,10,28,0,0,0,0,0,0,0,0,0,0,0,0,6,6,0,0,0,0
102377,14,Engineering,610,346,264,0,0,0,13,13,0,578,324,254,2,0,2,0,0,0,0,0,0,0,0,0,17,9,8,0,0,0
102377,26,Biological Sciences/LifeSciences,240,80,160,0,0,0,0,0,0,217,71,146,1,1,0,0,0,0,0,0,0,0,0,0,22,8,14,0,0,0
102377,27,Mathematics,8,6,2,0,0,0,0,0,0,8,6,2,0,0,0,0,0,0,0,0,0,0,0,0,0,0,0,0,0,0
102377,40,Physical Sciences,9,7,2,0,0,0,2,2,0,7,5,2,0,0,0,0,0,0,0,0,0,0,0,0,0,0,0,0,0,0
102377,52,Business Management and Administrative Services,359,204,155,0,0,0,0,0,0,349,200,149,0,0,0,0,0,0,0,0,0,0,0,0,10,4,6,0,0,0
102395,13,Education,14,12,2,0,0,0,0,0,0,0,0,0,2,2,0,0,0,0,10,8,2,0,0,0,2,2,0,0,0,0
102553,13,Education,492,74,418,36,3,33,35,7,28,13,4,9,42,6,36,1,0,1,292,46,246,57,5,52,12,2,10,4,1,3
102553,14,Engineering,824,651,173,53,38,15,76,57,19,18,15,3,62,44,18,7,4,3,469,383,86,100,76,24,21,19,2,18,15,3
102553,26,Biological Sciences/LifeSciences,470,203,267,15,5,10,42,15,27,14,4,10,38,16,22,1,0,1,279,127,152,59,23,36,16,10,6,6,3,3
102553,27,Mathematics,72,40,32,7,2,5,9,6,3,0,0,0,6,5,1,0,0,0,37,21,16,9,4,5,2,1,1,2,1,1
102553,40,Physical Sciences,107,74,33,2,2,0,4,3,1,2,2,0,8,4,4,0,0,0,72,53,19,15,7,8,2,1,1,2,2,0
102553,52,Business Management and Administrative Services,1728,819,909,133,46,87,206,87,119,60,32,28,138,70,68,19,7,12,869,430,439,189,81,108,51,28,23,63,38,25
102614,13,Education,333,70,263,103,15,88,3,2,1,7,1,6,20,6,14,1,0,1,114,33,81,11,1,10,72,11,61,2,1,1
102614,14,Engineering,719,593,126,39,32,7,12,9,3,7,7,0,49,43,6,3,2,1,355,289,66,40,27,13,198,168,30,16,16,0
102614,26,Biological Sciences/LifeSciences,367,104,263,24,7,17,8,3,5,6,4,2,28,7,21,0,0,0,180,45,135,16,4,12,101,33,68,4,1,3
102614,27,Mathematics,33,18,15,1,1,0,0,0,0,0,0,0,1,1,0,1,1,0,19,10,9,3,0,3,8,5,3,0,0,0
102614,40,Physical Sciences,170,108,62,14,8,6,3,1,2,2,2,0,15,8,7,1,0,1,93,62,31,5,2,3,36,24,12,1,1,0
102614,52,Business Management and Administrative Services,627,235,392,84,18,66,6,3,3,13,7,6,29,11,18,7,2,5,270,101,169,37,13,24,163,65,98,18,15,3
102632,13,Education,87,16,71,11,1,10,3,1,2,0,0,0,6,1,5,0,0,0,43,10,33,5,1,4,19,2,17,0,0,0
102632,26,Biological Sciences/LifeSciences,86,26,60,7,3,4,5,0,5,1,0,1,5,3,2,0,0,0,48,16,32,3,0,3,17,4,13,0,0,0
102632,27,Mathematics,15,12,3,2,1,1,1,1,0,0,0,0,0,0,0,0,0,0,7,6,1,3,2,1,2,2,0,0,0,0
102632,52,Business Management and Administrative Services,384,97,287,51,6,45,21,6,15,8,3,5,25,6,19,6,1,5,173,44,129,27,8,19,72,23,49,1,0,1
102669,13,Education,1,0,1,0,0,0,0,0,0,0,0,0,0,0,0,0,0,0,0,0,0,0,0,0,1,0,1,0,0,0
102669,26,Biological Sciences/LifeSciences,26,7,19,2,0,2,1,0,1,0,0,0,1,0,1,0,0,0,18,6,12,4,1,3,0,0,0,0,0,0
102669,40,Physical Sciences,3,2,1,0,0,0,0,0,0,0,0,0,0,0,0,0,0,0,3,2,1,0,0,0,0,0,0,0,0,0
102669,52,Business Management and Administrative Services,70,26,44,26,9,17,0,0,0,3,1,2,1,0,1,2,0,2,27,12,15,7,2,5,4,2,2,0,0,0
102845,52,Business Management and Administrative Services,216,49,167,27,4,23,1,0,1,14,5,9,38,9,29,16,3,13,88,24,64,10,1,9,22,3,19,0,0,0
103945,52,Business Management and Administrative Services,12,1,11,7,1,6,0,0,0,0,0,0,0,0,0,0,0,0,4,0,4,1,0,1,0,0,0,0,0,0
104090,52,Business Management and Administrative Services,68,28,40,1,0,1,0,0,0,12,5,7,18,8,10,1,1,0,32,12,20,3,2,1,1,0,1,0,0,0
104151,13,Education,1671,355,1316,34,6,28,64,15,49,69,19,50,438,94,344,5,0,5,945,201,744,63,11,52,8,3,5,45,6,39
104151,14,Engineering,6935,5517,1418,75,51,24,607,429,178,157,116,41,1250,929,321,13,7,6,3198,2559,639,243,172,71,60,46,14,1332,1208,124
104151,26,Biological Sciences/LifeSciences,3928,1666,2262,44,11,33,507,212,295,194,72,122,866,357,509,7,4,3,1975,876,1099,183,66,117,26,13,13,126,55,71
104151,27,Mathematics,633,444,189,11,5,6,55,38,17,16,10,6,104,65,39,2,0,2,272,197,75,23,12,11,2,1,1,148,116,32
104151,40,Physical Sciences,773,562,211,7,2,5,34,21,13,10,8,2,137,98,39,3,1,2,446,314,132,37,28,9,4,4,0,95,86,9
104151,52,Business Management and Administrative Services,10176,6138,4038,54,26,28,590,326,264,262,151,111,1645,922,723,18,9,9,5224,3262,1962,349,198,151,69,39,30,1965,1205,760
104179,13,Education,1025,173,852,14,3,11,21,4,17,31,12,19,309,66,243,3,0,3,575,81,494,45,5,40,7,0,7,20,2,18
104179,14,Engineering,2580,1969,611,19,15,4,176,121,55,57,48,9,536,405,131,3,2,1,1352,1022,330,103,76,27,25,21,4,309,259,50
104179,26,Biological Sciences/LifeSciences,4149,1574,2575,61,20,41,486,195,291,202,81,121,1205,438,767,10,4,6,1837,696,1141,226,80,146,39,22,17,83,38,45
104179,27,Mathematics,365,257,108,2,1,1,22,14,8,9,6,3,63,43,20,0,0,0,142,99,43,22,17,5,3,1,2,102,76,26
104179,40,Physical Sciences,1006,710,296,9,4,5,42,26,16,26,17,9,189,122,67,1,1,0,482,340,142,52,35,17,15,8,7,190,157,33
104179,52,Business Management and Administrative Services,5942,3605,2337,23,8,15,292,165,127,168,116,52,1196,686,510,18,11,7,3558,2191,1367,276,156,120,34,22,12,377,250,127
104364,52,Business Management and Administrative Services,28,15,13,1,0,1,1,0,1,4,3,1,11,7,4,0,0,0,10,4,6,0,0,0,1,1,0,0,0,0
104586,14,Engineering,1015,800,215,3,1,2,56,49,7,18,14,4,43,36,7,5,3,2,640,508,132,94,64,30,98,78,20,58,47,11
104586,40,Physical Sciences,98,62,36,0,0,0,4,3,1,0,0,0,4,2,2,0,0,0,64,43,21,15,6,9,8,6,2,3,2,1
104586,52,Business Management and Administrative Services,151,98,53,0,0,0,7,4,3,8,4,4,3,1,2,3,1,2,80,52,28,15,8,7,6,4,2,29,24,5
104717,13,Education,9324,1176,8148,54,7,47,83,16,67,1881,248,1633,1543,229,1314,36,8,28,4897,551,4346,258,30,228,572,87,485,0,0,0
104717,14,Engineering,360,277,83,1,0,1,7,6,1,25,20,5,108,81,27,4,4,0,182,139,43,19,13,6,14,14,0,0,0,0
104717,26,Biological Sciences/LifeSciences,1882,639,1243,24,8,16,101,35,66,127,37,90,683,221,462,12,3,9,773,288,485,96,25,71,66,22,44,0,0,0
104717,52,Business Management and Administrative Services,7426,3385,4041,99,39,60,163,71,92,1262,454,808,1495,682,813,46,20,26,3585,1754,1831,269,102,167,507,263,244,0,0,0
105297,13,Education,134,27,107,131,25,106,0,0,0,0,0,0,0,0,0,0,0,0,2,1,1,0,0,0,0,0,0,1,1,0
105297,26,Biological Sciences/LifeSciences,36,11,25,35,11,24,0,0,0,0,0,0,0,0,0,0,0,0,1,0,1,0,0,0,0,0,0,0,0,0
105297,27,Mathematics,27,22,5,26,21,5,0,0,0,0,0,0,0,0,0,0,0,0,0,0,0,1,1,0,0,0,0,0,0,0
105297,52,Business Management and Administrative Services,226,61,165,225,60,165,0,0,0,0,0,0,0,0,0,0,0,0,1,1,0,0,0,0,0,0,0,0,0,0
105330,13,Education,2290,386,1904,38,8,30,25,5,20,47,13,34,608,114,494,0,0,0,1452,218,1234,94,20,74,18,6,12,8,2,6
105330,14,Engineering,1897,1565,332,74,53,21,33,23,10,40,26,14,287,236,51,5,3,2,840,667,173,87,64,23,18,13,5,513,480,33
105330,26,Biological Sciences/LifeSciences,1967,634,1333,54,14,40,53,14,39,49,14,35,560,189,371,4,2,2,1089,354,735,123,35,88,11,4,7,24,8,16
105330,27,Mathematics,116,65,51,5,3,2,1,0,1,2,1,1,21,11,10,0,0,0,76,45,31,6,3,3,0,0,0,5,2,3
105330,40,Physical Sciences,631,328,303,15,5,10,11,4,7,10,6,4,136,69,67,1,1,0,404,219,185,38,17,21,3,1,2,13,6,7
105330,52,Business Management and Administrative Services,4904,2807,2097,64,32,32,108,52,56,177,102,75,924,475,449,15,8,7,2910,1719,1191,298,171,127,65,46,19,343,202,141
105367,13,Education,74,17,57,2,1,1,2,1,1,5,0,5,0,0,0,0,0,0,50,11,39,2,1,1,13,3,10,0,0,0
105367,27,Mathematics,3,2,1,0,0,0,0,0,0,0,0,0,0,0,0,0,0,0,2,1,1,0,0,0,1,1,0,0,0,0
105367,52,Business Management and Administrative Services,83,34,49,0,0,0,1,1,0,9,4,5,0,0,0,0,0,0,51,18,33,3,3,0,19,8,11,0,0,0
105589,13,Education,80,19,61,7,1,6,6,1,5,3,3,0,4,0,4,0,0,0,52,14,38,6,0,6,2,0,2,0,0,0
105589,26,Biological Sciences/LifeSciences,24,8,16,2,0,2,2,1,1,0,0,0,4,1,3,0,0,0,12,6,6,3,0,3,1,0,1,0,0,0
105899,13,Education,82,33,49,0,0,0,0,0,0,11,10,1,14,7,7,0,0,0,50,11,39,5,4,1,2,1,1,0,0,0
105899,26,Biological Sciences/LifeSciences,58,25,33,1,0,1,1,0,1,9,7,2,13,7,6,0,0,0,30,10,20,4,1,3,0,0,0,0,0,0
105899,52,Business Management and Administrative Services,216,163,53,2,1,1,2,2,0,24,19,5,50,40,10,0,0,0,106,79,27,14,11,3,7,2,5,11,9,2
106102,52,Business Management and Administrative Services,697,268,429,15,7,8,13,1,12,140,34,106,74,51,23,8,3,5,334,125,209,36,17,19,77,30,47,0,0,0
106245,13,Education,119,7,112,1,0,1,2,0,2,21,2,19,9,1,8,0,0,0,81,3,78,5,1,4,0,0,0,0,0,0
106245,14,Engineering,220,188,32,0,0,0,2,2,0,23,15,8,22,19,3,0,0,0,125,109,16,21,19,2,2,2,0,25,22,3
106245,26,Biological Sciences/LifeSciences,310,119,191,2,2,0,22,8,14,63,17,46,30,14,16,0,0,0,147,59,88,37,15,22,3,2,1,6,2,4
106245,27,Mathematics,65,34,31,0,0,0,0,0,0,9,5,4,2,1,1,0,0,0,42,23,19,8,4,4,0,0,0,4,1,3
106245,40,Physical Sciences,143,70,73,0,0,0,8,3,5,12,3,9,14,10,4,0,0,0,89,46,43,14,7,7,2,0,2,4,1,3
106245,52,Business Management and Administrative Services,1022,465,557,3,3,0,30,17,13,286,98,188,66,32,34,0,0,0,498,247,251,87,41,46,10,5,5,42,22,20
106306,13,Education,13,9,4,0,0,0,0,0,0,13,9,4,0,0,0,0,0,0,0,0,0,0,0,0,0,0,0,0,0,0
106306,52,Business Management and Administrative Services,68,42,26,0,0,0,0,0,0,66,40,26,0,0,0,0,0,0,1,1,0,0,0,0,0,0,0,1,1,0
106342,13,Education,2,0,2,0,0,0,0,0,0,0,0,0,0,0,0,0,0,0,1,0,1,0,0,0,1,0,1,0,0,0
106342,26,Biological Sciences/LifeSciences,72,27,45,1,0,1,2,1,1,2,0,2,4,0,4,0,0,0,59,24,35,0,0,0,4,2,2,0,0,0
106342,27,Mathematics,23,16,7,2,2,0,0,0,0,2,2,0,2,2,0,0,0,0,17,10,7,0,0,0,0,0,0,0,0,0
106342,40,Physical Sciences,16,9,7,0,0,0,1,1,0,0,0,0,0,0,0,0,0,0,12,6,6,0,0,0,3,2,1,0,0,0
106342,52,Business Management and Administrative Services,44,31,13,1,0,1,3,1,2,1,1,0,5,4,1,0,0,0,30,21,9,0,0,0,2,2,0,2,2,0
106397,13,Education,694,52,642,9,1,8,6,0,6,24,7,17,51,4,47,0,0,0,569,37,532,32,3,29,1,0,1,2,0,2
106397,14,Engineering,2985,2252,733,22,15,7,117,88,29,146,102,44,263,186,77,2,1,1,2035,1591,444,97,66,31,20,15,5,283,188,95
106397,26,Biological Sciences/LifeSciences,1253,539,714,12,5,7,52,28,24,79,22,57,126,54,72,2,1,1,899,395,504,60,23,37,6,2,4,17,9,8
106397,27,Mathematics,140,69,71,1,0,1,5,3,2,2,1,1,9,4,5,0,0,0,111,56,55,6,2,4,2,1,1,4,2,2
106397,40,Physical Sciences,561,302,259,5,2,3,29,16,13,31,18,13,44,18,26,0,0,0,411,226,185,19,11,8,3,1,2,19,10,9
106397,52,Business Management and Administrative Services,5724,3662,2062,59,39,20,141,73,68,197,117,80,478,278,200,6,6,0,4481,2925,1556,162,97,65,23,14,9,177,113,64
106412,13,Education,260,117,143,0,0,0,0,0,0,220,102,118,7,5,2,0,0,0,23,8,15,3,1,2,1,1,0,6,0,6
106412,26,Biological Sciences/LifeSciences,322,77,245,1,1,0,2,1,1,297,70,227,6,0,6,0,0,0,8,3,5,2,0,2,0,0,0,6,2,4
106412,27,Mathematics,38,12,26,0,0,0,0,0,0,33,11,22,1,0,1,0,0,0,2,0,2,1,0,1,0,0,0,1,1,0
106412,40,Physical Sciences,64,13,51,0,0,0,0,0,0,58,10,48,4,2,2,0,0,0,1,0,1,0,0,0,0,0,0,1,1,0
106412,52,Business Management and Administrative Services,384,167,217,0,0,0,1,1,0,353,149,204,3,2,1,0,0,0,23,13,10,1,0,1,2,1,1,1,1,0
106458,13,Education,823,235,588,2,1,1,3,1,2,66,25,41,18,4,14,0,0,0,711,194,517,14,7,7,4,1,3,5,2,3
106458,14,Engineering,422,382,40,0,0,0,3,3,0,20,17,3,9,8,1,0,0,0,249,219,30,7,6,1,1,0,1,133,129,4
106458,26,Biological Sciences/LifeSciences,531,204,327,2,1,1,13,4,9,53,10,43,14,8,6,0,0,0,414,166,248,9,4,5,2,1,1,24,10,14
106458,27,Mathematics,37,25,12,0,0,0,0,0,0,4,2,2,0,0,0,0,0,0,30,22,8,2,0,2,1,1,0,0,0,0
106458,40,Physical Sciences,156,80,76,1,0,1,4,0,4,12,2,10,3,3,0,0,0,0,122,65,57,3,2,1,0,0,0,11,8,3
106458,52,Business Management and Administrative Services,1176,629,547,2,2,0,8,4,4,105,49,56,40,23,17,1,1,0,812,423,389,17,7,10,5,3,2,186,117,69
106467,13,Education,1182,480,702,6,1,5,2,1,1,62,28,34,72,24,48,58,58,0,936,350,586,37,18,19,0,0,0,9,0,9
106467,14,Engineering,563,524,39,0,0,0,8,6,2,19,13,6,34,32,2,0,0,0,371,344,27,19,18,1,0,0,0,112,111,1
106467,26,Biological Sciences/LifeSciences,309,135,174,1,1,0,6,2,4,26,10,16,32,12,20,0,0,0,223,102,121,13,3,10,0,0,0,8,5,3
106467,27,Mathematics,20,14,6,0,0,0,1,1,0,0,0,0,0,0,0,0,0,0,16,12,4,3,1,2,0,0,0,0,0,0
106467,40,Physical Sciences,143,86,57,1,1,0,1,0,1,7,3,4,8,5,3,0,0,0,116,69,47,3,2,1,0,0,0,7,6,1
106467,52,Business Management and Administrative Services,1019,486,533,12,8,4,20,5,15,98,61,37,77,31,46,2,2,0,698,316,382,31,18,13,0,0,0,81,45,36
106485,13,Education,251,42,209,1,0,1,1,0,1,55,14,41,9,3,6,0,0,0,181,24,157,4,1,3,0,0,0,0,0,0
106485,26,Biological Sciences/LifeSciences,77,30,47,0,0,0,2,0,2,8,3,5,3,2,1,0,0,0,63,25,38,1,0,1,0,0,0,0,0,0
106485,27,Mathematics,17,9,8,0,0,0,1,1,0,2,2,0,1,1,0,0,0,0,13,5,8,0,0,0,0,0,0,0,0,0
106485,40,Physical Sciences,31,17,14,0,0,0,2,1,1,2,2,0,2,1,1,0,0,0,25,13,12,0,0,0,0,0,0,0,0,0
106485,52,Business Management and Administrative Services,348,200,148,0,0,0,2,1,1,115,75,40,21,10,11,0,0,0,192,106,86,11,5,6,0,0,0,7,3,4
106704,13,Education,271,43,228,0,0,0,1,0,1,20,3,17,7,1,6,0,0,0,230,39,191,8,0,8,5,0,5,0,0,0
106704,26,Biological Sciences/LifeSciences,684,264,420,5,3,2,26,15,11,92,28,64,44,16,28,2,0,2,474,187,287,19,8,11,2,0,2,20,7,13
106704,27,Mathematics,112,59,53,1,0,1,1,0,1,9,2,7,9,3,6,0,0,0,83,48,35,1,0,1,0,0,0,8,6,2
106704,40,Physical Sciences,292,158,134,3,1,2,21,9,12,24,10,14,10,7,3,0,0,0,209,115,94,8,6,2,0,0,0,17,10,7
106704,52,Business Management and Administrative Services,1347,824,523,6,4,2,24,17,7,213,106,107,90,65,25,0,0,0,812,506,306,37,24,13,6,2,4,159,100,59
106713,13,Education,57,19,38,1,0,1,1,1,0,5,4,1,2,2,0,1,0,1,45,12,33,0,0,0,0,0,0,2,0,2
106713,26,Biological Sciences/LifeSciences,31,8,23,1,0,1,0,0,0,2,0,2,2,1,1,0,0,0,23,7,16,1,0,1,1,0,1,1,0,1
106713,52,Business Management and Administrative Services,203,112,91,0,0,0,0,0,0,39,19,20,2,2,0,0,0,0,150,82,68,2,2,0,1,1,0,9,6,3
106810,13,Education,60,22,38,0,0,0,0,0,0,0,0,0,1,0,1,0,0,0,59,22,37,0,0,0,0,0,0,0,0,0
106810,52,Business Management and Administrative Services,46,31,15,0,0,0,0,0,0,5,5,0,0,0,0,0,0,0,41,26,15,0,0,0,0,0,0,0,0,0
107044,13,Education,554,115,439,9,1,8,2,1,1,29,8,21,17,3,14,0,0,0,480,99,381,12,2,10,3,0,3,2,1,1
107044,14,Engineering,238,197,41,1,0,1,2,1,1,10,9,1,7,5,2,0,0,0,188,157,31,6,4,2,0,0,0,24,21,3
107044,26,Biological Sciences/LifeSciences,236,102,134,0,0,0,4,2,2,7,3,4,7,2,5,0,0,0,203,87,116,5,2,3,0,0,0,10,6,4
107044,27,Mathematics,23,14,9,1,1,0,0,0,0,0,0,0,1,0,1,0,0,0,21,13,8,0,0,0,0,0,0,0,0,0
107044,40,Physical Sciences,47,23,24,0,0,0,1,0,1,1,0,1,2,2,0,0,0,0,42,20,22,1,1,0,0,0,0,0,0,0
107044,52,Business Management and Administrative Services,691,419,272,3,3,0,2,1,1,31,23,8,18,9,9,0,0,0,462,284,178,12,7,5,0,0,0,163,92,71
107071,13,Education,465,138,327,1,1,0,2,0,2,82,34,48,22,5,17,1,0,1,339,93,246,15,4,11,1,0,1,2,1,1
107071,14,Engineering,17,13,4,1,1,0,0,0,0,4,3,1,0,0,0,0,0,0,12,9,3,0,0,0,0,0,0,0,0,0
107071,26,Biological Sciences/LifeSciences,228,87,141,0,0,0,3,0,3,34,12,22,10,3,7,0,0,0,163,67,96,16,3,13,1,1,0,1,1,0
107071,27,Mathematics,31,12,19,0,0,0,0,0,0,3,0,3,3,1,2,0,0,0,23,10,13,2,1,1,0,0,0,0,0,0
107071,40,Physical Sciences,101,44,57,0,0,0,0,0,0,17,5,12,4,2,2,0,0,0,75,34,41,5,3,2,0,0,0,0,0,0
107071,52,Business Management and Administrative Services,428,242,186,0,0,0,6,4,2,87,45,42,18,11,7,1,0,1,285,161,124,11,6,5,0,0,0,20,15,5
107080,13,Education,6,1,5,0,0,0,0,0,0,1,0,1,1,0,1,0,0,0,4,1,3,0,0,0,0,0,0,0,0,0
107080,26,Biological Sciences/LifeSciences,138,48,90,0,0,0,18,3,15,5,0,5,4,0,4,0,0,0,104,43,61,3,1,2,1,1,0,3,0,3
107080,27,Mathematics,18,10,8,0,0,0,1,1,0,0,0,0,1,0,1,0,0,0,13,9,4,1,0,1,0,0,0,2,0,2
107080,40,Physical Sciences,49,39,10,1,0,1,1,1,0,1,1,0,2,2,0,0,0,0,36,28,8,1,0,1,1,1,0,6,6,0
107080,52,Business Management and Administrative Services,27,14,13,1,0,1,1,1,0,2,2,0,1,0,1,0,0,0,19,10,9,1,1,0,0,0,0,2,0,2
107141,13,Education,90,15,75,0,0,0,1,0,1,1,0,1,2,2,0,0,0,0,73,10,63,8,2,6,4,1,3,1,0,1
107141,14,Engineering,142,121,21,0,0,0,3,1,2,1,1,0,3,3,0,0,0,0,105,92,13,9,8,1,4,2,2,17,14,3
107141,26,Biological Sciences/LifeSciences,82,34,48,0,0,0,5,0,5,0,0,0,5,2,3,0,0,0,59,25,34,1,1,0,6,2,4,6,4,2
107141,27,Mathematics,2,0,2,0,0,0,0,0,0,0,0,0,0,0,0,0,0,0,2,0,2,0,0,0,0,0,0,0,0,0
107141,40,Physical Sciences,13,5,8,0,0,0,1,0,1,0,0,0,0,0,0,0,0,0,6,2,4,2,1,1,1,0,1,3,2,1
107141,52,Business Management and Administrative Services,425,234,191,3,3,0,5,4,1,11,3,8,22,16,6,0,0,0,300,162,138,26,10,16,19,13,6,39,23,16
107512,13,Education,142,41,101,1,0,1,0,0,0,13,10,3,3,1,2,0,0,0,124,30,94,0,0,0,0,0,0,1,0,1
107512,26,Biological Sciences/LifeSciences,164,69,95,0,0,0,0,0,0,5,3,2,4,2,2,0,0,0,155,64,91,0,0,0,0,0,0,0,0,0
107512,27,Mathematics,26,13,13,0,0,0,0,0,0,3,2,1,1,0,1,0,0,0,22,11,11,0,0,0,0,0,0,0,0,0
107512,40,Physical Sciences,23,14,9,0,0,0,0,0,0,1,1,0,0,0,0,0,0,0,21,12,9,0,0,0,0,0,0,1,1,0
107512,52,Business Management and Administrative Services,305,205,100,1,1,0,4,3,1,30,25,5,18,12,6,0,0,0,235,152,83,1,1,0,0,0,0,16,11,5
107558,13,Education,36,15,21,0,0,0,0,0,0,2,1,1,2,1,1,0,0,0,27,10,17,2,2,0,1,1,0,2,0,2
107558,26,Biological Sciences/LifeSciences,41,12,29,0,0,0,1,0,1,0,0,0,3,0,3,0,0,0,31,10,21,1,0,1,0,0,0,5,2,3
107558,27,Mathematics,20,11,9,0,0,0,0,0,0,1,0,1,5,4,1,0,0,0,13,7,6,0,0,0,0,0,0,1,0,1
107558,40,Physical Sciences,10,1,9,0,0,0,0,0,0,0,0,0,0,0,0,0,0,0,6,1,5,0,0,0,0,0,0,4,0,4
107558,52,Business Management and Administrative Services,82,50,32,1,1,0,0,0,0,4,4,0,12,9,3,0,0,0,35,24,11,2,2,0,0,0,0,28,10,18
107600,13,Education,46,16,30,0,0,0,0,0,0,45,16,29,0,0,0,0,0,0,0,0,0,1,0,1,0,0,0,0,0,0
107600,26,Biological Sciences/LifeSciences,136,38,98,0,0,0,0,0,0,127,34,93,1,1,0,0,0,0,1,1,0,3,0,3,1,0,1,3,2,1
107600,27,Mathematics,17,10,7,0,0,0,0,0,0,16,9,7,0,0,0,0,0,0,0,0,0,0,0,0,0,0,0,1,1,0
107600,40,Physical Sciences,16,8,8,0,0,0,0,0,0,13,5,8,1,1,0,0,0,0,0,0,0,0,0,0,0,0,0,2,2,0
107600,52,Business Management and Administrative Services,207,90,117,0,0,0,1,0,1,192,84,108,7,2,5,0,0,0,0,0,0,4,1,3,0,0,0,3,3,0
107877,13,Education,221,104,117,1,1,0,0,0,0,24,16,8,5,1,4,0,0,0,181,76,105,0,0,0,0,0,0,10,10,0
107877,26,Biological Sciences/LifeSciences,59,21,38,1,0,1,0,0,0,6,2,4,1,1,0,0,0,0,50,17,33,0,0,0,0,0,0,1,1,0
107877,52,Business Management and Administrative Services,88,70,18,1,0,1,0,0,0,7,7,0,6,5,1,0,0,0,63,47,16,0,0,0,0,0,0,11,11,0
107983,13,Education,337,123,214,3,2,1,1,0,1,78,38,40,9,4,5,5,2,3,241,77,164,0,0,0,0,0,0,0,0,0
107983,14,Engineering,52,44,8,0,0,0,0,0,0,7,5,2,1,1,0,0,0,0,40,34,6,0,0,0,0,0,0,4,4,0
107983,26,Biological Sciences/LifeSciences,204,86,118,4,0,4,5,2,3,36,10,26,5,2,3,0,0,0,146,68,78,0,0,0,0,0,0,8,4,4
107983,27,Mathematics,18,10,8,0,0,0,1,1,0,2,1,1,1,1,0,0,0,0,8,1,7,6,6,0,0,0,0,0,0,0
107983,40,Physical Sciences,234,162,72,3,3,0,1,1,0,30,19,11,11,6,5,1,0,1,177,125,52,0,0,0,0,0,0,11,8,3
107983,52,Business Management and Administrative Services,436,222,214,0,0,0,5,2,3,99,46,53,10,2,8,4,1,3,292,153,139,2,2,0,0,0,0,24,16,8
108092,13,Education,634,175,459,15,4,11,9,2,7,10,5,5,61,17,44,0,0,0,486,132,354,49,14,35,0,0,0,4,1,3
108092,14,Engineering,189,166,23,4,3,1,8,8,0,6,4,2,22,19,3,0,0,0,135,119,16,13,12,1,1,1,0,0,0,0
108092,26,Biological Sciences/LifeSciences,329,148,181,7,5,2,24,7,17,11,7,4,52,24,28,0,0,0,207,95,112,23,7,16,0,0,0,5,3,2
108092,27,Mathematics,23,16,7,0,0,0,1,1,0,0,0,0,3,3,0,0,0,0,18,12,6,1,0,1,0,0,0,0,0,0
108092,40,Physical Sciences,128,56,72,6,4,2,18,7,11,2,0,2,12,6,6,0,0,0,72,28,44,15,8,7,0,0,0,3,3,0
108092,52,Business Management and Administrative Services,907,477,430,19,6,13,61,30,31,35,18,17,96,54,42,0,0,0,603,314,289,56,32,24,0,0,0,37,23,14
108232,13,Education,67,11,56,0,0,0,1,0,1,5,1,4,7,1,6,0,0,0,18,3,15,3,0,3,29,5,24,4,1,3
108232,52,Business Management and Administrative Services,149,24,125,0,0,0,10,2,8,14,3,11,12,3,9,1,0,1,17,1,16,4,0,4,27,3,24,64,12,52
109785,13,Education,408,195,213,0,0,0,40,19,21,25,13,12,139,69,70,13,9,4,137,53,84,40,25,15,6,3,3,8,4,4
109785,14,Engineering,25,20,5,0,0,0,0,0,0,1,1,0,6,4,2,0,0,0,14,12,2,3,2,1,0,0,0,1,1,0
109785,26,Biological Sciences/LifeSciences,397,185,212,0,0,0,38,17,21,25,12,13,137,67,70,12,8,4,132,49,83,40,26,14,5,2,3,8,4,4
109785,27,Mathematics,43,17,26,0,0,0,1,0,1,3,2,1,9,4,5,0,0,0,24,8,16,5,3,2,1,0,1,0,0,0
109785,40,Physical Sciences,51,33,18,0,0,0,4,3,1,2,2,0,10,9,1,0,0,0,25,14,11,7,4,3,1,0,1,2,1,1
109785,52,Business Management and Administrative Services,855,472,383,0,0,0,67,38,29,32,20,12,223,124,99,12,6,6,387,212,175,75,34,41,10,6,4,49,32,17
109819,14,Engineering,148,127,21,0,0,0,8,5,3,2,2,0,105,92,13,0,0,0,25,23,2,5,2,3,0,0,0,3,3,0
109819,26,Biological Sciences/LifeSciences,126,57,69,0,0,0,12,5,7,2,1,1,88,40,48,1,1,0,20,8,12,3,2,1,0,0,0,0,0,0
109819,27,Mathematics,31,18,13,0,0,0,2,1,1,1,1,0,19,11,8,0,0,0,8,5,3,1,0,1,0,0,0,0,0,0
109819,40,Physical Sciences,49,30,19,0,0,0,1,1,0,0,0,0,34,18,16,0,0,0,11,10,1,3,1,2,0,0,0,0,0,0
109819,52,Business Management and Administrative Services,364,183,181,1,1,0,14,6,8,19,10,9,245,120,125,0,0,0,69,39,30,11,4,7,0,0,0,5,3,2
110060,13,Education,57,7,50,0,0,0,41,3,38,5,3,2,7,0,7,0,0,0,3,1,2,0,0,0,1,0,1,0,0,0
110060,52,Business Management and Administrative Services,132,92,40,0,0,0,73,50,23,21,13,8,27,18,9,0,0,0,3,3,0,0,0,0,2,2,0,6,6,0
110097,13,Education,282,27,255,1,0,1,55,8,47,5,1,4,63,7,56,1,0,1,137,9,128,8,0,8,4,0,4,8,2,6
110097,14,Engineering,58,42,16,0,0,0,11,6,5,2,2,0,8,7,1,0,0,0,29,22,7,1,0,1,5,3,2,2,2,0
110097,26,Biological Sciences/LifeSciences,303,107,196,1,1,0,59,28,31,15,4,11,90,25,65,0,0,0,108,39,69,20,9,11,7,0,7,3,1,2
110097,27,Mathematics,42,18,24,0,0,0,10,6,4,0,0,0,6,2,4,0,0,0,22,7,15,2,1,1,0,0,0,2,2,0
110097,40,Physical Sciences,26,19,7,0,0,0,1,1,0,0,0,0,5,2,3,0,0,0,17,13,4,2,2,0,1,1,0,0,0,0
110097,52,Business Management and Administrative Services,520,254,266,2,1,1,77,40,37,10,3,7,88,36,52,2,1,1,265,140,125,24,9,15,18,9,9,34,15,19
110219,52,Business Management and Administrative Services,32,16,16,0,0,0,1,1,0,9,3,6,2,0,2,0,0,0,12,4,8,0,0,0,8,8,0,0,0,0
110361,13,Education,237,33,204,0,0,0,6,0,6,15,2,13,97,11,86,2,1,1,93,11,82,7,3,4,11,1,10,6,4,2
110361,14,Engineering,499,410,89,2,2,0,19,10,9,17,15,2,140,112,28,3,2,1,232,198,34,40,35,5,25,20,5,21,16,5
110361,26,Biological Sciences/LifeSciences,363,125,238,3,1,2,29,14,15,30,6,24,131,36,95,1,1,0,123,49,74,25,11,14,17,4,13,4,3,1
110361,27,Mathematics,49,25,24,0,0,0,2,1,1,4,4,0,12,3,9,1,0,1,20,13,7,4,3,1,6,1,5,0,0,0
110361,40,Physical Sciences,17,6,11,0,0,0,0,0,0,0,0,0,7,2,5,0,0,0,5,2,3,2,0,2,2,1,1,1,1,0
110361,52,Business Management and Administrative Services,1006,468,538,5,3,2,44,18,26,78,33,45,325,129,196,10,2,8,416,216,200,48,22,26,42,23,19,38,22,16
110404,14,Engineering,279,157,122,0,0,0,131,62,69,5,4,1,33,22,11,0,0,0,66,41,25,12,9,3,0,0,0,32,19,13
110404,26,Biological Sciences/LifeSciences,37,13,24,0,0,0,23,6,17,0,0,0,3,3,0,0,0,0,7,1,6,3,2,1,0,0,0,1,1,0
110404,27,Mathematics,71,46,25,0,0,0,30,18,12,0,0,0,7,7,0,0,0,0,22,18,4,1,1,0,0,0,0,11,2,9
110404,40,Physical Sciences,162,100,62,0,0,0,48,23,25,4,2,2,26,23,3,0,0,0,66,41,25,6,4,2,0,0,0,12,7,5
110404,52,Business Management and Administrative Services,4,4,0,0,0,0,2,2,0,0,0,0,1,1,0,0,0,0,1,1,0,0,0,0,0,0,0,0,0,0
110413,14,Engineering,12,6,6,0,0,0,2,1,1,0,0,0,3,1,2,1,1,0,3,2,1,1,0,1,0,0,0,2,1,1
110413,26,Biological Sciences/LifeSciences,293,102,191,0,0,0,33,15,18,12,7,5,95,28,67,0,0,0,111,41,70,22,7,15,15,4,11,5,0,5
110413,27,Mathematics,33,18,15,0,0,0,2,1,1,1,1,0,7,5,2,0,0,0,20,9,11,1,1,0,2,1,1,0,0,0
110413,40,Physical Sciences,68,41,27,0,0,0,3,2,1,0,0,0,16,10,6,0,0,0,41,25,16,4,2,2,2,2,0,2,0,2
110413,52,Business Management and Administrative Services,663,371,292,1,0,1,31,14,17,24,19,5,202,105,97,4,2,2,302,178,124,42,18,24,33,22,11,24,13,11
110422,13,Education,400,49,351,1,0,1,26,2,24,1,0,1,75,14,61,0,0,0,250,26,224,24,3,21,19,4,15,4,0,4
110422,14,Engineering,6063,4578,1485,4,3,1,892,631,261,39,29,10,890,656,234,4,2,2,3343,2589,754,447,324,123,292,223,69,152,121,31
110422,26,Biological Sciences/LifeSciences,1175,421,754,2,1,1,133,50,83,18,8,10,201,72,129,0,0,0,653,231,422,91,33,58,66,22,44,11,4,7
110422,27,Mathematics,390,205,185,1,1,0,56,30,26,1,1,0,64,35,29,0,0,0,216,108,108,25,16,9,15,9,6,12,5,7
110422,40,Physical Sciences,524,307,217,2,1,1,62,38,24,3,2,1,87,52,35,0,0,0,315,187,128,35,13,22,16,11,5,4,3,1
110422,52,Business Management and Administrative Services,2422,1317,1105,1,1,0,401,180,221,21,15,6,359,195,164,3,3,0,1323,753,570,160,78,82,98,61,37,56,31,25
110468,13,Education,211,52,159,0,0,0,13,2,11,5,4,1,23,8,15,3,0,3,127,30,97,5,2,3,30,6,24,5,0,5
110468,52,Business Management and Administrative Services,83,60,23,0,0,0,0,0,0,6,3,3,5,2,3,0,0,0,2,1,1,1,1,0,3,1,2,66,52,14
110486,13,Education,224,13,211,2,0,2,7,0,7,21,3,18,113,6,107,2,0,2,48,0,48,6,2,4,17,2,15,8,0,8
110486,14,Engineering,610,483,127,2,1,1,59,46,13,19,15,4,345,268,77,0,0,0,111,90,21,14,12,2,33,28,5,27,23,4
110486,26,Biological Sciences/LifeSciences,840,266,574,6,3,3,100,42,58,60,17,43,457,141,316,1,1,0,136,42,94,26,8,18,37,10,27,17,2,15
110486,27,Mathematics,144,62,82,2,0,2,11,5,6,1,1,0,85,39,46,0,0,0,33,15,18,0,0,0,2,1,1,10,1,9
110486,40,Physical Sciences,172,109,63,1,0,1,15,11,4,2,1,1,75,39,36,0,0,0,52,37,15,5,5,0,12,7,5,10,9,1
110486,52,Business Management and Administrative Services,1260,672,588,5,1,4,93,52,41,66,31,35,609,269,340,3,2,1,222,107,115,29,16,13,34,19,15,199,175,24
110495,13,Education,538,109,429,5,1,4,49,15,34,23,4,19,268,51,217,2,1,1,129,27,102,22,4,18,21,3,18,19,3,16
110495,26,Biological Sciences/LifeSciences,735,240,495,1,1,0,146,53,93,17,5,12,308,93,215,8,3,5,162,52,110,31,6,25,38,15,23,24,12,12
110495,27,Mathematics,127,68,59,1,0,1,11,6,5,1,0,1,52,27,25,1,1,0,45,25,20,4,2,2,7,4,3,5,3,2
110495,40,Physical Sciences,190,117,73,0,0,0,20,13,7,6,4,2,76,42,34,1,1,0,59,38,21,9,7,2,13,7,6,6,5,1
110495,52,Business Management and Administrative Services,1461,669,792,4,3,1,176,75,101,24,11,13,730,328,402,5,1,4,334,171,163,58,22,36,63,26,37,67,32,35
110510,13,Education,310,27,283,0,0,0,10,1,9,18,3,15,215,18,197,1,1,0,42,3,39,5,0,5,8,1,7,11,0,11
110510,14,Engineering,356,323,33,0,0,0,35,29,6,14,11,3,220,203,17,0,0,0,42,39,3,7,7,0,10,8,2,28,26,2
110510,26,Biological Sciences/LifeSciences,1666,598,1068,1,0,1,143,65,78,91,29,62,1080,368,712,3,1,2,178,69,109,41,17,24,36,13,23,93,36,57
110510,27,Mathematics,421,222,199,0,0,0,21,9,12,15,10,5,283,147,136,1,1,0,51,30,21,11,6,5,15,8,7,24,11,13
110510,40,Physical Sciences,292,186,106,1,1,0,13,11,2,13,5,8,165,104,61,1,1,0,47,31,16,16,13,3,17,8,9,19,12,7
110510,52,Business Management and Administrative Services,3015,1610,1405,6,1,5,146,82,64,155,76,79,1681,827,854,10,5,5,388,227,161,53,28,25,118,65,53,458,299,159
110529,13,Education,215,84,131,1,0,1,22,13,9,4,0,4,114,42,72,0,0,0,45,17,28,7,3,4,9,2,7,13,7,6
110529,14,Engineering,4736,3689,1047,10,8,2,1169,882,287,123,92,31,1633,1252,381,10,10,0,1099,905,194,231,185,46,161,128,33,300,227,73
110529,26,Biological Sciences/LifeSciences,1548,623,925,5,2,3,413,175,238,59,18,41,601,227,374,2,2,0,273,121,152,87,36,51,51,23,28,57,19,38
110529,27,Mathematics,572,362,210,3,2,1,110,79,31,13,8,5,294,178,116,0,0,0,76,49,27,14,9,5,20,15,5,42,22,20
110529,40,Physical Sciences,505,350,155,1,1,0,81,60,21,15,6,9,196,135,61,2,1,1,144,105,39,29,17,12,16,11,5,21,14,7
110529,52,Business Management and Administrative Services,5240,2548,2692,12,8,4,1400,681,719,173,79,94,2011,967,1044,4,0,4,812,398,414,162,73,89,178,92,86,488,250,238
110538,13,Education,279,28,251,2,0,2,18,0,18,5,1,4,110,12,98,0,0,0,107,11,96,12,1,11,20,3,17,5,0,5
110538,14,Engineering,1193,1038,155,6,5,1,64,57,7,11,9,2,341,294,47,2,2,0,477,417,60,39,31,8,104,93,11,149,130,19
110538,26,Biological Sciences/LifeSciences,729,246,483,4,1,3,88,46,42,15,3,12,268,71,197,1,0,1,248,91,157,45,16,29,53,17,36,7,1,6
110538,27,Mathematics,102,59,43,1,1,0,6,4,2,2,2,0,29,16,13,0,0,0,42,23,19,1,1,0,16,9,7,5,3,2
110538,40,Physical Sciences,161,98,63,2,1,1,14,8,6,5,4,1,36,23,13,1,0,1,65,40,25,11,4,7,21,14,7,6,4,2
110538,52,Business Management and Administrative Services,2650,1691,959,12,7,5,176,100,76,45,35,10,685,413,272,5,3,2,1252,819,433,148,93,55,171,106,65,156,115,41
110547,13,Education,625,31,594,0,0,0,25,2,23,66,3,63,455,21,434,2,0,2,25,1,24,11,2,9,11,2,9,30,0,30
110547,26,Biological Sciences/LifeSciences,730,256,474,0,0,0,90,44,46,87,18,69,436,145,291,2,1,1,37,14,23,26,12,14,24,9,15,28,13,15
110547,27,Mathematics,153,86,67,0,0,0,12,11,1,12,4,8,103,61,42,3,0,3,5,2,3,2,1,1,7,5,2,9,2,7
110547,40,Physical Sciences,134,79,55,0,0,0,10,5,5,10,3,7,80,48,32,0,0,0,17,11,6,5,2,3,4,3,1,8,7,1
110547,52,Business Management and Administrative Services,2181,1111,1070,2,1,1,242,146,96,278,113,165,1247,619,628,8,4,4,176,115,61,54,29,25,72,39,33,102,45,57
110556,13,Education,768,180,588,4,0,4,74,12,62,17,3,14,360,85,275,2,1,1,214,48,166,41,17,24,28,9,19,28,5,23
110556,14,Engineering,1395,1203,192,3,2,1,167,147,20,22,19,3,597,508,89,5,5,0,292,243,49,34,28,6,62,49,13,213,202,11
110556,26,Biological Sciences/LifeSciences,1069,415,654,1,0,1,235,101,134,33,17,16,502,177,325,3,0,3,192,78,114,20,8,12,40,18,22,43,16,27
110556,27,Mathematics,191,110,81,0,0,0,29,18,11,1,1,0,88,50,38,0,0,0,44,25,19,4,2,2,13,6,7,12,8,4
110556,40,Physical Sciences,342,195,147,1,1,0,71,35,36,4,1,3,138,82,56,1,0,1,78,48,30,16,6,10,18,13,5,15,9,6
110556,52,Business Management and Administrative Services,2841,1522,1319,13,5,8,458,217,241,82,51,31,1239,640,599,5,3,2,553,315,238,80,41,39,137,79,58,274,171,103
110565,13,Education,1448,148,1300,2,1,1,193,24,169,24,3,21,688,69,619,0,0,0,372,37,335,53,5,48,53,6,47,63,3,60
110565,14,Engineering,2561,2214,347,0,0,0,489,419,70,34,28,6,988,833,155,1,1,0,406,360,46,77,61,16,80,74,6,486,438,48
110565,26,Biological Sciences/LifeSciences,1803,654,1149,1,0,1,533,204,329,43,15,28,766,263,503,5,2,3,284,109,175,75,27,48,44,15,29,52,19,33
110565,27,Mathematics,437,214,223,0,0,0,84,49,35,6,1,5,205,88,117,2,0,2,82,46,36,16,8,8,12,9,3,30,13,17
110565,40,Physical Sciences,437,241,196,1,1,0,91,48,43,1,1,0,174,90,84,0,0,0,113,59,54,14,9,5,24,21,3,19,12,7
110565,52,Business Management and Administrative Services,8137,4487,3650,5,5,0,2311,1151,1160,114,53,61,2671,1455,1216,14,8,6,1623,1043,580,343,193,150,301,191,110,755,388,367
110574,14,Engineering,386,336,50,0,0,0,110,97,13,30,24,6,90,78,12,3,1,2,43,39,4,17,15,2,13,12,1,80,70,10
110574,26,Biological Sciences/LifeSciences,882,297,585,2,0,2,272,110,162,73,24,49,302,88,214,6,0,6,108,39,69,42,9,33,39,13,26,38,14,24
110574,27,Mathematics,117,66,51,0,0,0,24,15,9,7,5,2,32,17,15,0,0,0,26,14,12,7,3,4,10,5,5,11,7,4
110574,40,Physical Sciences,134,73,61,0,0,0,25,15,10,13,6,7,43,19,24,1,0,1,35,21,14,7,4,3,6,4,2,4,4,0
110574,52,Business Management and Administrative Services,2447,1310,1137,3,3,0,709,364,345,198,88,110,618,315,303,18,10,8,374,229,145,114,60,54,104,55,49,309,186,123
110583,14,Engineering,3085,2514,571,7,4,3,738,588,150,76,58,18,1112,912,200,3,2,1,551,468,83,124,93,31,102,85,17,372,304,68
110583,26,Biological Sciences/LifeSciences,1406,565,841,1,1,0,487,213,274,28,7,21,466,178,288,2,1,1,236,92,144,69,31,38,48,18,30,69,24,45
110583,27,Mathematics,339,177,162,2,2,0,78,42,36,7,2,5,125,64,61,1,0,1,68,33,35,18,10,8,17,9,8,23,15,8
110583,40,Physical Sciences,403,225,178,0,0,0,144,74,70,11,5,6,127,71,56,1,0,1,72,47,25,19,10,9,13,12,1,16,6,10
110583,52,Business Management and Administrative Services,4642,2385,2257,6,4,2,1146,529,617,148,68,80,1706,884,822,13,7,6,814,476,338,192,100,92,136,75,61,481,242,239
110592,13,Education,982,133,849,2,0,2,106,21,85,21,5,16,697,75,622,1,0,1,35,10,25,13,3,10,40,4,36,67,15,52
110592,14,Engineering,1909,1610,299,0,0,0,270,223,47,55,48,7,1177,987,190,2,2,0,129,111,18,27,22,5,45,39,6,204,178,26
110592,26,Biological Sciences/LifeSciences,1376,489,887,1,0,1,259,101,158,56,22,34,808,266,542,0,0,0,113,46,67,40,19,21,39,15,24,60,20,40
110592,27,Mathematics,273,133,140,0,0,0,40,24,16,10,6,4,182,79,103,0,0,0,10,7,3,5,4,1,9,4,5,17,9,8
110592,40,Physical Sciences,350,153,197,0,0,0,60,27,33,7,0,7,214,94,120,0,0,0,42,19,23,10,4,6,8,3,5,9,6,3
110592,52,Business Management and Administrative Services,3706,1889,1817,4,4,0,794,398,396,122,59,63,1982,1006,976,5,4,1,280,160,120,67,37,30,113,53,60,339,168,171
110608,13,Education,950,56,894,0,0,0,79,7,72,42,2,40,586,39,547,0,0,0,140,4,136,23,1,22,33,1,32,47,2,45
110608,14,Engineering,2993,2563,430,2,2,0,357,306,51,79,61,18,1131,980,151,3,2,1,505,427,78,80,73,7,112,93,19,724,619,105
110608,26,Biological Sciences/LifeSciences,1942,708,1234,2,1,1,256,93,163,71,24,47,894,311,583,1,0,1,500,193,307,58,23,35,67,29,38,93,34,59
110608,27,Mathematics,263,140,123,2,1,1,34,20,14,3,2,1,125,60,65,0,0,0,57,30,27,4,4,0,17,12,5,21,11,10
110608,40,Physical Sciences,282,167,115,1,0,1,28,15,13,4,3,1,130,75,55,0,0,0,75,48,27,15,9,6,15,9,6,14,8,6
110608,52,Business Management and Administrative Services,6408,3566,2842,7,5,2,811,468,343,223,127,96,2348,1285,1063,8,3,5,1765,962,803,181,94,87,245,152,93,820,470,350
110617,13,Education,1151,80,1071,7,0,7,211,27,184,63,4,59,413,24,389,8,0,8,317,18,299,58,1,57,47,3,44,27,3,24
110617,14,Engineering,2566,2201,365,10,10,0,634,549,85,90,79,11,735,629,106,24,22,2,681,573,108,138,121,17,139,120,19,115,98,17
110617,26,Biological Sciences/LifeSciences,1335,461,874,1,0,1,398,172,226,67,25,42,387,107,280,19,7,12,307,101,206,87,26,61,48,14,34,21,9,12
110617,27,Mathematics,241,127,114,0,0,0,53,33,20,10,2,8,55,28,27,0,0,0,79,49,30,19,7,12,16,6,10,9,2,7
110617,40,Physical Sciences,732,353,379,4,1,3,191,91,100,49,14,35,197,101,96,7,1,6,197,101,96,41,23,18,33,15,18,13,6,7
110617,52,Business Management and Administrative Services,3413,1733,1680,5,3,2,916,452,464,160,85,75,811,394,417,37,15,22,947,504,443,200,106,94,199,102,97,138,72,66
110635,14,Engineering,3587,2669,918,5,3,2,1688,1244,444,25,16,9,265,185,80,1,1,0,813,605,208,119,89,30,170,131,39,501,395,106
110635,26,Biological Sciences/LifeSciences,1320,513,807,0,0,0,580,220,360,16,3,13,160,57,103,1,0,1,360,155,205,66,20,46,55,21,34,82,37,45
110635,27,Mathematics,455,271,184,0,0,0,148,79,69,3,1,2,45,32,13,0,0,0,100,77,23,19,13,6,14,9,5,126,60,66
110635,40,Physical Sciences,786,474,312,1,1,0,270,159,111,2,2,0,86,54,32,1,0,1,245,159,86,36,18,18,30,22,8,115,59,56
110635,52,Business Management and Administrative Services,598,332,266,2,2,0,209,95,114,17,10,7,68,42,26,0,0,0,162,98,64,32,20,12,25,16,9,83,49,34
110644,13,Education,97,36,61,1,0,1,15,8,7,0,0,0,22,6,16,0,0,0,39,12,27,4,3,1,2,1,1,14,6,8
110644,14,Engineering,3584,2458,1126,4,3,1,1103,707,396,58,39,19,618,417,201,16,12,4,978,692,286,180,121,59,62,41,21,565,426,139
110644,26,Biological Sciences/LifeSciences,6340,2135,4205,10,7,3,2427,859,1568,132,37,95,1280,380,900,37,14,23,1643,558,1085,343,112,231,71,28,43,397,140,257
110644,27,Mathematics,887,491,396,0,0,0,221,103,118,9,5,4,103,56,47,3,2,1,156,100,56,35,22,13,7,5,2,353,198,155
110644,40,Physical Sciences,966,531,435,2,2,0,194,89,105,17,5,12,180,83,97,5,3,2,325,188,137,50,24,26,15,8,7,178,129,49
110644,52,Business Management and Administrative Services,1362,707,655,1,0,1,532,259,273,18,13,5,154,98,56,3,1,2,306,178,128,46,24,22,25,13,12,277,121,156
110653,13,Education,457,92,365,0,0,0,140,28,112,9,3,6,192,44,148,1,0,1,51,8,43,13,3,10,7,2,5,44,4,40
110653,14,Engineering,3771,2885,886,0,0,0,1494,1112,382,51,33,18,878,659,219,15,11,4,670,533,137,168,133,35,59,49,10,436,355,81
110653,26,Biological Sciences/LifeSciences,3440,1247,2193,0,0,0,1617,577,1040,68,21,47,813,259,554,14,4,10,545,233,312,140,56,84,39,17,22,204,80,124
110653,27,Mathematics,864,503,361,0,0,0,125,60,65,2,1,1,117,70,47,0,0,0,65,37,28,16,9,7,2,1,1,537,325,212
110653,40,Physical Sciences,750,432,318,0,0,0,261,131,130,6,3,3,185,100,85,1,0,1,131,84,47,30,16,14,7,5,2,129,93,36
110653,52,Business Management and Administrative Services,2512,1082,1430,4,3,1,956,385,571,12,5,7,324,154,170,6,6,0,169,100,69,57,31,26,20,12,8,964,386,578
110662,14,Engineering,2817,2127,690,2,2,0,1121,865,256,17,11,6,275,192,83,9,9,0,730,546,184,147,105,42,72,57,15,444,340,104
110662,26,Biological Sciences/LifeSciences,6254,2359,3895,4,0,4,2445,944,1501,182,41,141,1396,490,906,19,2,17,1454,594,860,326,119,207,125,52,73,303,117,186
110662,27,Mathematics,1916,1038,878,0,0,0,529,284,245,26,17,9,275,131,144,1,1,0,354,217,137,62,33,29,25,15,10,644,340,304
110662,40,Physical Sciences,1136,670,466,4,2,2,286,151,135,22,15,7,246,141,105,2,0,2,337,202,135,46,29,17,17,10,7,176,120,56
110662,52,Business Management and Administrative Services,1911,987,924,6,2,4,593,282,311,49,30,19,283,144,139,3,1,2,439,268,171,85,55,30,47,30,17,406,175,231
110671,14,Engineering,2052,1587,465,5,4,1,768,604,164,56,39,17,652,477,175,8,7,1,359,301,58,104,78,26,24,23,1,76,54,22
110671,26,Biological Sciences/LifeSciences,4099,1738,2361,3,0,3,1737,813,924,156,46,110,1368,491,877,18,7,11,530,241,289,169,65,104,52,42,10,66,33,33
110671,27,Mathematics,712,425,287,0,0,0,217,141,76,17,11,6,331,176,155,3,3,0,80,49,31,27,18,9,7,6,1,30,21,9
110671,40,Physical Sciences,530,332,198,1,1,0,177,100,77,11,6,5,211,129,82,2,2,0,91,65,26,19,14,5,1,1,0,17,14,3
110671,52,Business Management and Administrative Services,2914,1516,1398,4,0,4,1420,718,702,69,37,32,829,405,424,13,6,7,263,173,90,93,49,44,30,21,9,193,107,86
110680,13,Education,35,11,24,0,0,0,9,3,6,0,0,0,12,7,5,0,0,0,5,0,5,4,0,4,1,0,1,4,1,3
110680,14,Engineering,4156,3104,1052,6,4,2,1589,1155,434,53,43,10,634,461,173,12,11,1,923,714,209,218,158,60,83,59,24,638,499,139
110680,26,Biological Sciences/LifeSciences,6678,2624,4054,7,3,4,2859,1129,1730,120,40,80,1158,421,737,28,7,21,1404,586,818,343,147,196,116,58,58,643,233,410
110680,27,Mathematics,1462,797,665,0,0,0,344,200,144,8,3,5,146,90,56,3,2,1,151,93,58,34,22,12,24,12,12,752,375,377
110680,40,Physical Sciences,1714,992,722,2,1,1,576,295,281,22,7,15,305,182,123,4,3,1,372,242,130,87,54,33,17,13,4,329,195,134
110680,52,Business Management and Administrative Services,650,379,271,0,0,0,215,137,78,4,3,1,70,49,21,3,2,1,95,67,28,17,13,4,6,4,2,240,104,136
110705,14,Engineering,1035,841,194,0,0,0,277,226,51,7,6,1,179,144,35,1,1,0,327,267,60,87,74,13,33,22,11,124,101,23
110705,26,Biological Sciences/LifeSciences,3326,1323,2003,6,2,4,803,364,439,68,27,41,845,322,523,3,1,2,1114,428,686,354,127,227,86,35,51,47,17,30
110705,27,Mathematics,1221,748,473,1,1,0,231,146,85,9,6,3,228,140,88,2,1,1,307,201,106,75,51,24,32,23,9,336,179,157
110705,40,Physical Sciences,1569,1064,505,0,0,0,255,158,97,18,9,9,364,229,135,3,1,2,584,427,157,121,78,43,41,25,16,183,137,46
110705,52,Business Management and Administrative Services,287,172,115,0,0,0,95,62,33,0,0,0,37,19,18,0,0,0,51,30,21,21,13,8,7,4,3,76,44,32
110714,14,Engineering,402,323,79,0,0,0,113,86,27,4,4,0,88,69,19,2,2,0,151,126,25,24,20,4,9,6,3,11,10,1
110714,26,Biological Sciences/LifeSciences,1349,509,840,2,1,1,333,126,207,34,6,28,408,147,261,3,0,3,427,175,252,117,41,76,16,9,7,9,4,5
110714,27,Mathematics,114,74,40,0,0,0,17,10,7,2,2,0,39,29,10,0,0,0,48,30,18,3,1,2,3,1,2,2,1,1
110714,40,Physical Sciences,335,219,116,0,0,0,43,25,18,5,4,1,94,63,31,0,0,0,154,103,51,21,13,8,5,1,4,13,10,3
110714,52,Business Management and Administrative Services,487,251,236,0,0,0,197,89,108,6,3,3,98,54,44,1,0,1,102,68,34,28,12,16,7,5,2,48,20,28
111188,14,Engineering,198,177,21,1,1,0,27,24,3,3,3,0,26,21,5,0,0,0,98,89,9,24,21,3,18,17,1,1,1,0
111188,52,Business Management and Administrative Services,195,138,57,1,1,0,17,13,4,10,7,3,48,29,19,4,3,1,74,54,20,22,17,5,15,10,5,4,4,0
111948,13,Education,226,26,200,1,0,1,29,5,24,2,1,1,41,6,35,2,1,1,124,7,117,16,4,12,9,1,8,2,1,1
111948,14,Engineering,32,26,6,0,0,0,1,1,0,0,0,0,9,8,1,0,0,0,21,16,5,0,0,0,1,1,0,0,0,0
111948,26,Biological Sciences/LifeSciences,275,97,178,2,1,1,62,22,40,6,1,5,38,15,23,1,1,0,133,46,87,18,9,9,12,1,11,3,1,2
111948,27,Mathematics,60,33,27,0,0,0,5,4,1,0,0,0,14,8,6,1,1,0,32,15,17,5,3,2,2,1,1,1,1,0
111948,40,Physical Sciences,42,15,27,0,0,0,6,2,4,0,0,0,7,2,5,0,0,0,25,10,15,2,0,2,1,1,0,1,0,1
111948,52,Business Management and Administrative Services,1824,922,902,6,2,4,223,82,141,23,10,13,249,119,130,5,3,2,1027,563,464,109,42,67,67,35,32,115,66,49
111966,26,Biological Sciences/LifeSciences,36,13,23,0,0,0,2,1,1,19,6,13,3,2,1,0,0,0,3,1,2,6,0,6,1,1,0,2,2,0
112075,26,Biological Sciences/LifeSciences,140,43,97,1,1,0,17,4,13,11,5,6,44,9,35,1,1,0,40,15,25,5,1,4,11,4,7,10,3,7
112075,27,Mathematics,21,10,11,0,0,0,1,1,0,0,0,0,1,0,1,0,0,0,15,8,7,1,0,1,1,0,1,2,1,1
112075,40,Physical Sciences,39,14,25,0,0,0,4,1,3,0,0,0,11,4,7,0,0,0,19,7,12,0,0,0,3,2,1,2,0,2
112075,52,Business Management and Administrative Services,375,229,146,2,1,1,24,11,13,13,8,5,78,42,36,2,2,0,159,100,59,26,16,10,32,18,14,39,31,8
112084,13,Education,24,5,19,0,0,0,0,0,0,0,0,0,5,1,4,0,0,0,16,4,12,1,0,1,2,0,2,0,0,0
112084,26,Biological Sciences/LifeSciences,28,4,24,0,0,0,0,0,0,3,0,3,13,2,11,1,0,1,7,2,5,3,0,3,0,0,0,1,0,1
112084,52,Business Management and Administrative Services,116,70,46,2,2,0,2,0,2,10,6,4,31,17,14,3,2,1,55,36,19,4,2,2,7,4,3,2,1,1
112260,14,Engineering,56,37,19,0,0,0,6,3,3,1,1,0,6,5,1,0,0,0,17,13,4,2,2,0,5,2,3,19,11,8
112260,26,Biological Sciences/LifeSciences,144,48,96,0,0,0,31,11,20,6,3,3,25,7,18,0,0,0,60,21,39,5,0,5,9,3,6,8,3,5
112260,27,Mathematics,50,28,22,0,0,0,3,1,2,0,0,0,2,0,2,0,0,0,23,17,6,4,2,2,2,1,1,16,7,9
112260,40,Physical Sciences,19,9,10,0,0,0,2,0,2,1,1,0,2,1,1,0,0,0,10,4,6,1,1,0,1,0,1,2,2,0
112260,52,Business Management and Administrative Services,71,40,31,0,0,0,6,3,3,3,2,1,8,6,2,0,0,0,25,16,9,6,3,3,3,1,2,20,9,11
112394,52,Business Management and Administrative Services,21,18,3,0,0,0,3,3,0,2,2,0,3,2,1,1,1,0,7,6,1,4,3,1,1,1,0,0,0,0
113698,13,Education,36,3,33,0,0,0,5,0,5,1,0,1,6,0,6,0,0,0,19,2,17,3,1,2,2,0,2,0,0,0
113698,26,Biological Sciences/LifeSciences,138,35,103,1,1,0,38,13,25,8,2,6,35,3,32,3,2,1,37,11,26,7,1,6,9,2,7,0,0,0
113698,40,Physical Sciences,28,12,16,0,0,0,13,6,7,4,2,2,1,0,1,0,0,0,9,3,6,1,1,0,0,0,0,0,0,0
113698,52,Business Management and Administrative Services,200,106,94,0,0,0,26,10,16,15,9,6,49,25,24,2,1,1,70,42,28,16,9,7,15,5,10,7,5,2
114123,52,Business Management and Administrative Services,54,11,43,3,1,2,1,0,1,1,0,1,26,7,19,0,0,0,22,2,20,1,1,0,0,0,0,0,0,0
114354,52,Business Management and Administrative Services,1161,112,1049,8,1,7,114,5,109,61,4,57,251,23,228,17,2,15,415,38,377,27,2,25,72,9,63,196,28,168
114390,52,Business Management and Administrative Services,146,13,133,3,1,2,28,3,25,10,2,8,32,3,29,3,1,2,50,3,47,5,0,5,5,0,5,10,0,10
114433,26,Biological Sciences/LifeSciences,33,12,21,0,0,0,0,0,0,3,3,0,4,1,3,1,0,1,23,8,15,0,0,0,2,0,2,0,0,0
114433,40,Physical Sciences,8,5,3,0,0,0,0,0,0,0,0,0,1,1,0,0,0,0,7,4,3,0,0,0,0,0,0,0,0,0
114433,52,Business Management and Administrative Services,66,38,28,2,1,1,3,1,2,7,5,2,10,7,3,4,4,0,33,13,20,0,0,0,0,0,0,7,7,0
114716,13,Education,64,37,27,0,0,0,13,10,3,0,0,0,16,9,7,2,1,1,23,10,13,9,6,3,0,0,0,1,1,0
114716,14,Engineering,637,535,102,0,0,0,159,125,34,17,14,3,137,117,20,6,3,3,166,145,21,39,35,4,4,3,1,109,93,16
114716,26,Biological Sciences/LifeSciences,1003,340,663,1,1,0,358,133,225,15,5,10,236,68,168,8,3,5,271,86,185,55,17,38,7,2,5,52,25,27
114716,27,Mathematics,187,98,89,1,1,0,36,18,18,3,1,2,34,16,18,3,1,2,54,28,26,10,5,5,2,2,0,44,26,18
114716,40,Physical Sciences,181,105,76,1,0,1,57,32,25,2,2,0,37,23,14,1,0,1,54,34,20,9,2,7,0,0,0,20,12,8
114716,52,Business Management and Administrative Services,2588,1377,1211,4,3,1,822,370,452,84,52,32,570,337,233,15,10,5,710,406,304,108,55,53,22,17,5,253,127,126
114813,13,Education,509,138,371,2,1,1,14,4,10,20,4,16,250,65,185,4,2,2,173,51,122,11,4,7,32,5,27,3,2,1
114813,26,Biological Sciences/LifeSciences,111,52,59,0,0,0,12,7,5,3,1,2,58,27,31,1,1,0,29,13,16,4,2,2,2,0,2,2,1,1
114813,27,Mathematics,19,11,8,0,0,0,1,1,0,0,0,0,9,3,6,0,0,0,9,7,2,0,0,0,0,0,0,0,0,0
114813,40,Physical Sciences,8,1,7,0,0,0,0,0,0,0,0,0,5,1,4,0,0,0,2,0,2,0,0,0,0,0,0,1,0,1
114813,52,Business Management and Administrative Services,508,208,300,4,3,1,28,9,19,31,12,19,230,84,146,5,1,4,159,71,88,9,4,5,26,11,15,16,13,3
115083,52,Business Management and Administrative Services,416,208,208,2,2,0,49,21,28,42,20,22,81,41,40,13,7,6,109,61,48,9,6,3,96,46,50,15,4,11
115409,14,Engineering,157,84,73,0,0,0,38,19,19,3,3,0,25,15,10,0,0,0,53,29,24,17,6,11,7,2,5,14,10,4
115409,26,Biological Sciences/LifeSciences,22,6,16,0,0,0,4,0,4,0,0,0,3,2,1,0,0,0,10,3,7,2,0,2,0,0,0,3,1,2
115409,27,Mathematics,82,50,32,1,1,0,16,7,9,1,1,0,4,0,4,0,0,0,32,22,10,9,6,3,3,3,0,16,10,6
115409,40,Physical Sciences,69,30,39,2,1,1,11,6,5,2,1,1,6,4,2,0,0,0,36,12,24,3,1,2,1,1,0,8,4,4
115728,26,Biological Sciences/LifeSciences,87,25,62,0,0,0,10,3,7,16,7,9,40,8,32,1,0,1,14,4,10,3,2,1,3,1,2,0,0,0
115728,52,Business Management and Administrative Services,118,59,59,1,0,1,14,5,9,28,13,15,34,13,21,1,0,1,23,16,7,0,0,0,3,1,2,14,11,3
115755,13,Education,181,10,171,6,0,6,5,0,5,4,1,3,72,4,68,0,0,0,63,4,59,14,1,13,16,0,16,1,0,1
115755,14,Engineering,297,194,103,3,3,0,11,8,3,8,6,2,79,43,36,0,0,0,135,94,41,29,18,11,28,19,9,4,3,1
115755,26,Biological Sciences/LifeSciences,1047,374,673,2,0,2,45,22,23,19,5,14,369,110,259,5,1,4,478,190,288,66,24,42,55,20,35,8,2,6
115755,27,Mathematics,68,32,36,0,0,0,2,1,1,3,2,1,31,15,16,0,0,0,22,11,11,7,2,5,2,1,1,1,0,1
115755,40,Physical Sciences,260,157,103,3,2,1,7,6,1,4,3,1,80,50,30,1,0,1,127,74,53,19,12,7,15,8,7,4,2,2
115755,52,Business Management and Administrative Services,613,366,247,4,2,2,29,15,14,25,14,11,218,120,98,1,1,0,228,149,79,51,35,16,42,23,19,15,7,8
115773,13,Education,63,0,63,0,0,0,4,0,4,10,0,10,27,0,27,0,0,0,20,0,20,0,0,0,2,0,2,0,0,0
115773,52,Business Management and Administrative Services,173,51,122,1,1,0,46,20,26,12,0,12,67,15,52,1,1,0,37,10,27,0,0,0,9,4,5,0,0,0
116712,52,Business Management and Administrative Services,32,17,15,0,0,0,2,1,1,5,0,5,6,3,3,0,0,0,8,5,3,3,2,1,3,3,0,5,3,2
116846,26,Biological Sciences/LifeSciences,12,8,4,0,0,0,0,0,0,0,0,0,0,0,0,0,0,0,4,4,0,1,0,1,6,3,3,1,1,0
116846,52,Business Management and Administrative Services,12,10,2,0,0,0,0,0,0,0,0,0,0,0,0,0,0,0,4,4,0,0,0,0,7,5,2,1,1,0
117104,52,Business Management and Administrative Services,56,29,27,0,0,0,3,2,1,5,3,2,18,11,7,0,0,0,20,8,12,9,4,5,0,0,0,1,1,0
117113,52,Business Management and Administrative Services,47,8,39,0,0,0,1,0,1,4,1,3,20,3,17,0,0,0,6,2,4,1,1,0,12,1,11,3,0,3
117140,13,Education,610,234,376,2,0,2,27,7,20,33,15,18,281,109,172,3,2,1,168,60,108,32,17,15,59,21,38,5,3,2
117140,26,Biological Sciences/LifeSciences,298,112,186,0,0,0,27,13,14,13,4,9,175,59,116,1,0,1,56,24,32,12,6,6,11,5,6,3,1,2
117140,27,Mathematics,46,21,25,0,0,0,2,2,0,2,0,2,23,12,11,0,0,0,14,5,9,2,0,2,0,0,0,3,2,1
117140,40,Physical Sciences,68,34,34,0,0,0,5,3,2,6,3,3,33,14,19,0,0,0,14,7,7,7,6,1,1,0,1,2,1,1
117140,52,Business Management and Administrative Services,1924,1021,903,9,3,6,94,51,43,114,57,57,868,421,447,8,5,3,387,217,170,54,33,21,299,171,128,91,63,28
117557,52,Business Management and Administrative Services,58,40,18,0,0,0,1,1,0,0,0,0,0,0,0,0,0,0,4,1,3,0,0,0,0,0,0,53,38,15
117627,13,Education,3,0,3,0,0,0,0,0,0,0,0,0,0,0,0,0,0,0,2,0,2,1,0,1,0,0,0,0,0,0
117627,26,Biological Sciences/LifeSciences,213,96,117,0,0,0,65,40,25,8,1,7,75,27,48,2,0,2,28,14,14,4,1,3,0,0,0,31,13,18
117627,27,Mathematics,13,11,2,1,0,1,1,1,0,0,0,0,9,8,1,0,0,0,2,2,0,0,0,0,0,0,0,0,0,0
117627,40,Physical Sciences,19,12,7,0,0,0,4,2,2,0,0,0,6,4,2,1,1,0,3,1,2,1,1,0,0,0,0,4,3,1
117627,52,Business Management and Administrative Services,318,183,135,1,0,1,49,38,11,22,10,12,122,62,60,7,3,4,51,28,23,16,9,7,1,1,0,49,32,17
117672,26,Biological Sciences/LifeSciences,32,14,18,0,0,0,6,3,3,2,0,2,8,3,5,0,0,0,12,5,7,2,2,0,2,1,1,0,0,0
117751,13,Education,44,2,42,0,0,0,2,1,1,0,0,0,5,0,5,0,0,0,31,0,31,1,0,1,1,0,1,4,1,3
117751,26,Biological Sciences/LifeSciences,89,39,50,0,0,0,10,3,7,3,2,1,6,3,3,0,0,0,53,23,30,11,5,6,2,2,0,4,1,3
117751,27,Mathematics,19,10,9,0,0,0,2,1,1,0,0,0,1,1,0,0,0,0,10,6,4,1,0,1,1,0,1,4,2,2
117751,52,Business Management and Administrative Services,194,145,49,0,0,0,11,8,3,3,1,2,24,17,7,1,1,0,126,98,28,15,11,4,5,4,1,9,5,4
117928,52,Business Management and Administrative Services,52,7,45,0,0,0,2,0,2,5,1,4,18,4,14,1,0,1,6,0,6,2,0,2,11,2,9,7,0,7
117946,14,Engineering,402,292,110,0,0,0,54,43,11,15,9,6,92,67,25,1,0,1,149,111,38,36,26,10,0,0,0,55,36,19
117946,26,Biological Sciences/LifeSciences,334,141,193,0,0,0,58,26,32,28,13,15,81,34,47,0,0,0,132,56,76,22,9,13,0,0,0,13,3,10
117946,27,Mathematics,42,19,23,0,0,0,4,3,1,3,1,2,7,3,4,0,0,0,20,9,11,2,1,1,0,0,0,6,2,4
117946,40,Physical Sciences,75,51,24,0,0,0,8,6,2,5,2,3,20,13,7,0,0,0,34,24,10,3,2,1,2,1,1,3,3,0
117946,52,Business Management and Administrative Services,1529,803,726,0,0,0,199,94,105,66,31,35,286,143,143,3,1,2,621,343,278,97,46,51,0,0,0,257,145,112
118541,52,Business Management and Administrative Services,286,190,96,0,0,0,15,9,6,20,9,11,94,61,33,0,0,0,67,44,23,6,3,3,21,13,8,63,51,12
118693,52,Business Management and Administrative Services,678,398,280,3,0,3,70,43,27,36,21,15,146,73,73,15,7,8,175,118,57,59,28,31,71,40,31,103,68,35
118888,26,Biological Sciences/LifeSciences,56,0,56,0,0,0,11,0,11,3,0,3,16,0,16,0,0,0,19,0,19,5,0,5,2,0,2,0,0,0
118888,27,Mathematics,11,0,11,0,0,0,0,0,0,0,0,0,1,0,1,0,0,0,9,0,9,1,0,1,0,0,0,0,0,0
118888,40,Physical Sciences,10,0,10,0,0,0,1,0,1,0,0,0,2,0,2,0,0,0,6,0,6,1,0,1,0,0,0,0,0,0
118888,52,Business Management and Administrative Services,12,0,12,1,0,1,2,0,2,2,0,2,2,0,2,0,0,0,4,0,4,1,0,1,0,0,0,0,0,0
118976,52,Business Management and Administrative Services,3,1,2,0,0,0,1,0,1,0,0,0,1,1,0,0,0,0,1,0,1,0,0,0,0,0,0,0,0,0
119173,13,Education,43,0,43,0,0,0,2,0,2,1,0,1,34,0,34,0,0,0,5,0,5,0,0,0,1,0,1,0,0,0
119173,26,Biological Sciences/LifeSciences,175,0,175,1,0,1,18,0,18,11,0,11,123,0,123,0,0,0,12,0,12,3,0,3,7,0,7,0,0,0
119173,27,Mathematics,8,0,8,0,0,0,0,0,0,0,0,0,8,0,8,0,0,0,0,0,0,0,0,0,0,0,0,0,0,0
119173,40,Physical Sciences,10,0,10,0,0,0,2,0,2,0,0,0,8,0,8,0,0,0,0,0,0,0,0,0,0,0,0,0,0,0
119173,52,Business Management and Administrative Services,360,24,336,0,0,0,22,3,19,37,0,37,250,16,234,1,0,1,28,3,25,5,1,4,17,1,16,0,0,0
119605,13,Education,742,107,635,5,0,5,24,2,22,54,11,43,252,38,214,3,1,2,320,45,275,28,4,24,56,6,50,0,0,0
119605,14,Engineering,223,193,30,2,1,1,30,26,4,24,21,3,57,47,10,4,2,2,79,73,6,12,9,3,12,11,1,3,3,0
119605,26,Biological Sciences/LifeSciences,187,74,113,2,2,0,19,9,10,25,7,18,50,19,31,6,3,3,67,29,38,10,2,8,8,3,5,0,0,0
119605,27,Mathematics,19,12,7,0,0,0,2,1,1,0,0,0,3,1,2,0,0,0,12,8,4,0,0,0,1,1,0,1,1,0
119605,52,Business Management and Administrative Services,1669,1027,642,10,4,6,128,72,56,210,131,79,417,249,168,21,13,8,654,424,230,73,42,31,110,64,46,46,28,18
119775,52,Business Management and Administrative Services,41,34,7,0,0,0,2,2,0,1,0,1,15,12,3,0,0,0,7,6,1,1,0,1,0,0,0,15,14,1
120184,26,Biological Sciences/LifeSciences,193,69,124,3,1,2,28,12,16,15,8,7,81,28,53,6,2,4,39,10,29,11,5,6,6,1,5,4,2,2
120184,52,Business Management and Administrative Services,198,107,91,1,0,1,41,23,18,7,5,2,77,37,40,8,3,5,44,26,18,9,5,4,7,5,2,4,3,1
120254,26,Biological Sciences/LifeSciences,144,45,99,0,0,0,40,14,26,3,2,1,17,5,12,0,0,0,70,19,51,9,3,6,1,1,0,4,1,3
120254,27,Mathematics,49,32,17,0,0,0,5,3,2,0,0,0,7,5,2,0,0,0,24,16,8,4,3,1,2,2,0,7,3,4
120254,40,Physical Sciences,80,47,33,0,0,0,11,6,5,1,1,0,5,4,1,0,0,0,51,30,21,9,6,3,1,0,1,2,0,2
120537,13,Education,67,10,57,2,0,2,4,0,4,2,0,2,10,3,7,0,0,0,36,5,31,4,0,4,7,2,5,2,0,2
120537,52,Business Management and Administrative Services,208,140,68,2,2,0,10,6,4,15,11,4,40,24,16,1,1,0,88,60,28,30,21,9,18,11,7,4,4,0
120768,13,Education,143,8,135,0,0,0,7,0,7,10,0,10,78,5,73,1,0,1,38,3,35,5,0,5,4,0,4,0,0,0
120838,52,Business Management and Administrative Services,10,8,2,0,0,0,1,1,0,0,0,0,0,0,0,0,0,0,0,0,0,0,0,0,0,0,0,9,7,2
120865,13,Education,65,15,50,0,0,0,9,2,7,3,0,3,19,5,14,2,1,1,17,3,14,6,2,4,7,2,5,2,0,2
120865,14,Engineering,7,7,0,0,0,0,1,1,0,0,0,0,2,2,0,0,0,0,3,3,0,0,0,0,1,1,0,0,0,0
120865,26,Biological Sciences/LifeSciences,96,49,47,0,0,0,26,17,9,13,3,10,16,7,9,0,0,0,19,10,9,8,5,3,9,5,4,5,2,3
120865,27,Mathematics,7,4,3,0,0,0,1,1,0,0,0,0,1,1,0,0,0,0,3,1,2,0,0,0,2,1,1,0,0,0
120865,40,Physical Sciences,15,9,6,0,0,0,6,3,3,0,0,0,3,1,2,0,0,0,2,1,1,1,1,0,2,2,0,1,1,0
120865,52,Business Management and Administrative Services,144,80,64,1,0,1,20,7,13,14,8,6,33,16,17,0,0,0,35,26,9,11,6,5,18,12,6,12,5,7
120883,13,Education,142,36,106,0,0,0,17,6,11,4,2,2,47,11,36,0,0,0,63,13,50,6,2,4,3,1,2,2,1,1
120883,14,Engineering,404,297,107,4,3,1,112,77,35,12,7,5,86,66,20,0,0,0,137,105,32,28,21,7,11,5,6,14,13,1
120883,26,Biological Sciences/LifeSciences,335,135,200,0,0,0,209,92,117,8,3,5,45,19,26,1,0,1,39,13,26,14,4,10,10,2,8,9,2,7
120883,27,Mathematics,35,21,14,1,0,1,11,7,4,0,0,0,12,5,7,0,0,0,6,5,1,1,1,0,1,0,1,3,3,0
120883,40,Physical Sciences,50,26,24,2,1,1,18,10,8,2,1,1,8,4,4,1,1,0,14,7,7,2,0,2,2,1,1,1,1,0
120883,52,Business Management and Administrative Services,549,278,271,1,1,0,139,67,72,18,5,13,113,49,64,4,1,3,130,69,61,29,16,13,11,6,5,104,64,40
121150,13,Education,35,15,20,0,0,0,2,0,2,0,0,0,4,1,3,0,0,0,21,10,11,5,3,2,3,1,2,0,0,0
121150,26,Biological Sciences/LifeSciences,174,51,123,1,1,0,26,12,14,11,3,8,22,10,12,1,0,1,88,21,67,5,1,4,13,2,11,7,1,6
121150,27,Mathematics,35,23,12,0,0,0,2,2,0,0,0,0,2,1,1,0,0,0,23,14,9,2,1,1,1,1,0,5,4,1
121150,40,Physical Sciences,43,27,16,0,0,0,2,1,1,1,1,0,10,8,2,0,0,0,25,13,12,1,1,0,2,2,0,2,1,1
121150,52,Business Management and Administrative Services,1050,587,463,1,1,0,138,67,71,47,22,25,132,67,65,1,0,1,450,278,172,42,23,19,74,39,35,165,90,75
121257,26,Biological Sciences/LifeSciences,48,20,28,1,1,0,0,0,0,2,0,2,8,3,5,0,0,0,19,11,8,9,1,8,4,4,0,5,0,5
121257,27,Mathematics,29,21,8,0,0,0,1,0,1,1,1,0,1,1,0,0,0,0,12,11,1,4,2,2,0,0,0,10,6,4
121257,40,Physical Sciences,12,5,7,0,0,0,0,0,0,0,0,0,3,1,2,0,0,0,6,4,2,0,0,0,0,0,0,3,0,3
121257,52,Business Management and Administrative Services,29,19,10,0,0,0,3,1,2,2,2,0,8,4,4,0,0,0,11,8,3,3,2,1,1,1,0,1,1,0
121309,13,Education,150,25,125,1,0,1,6,2,4,2,1,1,31,4,27,2,0,2,97,17,80,9,0,9,2,1,1,0,0,0
121309,14,Engineering,90,75,15,0,0,0,12,9,3,3,2,1,20,17,3,2,2,0,41,34,7,9,8,1,1,1,0,2,2,0
121309,26,Biological Sciences/LifeSciences,259,90,169,2,1,1,18,5,13,9,3,6,52,18,34,1,0,1,155,55,100,15,7,8,6,1,5,1,0,1
121309,27,Mathematics,21,9,12,0,0,0,2,2,0,0,0,0,5,3,2,0,0,0,13,3,10,0,0,0,1,1,0,0,0,0
121309,40,Physical Sciences,24,16,8,0,0,0,1,1,0,0,0,0,7,5,2,0,0,0,15,9,6,1,1,0,0,0,0,0,0,0
121309,52,Business Management and Administrative Services,642,347,295,1,1,0,25,15,10,16,8,8,125,53,72,4,1,3,397,232,165,45,21,24,13,6,7,16,10,6
121345,26,Biological Sciences/LifeSciences,100,42,58,1,0,1,20,10,10,5,4,1,11,2,9,0,0,0,45,20,25,8,4,4,5,2,3,5,0,5
121345,27,Mathematics,75,50,25,0,0,0,9,5,4,0,0,0,7,5,2,0,0,0,33,25,8,4,2,2,4,4,0,18,9,9
121345,40,Physical Sciences,69,45,24,0,0,0,10,8,2,2,2,0,9,4,5,0,0,0,33,21,12,6,4,2,2,1,1,7,5,2
121619,13,Education,22,2,20,0,0,0,1,0,1,0,0,0,15,1,14,0,0,0,5,1,4,0,0,0,1,0,1,0,0,0
121619,14,Engineering,171,137,34,0,0,0,24,17,7,2,1,1,125,106,19,0,0,0,6,6,0,1,1,0,5,1,4,8,5,3
121619,26,Biological Sciences/LifeSciences,225,89,136,0,0,0,43,18,25,4,2,2,141,48,93,0,0,0,14,7,7,3,3,0,9,5,4,11,6,5
121619,27,Mathematics,74,46,28,0,0,0,19,10,9,0,0,0,47,32,15,0,0,0,3,2,1,1,1,0,1,0,1,3,1,2
121619,40,Physical Sciences,83,44,39,0,0,0,16,5,11,1,1,0,55,34,21,0,0,0,3,3,0,1,0,1,2,0,2,5,1,4
121619,52,Business Management and Administrative Services,865,408,457,0,0,0,115,49,66,28,17,11,539,268,271,3,2,1,54,26,28,6,2,4,22,11,11,98,33,65
121691,13,Education,95,28,67,0,0,0,3,1,2,6,2,4,29,8,21,0,0,0,47,15,32,3,1,2,6,0,6,1,1,0
121691,26,Biological Sciences/LifeSciences,79,25,54,0,0,0,5,2,3,1,1,0,26,7,19,0,0,0,39,11,28,3,2,1,4,2,2,1,0,1
121691,27,Mathematics,27,19,8,1,1,0,2,1,1,0,0,0,9,6,3,0,0,0,13,10,3,1,0,1,0,0,0,1,1,0
121691,40,Physical Sciences,53,30,23,0,0,0,6,4,2,4,2,2,14,7,7,0,0,0,24,15,9,3,2,1,2,0,2,0,0,0
121691,52,Business Management and Administrative Services,991,537,454,7,5,2,66,34,32,56,22,34,307,163,144,8,3,5,379,220,159,34,19,15,116,63,53,18,8,10
121886,26,Biological Sciences/LifeSciences,621,248,373,0,0,0,64,30,34,3,2,1,519,196,323,0,0,0,24,15,9,8,3,5,3,2,1,0,0,0
121886,27,Mathematics,91,59,32,0,0,0,6,4,2,0,0,0,82,53,29,0,0,0,2,1,1,1,1,0,0,0,0,0,0,0
121886,40,Physical Sciences,41,24,17,0,0,0,3,1,2,0,0,0,32,19,13,0,0,0,6,4,2,0,0,0,0,0,0,0,0,0
121886,52,Business Management and Administrative Services,2164,1146,1018,3,1,2,199,112,87,32,11,21,1802,961,841,0,0,0,81,39,42,21,11,10,5,3,2,21,8,13
121983,52,Business Management and Administrative Services,31,14,17,1,0,1,3,2,1,14,5,9,3,3,0,1,0,1,9,4,5,0,0,0,0,0,0,0,0,0
122409,13,Education,511,14,497,1,0,1,84,3,81,20,0,20,206,6,200,0,0,0,143,4,139,23,1,22,15,0,15,19,0,19
122409,14,Engineering,3629,2984,645,5,5,0,539,435,104,99,79,20,980,780,200,7,6,1,1144,943,201,232,198,34,134,116,18,489,422,67
122409,26,Biological Sciences/LifeSciences,1454,510,944,2,0,2,261,99,162,85,15,70,390,141,249,2,0,2,513,194,319,92,20,72,64,19,45,45,22,23
122409,27,Mathematics,378,207,171,0,0,0,37,22,15,12,8,4,144,77,67,3,1,2,126,71,55,23,12,11,14,8,6,19,8,11
122409,40,Physical Sciences,623,332,291,5,1,4,104,43,61,35,15,20,153,88,65,0,0,0,222,135,87,50,20,30,20,11,9,34,19,15
122409,52,Business Management and Administrative Services,5972,3045,2927,11,5,6,745,323,422,171,75,96,1365,664,701,10,6,4,2312,1228,1084,378,188,190,244,137,107,736,419,317
122436,14,Engineering,418,321,97,0,0,0,22,18,4,16,13,3,58,40,18,0,0,0,211,159,52,19,12,7,13,12,1,79,67,12
122436,26,Biological Sciences/LifeSciences,444,122,322,1,1,0,52,19,33,12,4,8,79,24,55,0,0,0,241,59,182,38,9,29,13,3,10,8,3,5
122436,27,Mathematics,33,13,20,0,0,0,3,0,3,0,0,0,4,2,2,0,0,0,20,8,12,2,1,1,0,0,0,4,2,2
122436,40,Physical Sciences,46,27,19,0,0,0,6,2,4,1,1,0,10,5,5,0,0,0,20,12,8,4,3,1,2,1,1,3,3,0
122436,52,Business Management and Administrative Services,1440,831,609,8,6,2,117,60,57,30,17,13,267,131,136,7,5,2,696,383,313,75,44,31,46,27,19,194,158,36
122597,13,Education,322,27,295,0,0,0,108,10,98,27,3,24,96,4,92,2,0,2,43,9,34,15,0,15,13,0,13,18,1,17
122597,14,Engineering,1342,1122,220,1,1,0,413,345,68,57,44,13,396,326,70,4,3,1,186,163,23,64,51,13,57,49,8,164,140,24
122597,26,Biological Sciences/LifeSciences,1185,401,784,1,1,0,434,152,282,53,16,37,361,119,242,7,1,6,169,64,105,66,17,49,52,14,38,42,17,25
122597,27,Mathematics,225,141,84,0,0,0,54,36,18,10,5,5,65,43,22,0,0,0,50,31,19,11,4,7,10,9,1,25,13,12
122597,40,Physical Sciences,266,147,119,0,0,0,57,34,23,8,2,6,71,42,29,0,0,0,74,38,36,22,8,14,18,13,5,16,10,6
122597,52,Business Management and Administrative Services,5190,2610,2580,7,3,4,1877,879,998,178,81,97,1150,582,568,23,15,8,866,482,384,256,127,129,186,108,78,647,333,314
122612,26,Biological Sciences/LifeSciences,420,135,285,1,0,1,148,47,101,21,8,13,88,21,67,4,2,2,97,31,66,28,9,19,9,5,4,24,12,12
122612,27,Mathematics,47,24,23,0,0,0,5,1,4,2,1,1,5,1,4,0,0,0,19,9,10,3,2,1,2,0,2,11,10,1
122612,40,Physical Sciences,214,104,110,1,1,0,51,26,25,8,5,3,49,16,33,3,1,2,59,29,30,18,8,10,1,1,0,24,17,7
122612,52,Business Management and Administrative Services,2112,1058,1054,7,4,3,427,186,241,51,24,27,291,141,150,14,8,6,383,211,172,97,48,49,38,19,19,804,417,387
122728,13,Education,122,14,108,0,0,0,4,1,3,5,2,3,19,2,17,1,1,0,87,8,79,0,0,0,6,0,6,0,0,0
122728,26,Biological Sciences/LifeSciences,66,9,57,1,0,1,6,2,4,4,1,3,14,4,10,1,0,1,39,2,37,1,0,1,0,0,0,0,0,0
122728,27,Mathematics,18,7,11,0,0,0,1,0,1,0,0,0,4,2,2,1,0,1,11,4,7,0,0,0,1,1,0,0,0,0
122728,52,Business Management and Administrative Services,246,149,97,3,3,0,3,2,1,18,12,6,44,28,16,3,0,3,145,87,58,7,3,4,13,6,7,10,8,2
122755,13,Education,787,104,683,0,0,0,239,35,204,18,4,14,296,33,263,3,1,2,132,22,110,38,7,31,23,1,22,38,1,37
122755,14,Engineering,4246,3494,752,3,2,1,1675,1373,302,88,66,22,880,706,174,20,16,4,761,651,110,203,177,26,164,140,24,452,363,89
122755,26,Biological Sciences/LifeSciences,979,357,622,0,0,0,471,190,281,42,12,30,215,57,158,2,0,2,142,58,84,40,16,24,30,12,18,37,12,25
122755,27,Mathematics,223,146,77,0,0,0,64,41,23,2,2,0,59,35,24,0,0,0,30,18,12,7,4,3,9,8,1,52,38,14
122755,40,Physical Sciences,298,195,103,0,0,0,87,50,37,6,4,2,72,47,25,3,1,2,72,51,21,26,18,8,12,8,4,20,16,4
122755,52,Business Management and Administrative Services,4594,2343,2251,2,2,0,1839,827,1012,102,52,50,934,495,439,20,7,13,804,509,295,231,138,93,174,89,85,488,224,264
122834,52,Business Management and Administrative Services,87,36,51,0,0,0,4,1,3,7,2,5,60,25,35,1,1,0,14,6,8,0,0,0,1,1,0,0,0,0
122852,52,Business Management and Administrative Services,19,7,12,0,0,0,2,0,2,0,0,0,14,4,10,0,0,0,3,3,0,0,0,0,0,0,0,0,0,0
122931,14,Engineering,976,712,264,2,0,2,201,140,61,27,17,10,148,101,47,1,1,0,445,346,99,87,58,29,27,20,7,38,29,9
122931,26,Biological Sciences/LifeSciences,427,148,279,0,0,0,98,33,65,18,8,10,87,28,59,0,0,0,175,65,110,30,7,23,10,4,6,9,3,6
122931,27,Mathematics,63,30,33,0,0,0,10,5,5,3,1,2,18,10,8,0,0,0,23,10,13,7,3,4,0,0,0,2,1,1
122931,40,Physical Sciences,75,50,25,0,0,0,10,6,4,2,0,2,13,9,4,0,0,0,44,31,13,2,1,1,3,2,1,1,1,0
122931,52,Business Management and Administrative Services,1452,817,635,3,3,0,282,112,170,29,15,14,199,121,78,3,1,2,703,450,253,87,42,45,59,27,32,87,46,41
122977,13,Education,102,13,89,0,0,0,5,1,4,9,2,7,63,6,57,0,0,0,17,1,16,5,3,2,1,0,1,2,0,2
122977,14,Engineering,23,22,1,1,1,0,3,3,0,1,1,0,12,11,1,0,0,0,6,6,0,0,0,0,0,0,0,0,0,0
122977,26,Biological Sciences/LifeSciences,27,9,18,0,0,0,2,2,0,3,0,3,15,5,10,1,1,0,6,1,5,0,0,0,0,0,0,0,0,0
122977,27,Mathematics,540,378,162,0,0,0,62,38,24,31,21,10,214,155,59,1,1,0,112,82,30,22,15,7,7,7,0,91,59,32
122977,40,Physical Sciences,6,2,4,0,0,0,1,0,1,0,0,0,4,1,3,0,0,0,1,1,0,0,0,0,0,0,0,0,0,0
122977,52,Business Management and Administrative Services,6053,3512,2541,11,8,3,679,372,307,505,288,217,1772,992,780,14,5,9,1483,873,610,215,126,89,39,21,18,1335,827,508
123165,14,Engineering,2,0,2,0,0,0,0,0,0,0,0,0,1,0,1,0,0,0,0,0,0,0,0,0,1,0,1,0,0,0
123165,26,Biological Sciences/LifeSciences,97,0,97,0,0,0,21,0,21,4,0,4,6,0,6,0,0,0,41,0,41,13,0,13,8,0,8,4,0,4
123165,27,Mathematics,6,0,6,0,0,0,0,0,0,0,0,0,0,0,0,0,0,0,4,0,4,1,0,1,0,0,0,1,0,1
123165,40,Physical Sciences,11,0,11,0,0,0,0,0,0,0,0,0,2,0,2,0,0,0,8,0,8,0,0,0,1,0,1,0,0,0
123165,52,Business Management and Administrative Services,15,0,15,0,0,0,3,0,3,0,0,0,2,0,2,0,0,0,9,0,9,1,0,1,0,0,0,0,0,0
123280,13,Education,4,1,3,0,0,0,0,0,0,1,0,1,0,0,0,0,0,0,3,1,2,0,0,0,0,0,0,0,0,0
123457,13,Education,16,10,6,0,0,0,0,0,0,0,0,0,2,1,1,0,0,0,12,8,4,0,0,0,1,1,0,1,0,1
123457,26,Biological Sciences/LifeSciences,41,12,29,0,0,0,1,0,1,1,1,0,8,2,6,0,0,0,26,7,19,3,1,2,2,1,1,0,0,0
123457,27,Mathematics,7,3,4,0,0,0,0,0,0,0,0,0,2,1,1,0,0,0,5,2,3,0,0,0,0,0,0,0,0,0
123457,52,Business Management and Administrative Services,192,99,93,10,3,7,8,6,2,10,8,2,33,18,15,1,1,0,104,53,51,2,1,1,21,7,14,3,2,1
123509,27,Mathematics,100,75,25,0,0,0,48,38,10,3,1,2,25,16,9,1,1,0,10,8,2,5,5,0,1,1,0,7,5,2
123509,40,Physical Sciences,30,23,7,0,0,0,15,11,4,0,0,0,5,3,2,1,0,1,6,6,0,2,2,0,0,0,0,1,1,0
123509,52,Business Management and Administrative Services,548,281,267,1,0,1,249,126,123,12,4,8,137,69,68,6,4,2,76,44,32,39,19,20,6,1,5,22,14,8
123554,14,Engineering,22,16,6,0,0,0,7,5,2,2,2,0,1,1,0,0,0,0,8,5,3,3,2,1,1,1,0,0,0,0
123554,26,Biological Sciences/LifeSciences,169,56,113,0,0,0,38,11,27,9,2,7,42,16,26,1,1,0,61,19,42,8,4,4,7,3,4,3,0,3
123554,27,Mathematics,33,18,15,0,0,0,6,4,2,0,0,0,9,6,3,0,0,0,8,8,0,7,0,7,2,0,2,1,0,1
123554,40,Physical Sciences,19,13,6,0,0,0,3,2,1,0,0,0,4,4,0,0,0,0,8,5,3,2,1,1,2,1,1,0,0,0
123554,52,Business Management and Administrative Services,692,401,291,6,3,3,83,53,30,20,11,9,150,89,61,6,3,3,338,193,145,45,23,22,20,12,8,24,14,10
123572,13,Education,405,32,373,0,0,0,24,2,22,6,3,3,137,8,129,1,0,1,186,17,169,17,1,16,28,0,28,6,1,5
123572,14,Engineering,111,98,13,0,0,0,13,12,1,4,3,1,40,39,1,0,0,0,42,35,7,4,2,2,3,2,1,5,5,0
123572,26,Biological Sciences/LifeSciences,493,153,340,0,0,0,37,14,23,11,2,9,147,45,102,1,0,1,222,67,155,40,15,25,18,7,11,17,3,14
123572,27,Mathematics,114,58,56,1,1,0,5,4,1,2,2,0,31,14,17,1,0,1,49,21,28,9,7,2,13,8,5,3,1,2
123572,40,Physical Sciences,192,109,83,0,0,0,6,2,4,5,2,3,54,29,25,0,0,0,86,56,30,20,8,12,18,11,7,3,1,2
123572,52,Business Management and Administrative Services,1315,685,630,5,4,1,76,42,34,25,16,9,359,155,204,4,3,1,650,366,284,83,40,43,88,47,41,25,12,13
123651,13,Education,165,12,153,0,0,0,4,0,4,9,0,9,46,3,43,0,0,0,81,7,74,5,2,3,20,0,20,0,0,0
123651,26,Biological Sciences/LifeSciences,106,28,78,0,0,0,5,1,4,4,2,2,54,14,40,2,0,2,29,9,20,7,1,6,4,1,3,1,0,1
123651,27,Mathematics,13,5,8,0,0,0,0,0,0,0,0,0,6,3,3,0,0,0,7,2,5,0,0,0,0,0,0,0,0,0
123651,40,Physical Sciences,6,5,1,0,0,0,1,1,0,0,0,0,3,3,0,0,0,0,2,1,1,0,0,0,0,0,0,0,0,0
123651,52,Business Management and Administrative Services,319,177,142,0,0,0,9,4,5,15,8,7,106,54,52,2,2,0,154,91,63,18,8,10,14,10,4,1,0,1
123961,14,Engineering,1877,1192,685,1,1,0,431,271,160,46,26,20,302,195,107,3,3,0,700,420,280,91,54,37,24,14,10,279,208,71
123961,26,Biological Sciences/LifeSciences,945,427,518,0,0,0,371,166,205,33,17,16,118,60,58,4,3,1,297,127,170,57,23,34,11,4,7,54,27,27
123961,27,Mathematics,404,239,165,0,0,0,92,55,37,11,7,4,51,34,17,0,0,0,103,61,42,12,8,4,4,3,1,131,71,60
123961,40,Physical Sciences,184,111,73,0,0,0,44,21,23,8,6,2,33,23,10,0,0,0,61,39,22,11,6,5,1,0,1,26,16,10
123961,52,Business Management and Administrative Services,4078,2327,1751,4,4,0,966,491,475,117,65,52,407,250,157,7,3,4,1490,943,547,164,86,78,45,27,18,878,458,420
125231,13,Education,62,23,39,0,0,0,1,0,1,20,4,16,2,0,2,0,0,0,28,15,13,1,1,0,8,3,5,2,0,2
125231,52,Business Management and Administrative Services,1558,526,1032,5,0,5,16,9,7,531,162,369,52,18,34,3,0,3,343,114,229,30,10,20,549,205,344,29,8,21
125727,13,Education,10,2,8,2,0,2,2,1,1,0,0,0,1,0,1,0,0,0,5,1,4,0,0,0,0,0,0,0,0,0
125727,14,Engineering,7,5,2,0,0,0,0,0,0,0,0,0,1,0,1,0,0,0,6,5,1,0,0,0,0,0,0,0,0,0
125727,26,Biological Sciences/LifeSciences,54,18,36,0,0,0,5,2,3,0,0,0,10,4,6,0,0,0,32,11,21,5,1,4,2,0,2,0,0,0
125727,27,Mathematics,9,5,4,0,0,0,0,0,0,0,0,0,0,0,0,0,0,0,8,4,4,1,1,0,0,0,0,0,0,0
125727,40,Physical Sciences,13,8,5,0,0,0,1,0,1,0,0,0,1,1,0,5,5,0,4,0,4,1,1,0,0,0,0,1,1,0
125727,52,Business Management and Administrative Services,84,52,32,0,0,0,7,3,4,4,3,1,11,5,6,0,0,0,52,36,16,5,2,3,3,2,1,2,1,1
125763,14,Engineering,13,9,4,0,0,0,1,1,0,1,0,1,4,3,1,1,1,0,4,3,1,1,0,1,0,0,0,1,1,0
125763,26,Biological Sciences/LifeSciences,177,69,108,0,0,0,18,11,7,10,2,8,92,30,62,2,0,2,45,22,23,5,1,4,0,0,0,5,3,2
125763,27,Mathematics,28,11,17,0,0,0,2,0,2,0,0,0,14,8,6,0,0,0,8,2,6,1,0,1,1,0,1,2,1,1
125763,40,Physical Sciences,35,18,17,0,0,0,6,3,3,1,0,1,12,6,6,0,0,0,12,8,4,3,0,3,0,0,0,1,1,0
125763,52,Business Management and Administrative Services,270,169,101,1,1,0,22,16,6,9,4,5,110,60,50,1,0,1,97,68,29,13,6,7,3,3,0,14,11,3
125897,52,Business Management and Administrative Services,296,150,146,0,0,0,29,15,14,7,2,5,52,19,33,1,1,0,112,44,68,4,0,4,4,3,1,87,66,21
126182,26,Biological Sciences/LifeSciences,114,57,57,1,1,0,0,0,0,1,1,0,48,17,31,1,0,1,55,31,24,6,5,1,2,2,0,0,0,0
126182,27,Mathematics,58,49,9,1,1,0,2,2,0,4,4,0,13,11,2,0,0,0,34,27,7,3,3,0,1,1,0,0,0,0
126182,40,Physical Sciences,59,36,23,0,0,0,0,0,0,2,2,0,18,15,3,1,1,0,34,18,16,1,0,1,3,0,3,0,0,0
126182,52,Business Management and Administrative Services,452,285,167,7,5,2,8,7,1,39,29,10,136,65,71,2,1,1,225,150,75,12,7,5,23,21,2,0,0,0
126562,13,Education,218,22,196,2,0,2,10,1,9,7,1,6,73,4,69,0,0,0,110,15,95,9,1,8,4,0,4,3,0,3
126562,14,Engineering,1090,899,191,5,5,0,121,94,27,66,52,14,170,131,39,1,1,0,575,487,88,48,39,9,35,26,9,69,64,5
126562,26,Biological Sciences/LifeSciences,1194,431,763,2,0,2,247,75,172,68,28,40,222,77,145,2,0,2,542,200,342,65,27,38,25,13,12,21,11,10
126562,27,Mathematics,122,68,54,0,0,0,12,7,5,6,3,3,19,8,11,0,0,0,71,43,28,5,3,2,5,2,3,4,2,2
126562,40,Physical Sciences,238,120,118,1,1,0,31,11,20,10,3,7,49,23,26,2,0,2,120,68,52,17,11,6,6,3,3,2,0,2
126562,52,Business Management and Administrative Services,1818,1053,765,4,2,2,223,110,113,76,37,39,379,193,186,2,1,1,876,533,343,85,44,41,39,21,18,134,112,22
126580,13,Education,234,26,208,0,0,0,5,0,5,7,1,6,32,3,29,0,0,0,168,19,149,8,0,8,14,3,11,0,0,0
126580,14,Engineering,853,732,121,2,2,0,34,29,5,21,19,2,142,122,20,3,2,1,550,471,79,52,44,8,13,10,3,36,33,3
126580,26,Biological Sciences/LifeSciences,985,361,624,4,2,2,31,13,18,35,11,24,207,74,133,3,1,2,608,233,375,78,23,55,16,4,12,3,0,3
126580,27,Mathematics,135,70,65,0,0,0,3,1,2,5,1,4,21,10,11,0,0,0,94,53,41,7,3,4,3,1,2,2,1,1
126580,40,Physical Sciences,186,123,63,0,0,0,6,3,3,6,4,2,25,18,7,0,0,0,130,85,45,11,8,3,6,4,2,2,1,1
126580,52,Business Management and Administrative Services,1103,650,453,5,2,3,44,23,21,28,7,21,159,90,69,6,4,2,759,460,299,77,47,30,9,8,1,16,9,7
126614,13,Education,51,20,31,0,0,0,2,0,2,0,0,0,4,3,1,0,0,0,42,16,26,3,1,2,0,0,0,0,0,0
126614,14,Engineering,3887,2869,1018,8,8,0,263,179,84,34,23,11,433,323,110,0,0,0,2454,1818,636,174,127,47,25,15,10,496,376,120
126614,26,Biological Sciences/LifeSciences,3797,1467,2330,11,2,9,341,125,216,88,32,56,445,172,273,3,1,2,2569,998,1571,203,71,132,22,15,7,115,51,64
126614,27,Mathematics,423,289,134,0,0,0,22,10,12,2,2,0,45,26,19,0,0,0,243,168,75,11,6,5,6,4,2,94,73,21
126614,40,Physical Sciences,1165,859,306,3,2,1,48,30,18,14,11,3,98,66,32,1,1,0,746,553,193,52,30,22,20,16,4,183,150,33
126614,52,Business Management and Administrative Services,3426,2167,1259,4,4,0,169,82,87,50,31,19,348,208,140,1,1,0,2472,1619,853,162,99,63,13,8,5,207,115,92
126669,13,Education,263,25,238,0,0,0,2,1,1,5,0,5,24,1,23,0,0,0,216,21,195,11,1,10,5,1,4,0,0,0
126669,26,Biological Sciences/LifeSciences,41,15,26,0,0,0,0,0,0,1,0,1,4,1,3,0,0,0,31,11,20,4,3,1,1,0,1,0,0,0
126669,52,Business Management and Administrative Services,1160,496,664,8,3,5,18,6,12,133,40,93,163,64,99,7,3,4,752,344,408,44,20,24,35,16,19,0,0,0
126678,13,Education,15,4,11,0,0,0,2,0,2,1,1,0,2,1,1,0,0,0,9,2,7,1,0,1,0,0,0,0,0,0
126678,26,Biological Sciences/LifeSciences,140,55,85,1,1,0,10,5,5,4,0,4,10,5,5,0,0,0,90,35,55,16,4,12,3,2,1,6,3,3
126678,27,Mathematics,18,9,9,0,0,0,1,1,0,0,0,0,1,1,0,0,0,0,10,4,6,3,2,1,0,0,0,3,1,2
126678,40,Physical Sciences,60,44,16,0,0,0,0,0,0,2,0,2,9,8,1,0,0,0,36,27,9,1,1,0,1,1,0,11,7,4
126702,52,Business Management and Administrative Services,47,5,42,0,0,0,2,0,2,5,0,5,8,2,6,0,0,0,22,2,20,1,0,1,7,1,6,2,0,2
126711,13,Education,90,3,87,0,0,0,1,0,1,2,0,2,20,0,20,0,0,0,62,3,59,0,0,0,5,0,5,0,0,0
126711,52,Business Management and Administrative Services,717,392,325,3,1,2,8,4,4,9,5,4,114,39,75,0,0,0,534,320,214,14,7,7,34,15,19,1,1,0
126775,14,Engineering,3928,2835,1093,10,8,2,179,107,72,37,33,4,287,195,92,3,2,1,2918,2148,770,210,143,67,19,14,5,265,185,80
126775,27,Mathematics,118,73,45,0,0,0,0,0,0,1,0,1,4,4,0,1,0,1,102,64,38,7,4,3,2,1,1,1,0,1
126775,40,Physical Sciences,72,27,45,0,0,0,1,1,0,0,0,0,7,3,4,0,0,0,56,20,36,7,3,4,1,0,1,0,0,0
126818,13,Education,100,13,87,0,0,0,2,0,2,1,0,1,8,2,6,0,0,0,87,11,76,1,0,1,1,0,1,0,0,0
126818,14,Engineering,2661,1990,671,11,5,6,51,27,24,30,22,8,232,176,56,2,0,2,1978,1481,497,82,52,30,86,69,17,189,158,31
126818,26,Biological Sciences/LifeSciences,3285,1166,2119,16,5,11,103,23,80,83,31,52,411,143,268,3,1,2,2418,872,1546,118,38,80,74,27,47,59,26,33
126818,27,Mathematics,249,150,99,0,0,0,9,6,3,3,2,1,24,15,9,0,0,0,172,101,71,9,5,4,6,5,1,26,16,10
126818,40,Physical Sciences,379,253,126,1,1,0,12,4,8,3,0,3,41,28,13,0,0,0,283,195,88,6,3,3,13,9,4,20,13,7
126818,52,Business Management and Administrative Services,2483,1454,1029,5,2,3,61,21,40,34,21,13,254,148,106,1,1,0,1849,1107,742,80,44,36,63,39,24,136,71,65
126827,14,Engineering,80,68,12,1,1,0,0,0,0,13,12,1,3,3,0,1,0,1,45,38,7,0,0,0,17,14,3,0,0,0
126827,52,Business Management and Administrative Services,10395,3641,6754,124,42,82,67,30,37,3691,1177,2514,424,170,254,54,14,40,4088,1522,2566,428,142,286,1511,539,972,8,5,3
126872,52,Business Management and Administrative Services,33,6,27,1,0,1,1,0,1,7,2,5,14,3,11,0,0,0,5,1,4,5,0,5,0,0,0,0,0,0
127060,14,Engineering,311,241,70,2,2,0,20,14,6,3,1,2,32,24,8,1,0,1,199,157,42,11,7,4,6,4,2,37,32,5
127060,26,Biological Sciences/LifeSciences,561,156,405,1,0,1,46,11,35,14,5,9,54,16,38,0,0,0,391,109,282,23,4,19,14,5,9,18,6,12
127060,27,Mathematics,69,30,39,1,1,0,8,1,7,1,1,0,3,1,2,0,0,0,28,9,19,2,0,2,1,0,1,25,17,8
127060,40,Physical Sciences,116,66,50,1,1,0,11,3,8,2,2,0,7,5,2,0,0,0,83,47,36,4,3,1,3,1,2,5,4,1
127060,52,Business Management and Administrative Services,1594,793,801,3,1,2,64,19,45,33,14,19,149,66,83,1,1,0,1080,572,508,48,21,27,38,13,25,178,86,92
127185,13,Education,107,17,90,27,1,26,1,1,0,1,0,1,9,2,7,0,0,0,55,8,47,7,0,7,7,5,2,0,0,0
127185,14,Engineering,239,196,43,70,50,20,3,2,1,1,1,0,36,30,6,0,0,0,102,89,13,18,15,3,7,7,0,2,2,0
127185,26,Biological Sciences/LifeSciences,253,96,157,67,21,46,1,0,1,1,0,1,36,14,22,0,0,0,122,49,73,19,9,10,5,2,3,2,1,1
127185,27,Mathematics,41,23,18,10,5,5,1,0,1,0,0,0,5,2,3,0,0,0,21,14,7,3,1,2,0,0,0,1,1,0
127185,40,Physical Sciences,221,140,81,37,18,19,0,0,0,0,0,0,25,20,5,0,0,0,139,92,47,13,7,6,7,3,4,0,0,0
127185,52,Business Management and Administrative Services,602,381,221,136,62,74,3,0,3,3,3,0,64,38,26,0,0,0,312,217,95,49,31,18,19,15,4,16,15,1
127556,13,Education,21,5,16,0,0,0,0,0,0,0,0,0,4,1,3,1,0,1,13,3,10,3,1,2,0,0,0,0,0,0
127556,26,Biological Sciences/LifeSciences,486,179,307,1,0,1,8,3,5,8,6,2,81,29,52,2,0,2,349,131,218,18,3,15,15,5,10,4,2,2
127556,27,Mathematics,65,29,36,0,0,0,2,0,2,0,0,0,14,6,8,1,0,1,41,17,24,4,3,1,3,3,0,0,0,0
127556,40,Physical Sciences,185,115,70,0,0,0,2,1,1,1,0,1,17,13,4,0,0,0,151,92,59,6,5,1,8,4,4,0,0,0
127556,52,Business Management and Administrative Services,475,264,211,3,2,1,8,4,4,5,4,1,58,36,22,1,0,1,369,202,167,19,9,10,7,4,3,5,3,2
127565,13,Education,637,111,526,0,0,0,15,2,13,30,4,26,150,25,125,2,1,1,399,70,329,29,6,23,11,3,8,1,0,1
127565,26,Biological Sciences/LifeSciences,1336,465,871,4,1,3,81,26,55,83,27,56,340,110,230,2,0,2,706,253,453,72,26,46,40,21,19,8,1,7
127565,27,Mathematics,201,119,82,1,1,0,7,6,1,8,6,2,43,19,24,1,1,0,119,72,47,10,8,2,11,6,5,1,0,1
127565,40,Physical Sciences,367,203,164,2,0,2,19,10,9,17,5,12,88,49,39,2,1,1,210,121,89,13,7,6,12,8,4,4,2,2
127565,52,Business Management and Administrative Services,3692,2095,1597,11,6,5,209,110,99,230,146,84,882,478,404,7,4,3,2071,1179,892,139,87,52,112,72,40,31,13,18
127653,13,Education,12,1,11,0,0,0,0,0,0,0,0,0,1,0,1,0,0,0,8,1,7,1,0,1,1,0,1,1,0,1
127680,52,Business Management and Administrative Services,195,84,111,2,0,2,7,4,3,40,19,21,32,18,14,4,4,0,98,37,61,1,0,1,10,2,8,1,0,1
127714,13,Education,20,1,19,0,0,0,0,0,0,3,0,3,3,0,3,0,0,0,13,1,12,1,0,1,0,0,0,0,0,0
127741,13,Education,1176,128,1048,4,0,4,20,4,16,18,2,16,226,31,195,1,0,1,749,73,676,38,4,34,116,14,102,4,0,4
127741,14,Engineering,72,66,6,0,0,0,1,1,0,2,2,0,12,10,2,0,0,0,37,34,3,6,5,1,13,13,0,1,1,0
127741,26,Biological Sciences/LifeSciences,419,144,275,1,0,1,9,3,6,20,10,10,97,26,71,0,0,0,231,82,149,24,10,14,28,10,18,9,3,6
127741,27,Mathematics,116,56,60,1,1,0,4,2,2,2,0,2,16,8,8,0,0,0,62,28,34,8,3,5,20,12,8,3,2,1
127741,40,Physical Sciences,349,206,143,3,1,2,3,0,3,9,4,5,66,42,24,0,0,0,213,126,87,12,7,5,38,24,14,5,2,3
127741,52,Business Management and Administrative Services,972,609,363,0,0,0,28,14,14,26,16,10,177,111,66,3,3,0,596,370,226,35,20,15,83,54,29,24,21,3
127884,52,Business Management and Administrative Services,175,57,118,2,0,2,1,0,1,5,3,2,61,15,46,1,0,1,101,37,64,3,2,1,0,0,0,1,0,1
127909,13,Education,157,3,154,0,0,0,3,0,3,3,0,3,38,1,37,0,0,0,106,2,104,2,0,2,1,0,1,4,0,4
127909,52,Business Management and Administrative Services,394,169,225,3,1,2,12,5,7,14,6,8,80,35,45,1,1,0,249,106,143,13,7,6,19,7,12,3,1,2
127918,13,Education,82,11,71,0,0,0,1,0,1,1,0,1,20,3,17,1,0,1,55,8,47,3,0,3,0,0,0,1,0,1
127918,26,Biological Sciences/LifeSciences,183,54,129,0,0,0,22,4,18,9,3,6,32,11,21,1,0,1,95,27,68,12,3,9,11,5,6,1,1,0
127918,27,Mathematics,24,8,16,1,0,1,3,0,3,0,0,0,4,0,4,0,0,0,13,7,6,1,0,1,2,1,1,0,0,0
127918,40,Physical Sciences,17,13,4,0,0,0,2,1,1,0,0,0,4,4,0,0,0,0,8,6,2,1,1,0,1,1,0,1,0,1
127918,52,Business Management and Administrative Services,924,408,516,2,0,2,37,14,23,57,25,32,201,71,130,1,1,0,513,242,271,33,13,20,64,31,33,16,11,5
127945,13,Education,34,4,30,1,0,1,1,0,1,1,0,1,5,1,4,0,0,0,19,1,18,2,1,1,4,1,3,1,0,1
128106,14,Engineering,170,137,33,0,0,0,2,1,1,7,6,1,47,37,10,1,1,0,86,68,18,7,6,1,5,4,1,15,14,1
128106,26,Biological Sciences/LifeSciences,299,119,180,1,0,1,5,1,4,16,9,7,95,35,60,1,1,0,150,63,87,19,5,14,6,3,3,6,2,4
128106,27,Mathematics,44,20,24,0,0,0,0,0,0,1,1,0,14,7,7,0,0,0,22,9,13,3,1,2,0,0,0,4,2,2
128106,40,Physical Sciences,103,53,50,0,0,0,1,1,0,7,1,6,34,23,11,0,0,0,47,20,27,8,5,3,3,0,3,3,3,0
128106,52,Business Management and Administrative Services,663,452,211,2,1,1,13,7,6,53,38,15,193,122,71,3,1,2,316,218,98,26,23,3,29,20,9,28,22,6
128328,14,Engineering,745,640,105,1,1,0,26,24,2,28,22,6,69,63,6,6,6,0,521,450,71,56,40,16,18,16,2,20,18,2
128328,26,Biological Sciences/LifeSciences,202,99,103,1,1,0,11,7,4,7,4,3,27,12,15,1,1,0,127,61,66,16,6,10,11,7,4,1,0,1
128328,27,Mathematics,26,19,7,0,0,0,1,1,0,0,0,0,3,2,1,0,0,0,21,16,5,0,0,0,1,0,1,0,0,0
128328,40,Physical Sciences,68,51,17,0,0,0,2,2,0,0,0,0,5,4,1,0,0,0,55,39,16,2,2,0,3,3,0,1,1,0
128328,52,Business Management and Administrative Services,577,505,72,3,3,0,20,14,6,53,47,6,57,47,10,1,0,1,344,299,45,44,40,4,52,52,0,3,3,0
128391,13,Education,50,10,40,0,0,0,0,0,0,1,0,1,5,0,5,0,0,0,41,10,31,1,0,1,2,0,2,0,0,0
128391,26,Biological Sciences/LifeSciences,238,123,115,2,1,1,2,1,1,2,1,1,29,18,11,0,0,0,170,85,85,8,3,5,24,13,11,1,1,0
128391,27,Mathematics,34,23,11,0,0,0,0,0,0,0,0,0,4,3,1,1,1,0,26,17,9,1,1,0,2,1,1,0,0,0
128391,40,Physical Sciences,91,62,29,0,0,0,1,0,1,0,0,0,5,3,2,0,0,0,71,47,24,4,3,1,10,9,1,0,0,0
128391,52,Business Management and Administrative Services,395,290,105,2,2,0,4,3,1,11,10,1,43,24,19,2,1,1,283,216,67,15,10,5,31,20,11,4,4,0
128498,13,Education,15,2,13,0,0,0,0,0,0,3,0,3,1,0,1,0,0,0,9,2,7,0,0,0,1,0,1,1,0,1
128498,26,Biological Sciences/LifeSciences,30,4,26,0,0,0,1,0,1,6,0,6,4,0,4,0,0,0,15,3,12,1,1,0,2,0,2,1,0,1
128498,52,Business Management and Administrative Services,382,153,229,1,1,0,3,3,0,131,33,98,70,30,40,0,0,0,139,66,73,3,2,1,30,15,15,5,3,2
128683,52,Business Management and Administrative Services,35,15,20,0,0,0,0,0,0,15,6,9,6,1,5,0,0,0,8,5,3,4,1,3,2,2,0,0,0,0
128744,14,Engineering,143,128,15,2,2,0,5,4,1,13,13,0,9,9,0,0,0,0,11,10,1,1,1,0,0,0,0,102,89,13
128744,26,Biological Sciences/LifeSciences,115,36,79,2,2,0,5,3,2,45,11,34,24,5,19,0,0,0,25,9,16,5,1,4,0,0,0,9,5,4
128744,27,Mathematics,15,7,8,0,0,0,3,1,2,1,0,1,0,0,0,1,0,1,2,1,1,2,1,1,0,0,0,6,4,2
128744,52,Business Management and Administrative Services,374,174,200,6,1,5,12,4,8,98,39,59,53,18,35,1,1,0,52,17,35,8,2,6,0,0,0,144,92,52
128771,13,Education,640,170,470,0,0,0,12,1,11,26,13,13,70,11,59,1,0,1,499,132,367,14,5,9,17,8,9,1,0,1
128771,14,Engineering,448,400,48,0,0,0,42,37,5,31,26,5,56,47,9,2,2,0,275,250,25,10,9,1,12,12,0,20,17,3
128771,26,Biological Sciences/LifeSciences,590,220,370,3,2,1,28,9,19,109,36,73,75,30,45,0,0,0,323,129,194,25,6,19,15,5,10,12,3,9
128771,27,Mathematics,164,93,71,0,0,0,6,1,5,14,8,6,13,8,5,0,0,0,126,74,52,1,1,0,3,0,3,1,1,0
128771,40,Physical Sciences,140,96,44,0,0,0,7,5,2,7,4,3,9,6,3,0,0,0,109,77,32,4,3,1,3,1,2,1,0,1
128771,52,Business Management and Administrative Services,2003,1273,730,5,3,2,108,59,49,240,134,106,238,143,95,1,0,1,1280,852,428,59,41,18,39,25,14,33,16,17
128780,13,Education,2,0,2,0,0,0,0,0,0,1,0,1,0,0,0,0,0,0,0,0,0,0,0,0,1,0,1,0,0,0
128780,52,Business Management and Administrative Services,210,96,114,0,0,0,4,1,3,33,8,25,24,6,18,0,0,0,131,69,62,5,2,3,12,9,3,1,1,0
128902,26,Biological Sciences/LifeSciences,124,38,86,0,0,0,3,0,3,1,1,0,9,5,4,0,0,0,103,30,73,3,1,2,3,0,3,2,1,1
128902,27,Mathematics,43,23,20,0,0,0,5,3,2,0,0,0,2,2,0,0,0,0,23,11,12,1,0,1,0,0,0,12,7,5
128902,40,Physical Sciences,30,21,9,0,0,0,3,1,2,0,0,0,1,1,0,0,0,0,19,15,4,2,1,1,2,1,1,3,2,1
129020,13,Education,215,68,147,0,0,0,12,1,11,10,4,6,13,3,10,0,0,0,156,50,106,7,1,6,12,6,6,5,3,2
129020,14,Engineering,2785,2098,687,3,1,2,338,238,100,89,71,18,221,167,54,1,1,0,1808,1364,444,63,49,14,165,132,33,97,75,22
129020,26,Biological Sciences/LifeSciences,2079,790,1289,5,2,3,432,172,260,145,47,98,214,74,140,1,0,1,1059,413,646,72,21,51,98,39,59,53,22,31
129020,27,Mathematics,458,266,192,1,0,1,45,33,12,12,9,3,30,17,13,0,0,0,225,122,103,8,4,4,26,12,14,111,69,42
129020,40,Physical Sciences,366,258,108,0,0,0,38,24,14,12,9,3,28,19,9,0,0,0,216,161,55,12,7,5,21,9,12,39,29,10
129020,52,Business Management and Administrative Services,2063,1225,838,1,1,0,227,118,109,65,28,37,130,71,59,1,0,1,1253,805,448,49,29,20,101,65,36,236,108,128
129154,52,Business Management and Administrative Services,184,61,123,0,0,0,2,1,1,42,16,26,48,14,34,0,0,0,78,26,52,5,0,5,3,2,1,6,2,4
129215,13,Education,267,97,170,2,0,2,3,1,2,5,3,2,19,11,8,0,0,0,195,75,120,4,2,2,39,5,34,0,0,0
129215,26,Biological Sciences/LifeSciences,315,121,194,0,0,0,9,2,7,31,9,22,41,15,26,0,0,0,184,78,106,12,8,4,32,7,25,6,2,4
129215,27,Mathematics,52,33,19,0,0,0,1,0,1,6,5,1,6,4,2,0,0,0,32,20,12,2,2,0,3,0,3,2,2,0
129215,40,Physical Sciences,97,61,36,1,1,0,0,0,0,6,3,3,6,3,3,1,1,0,70,42,28,3,2,1,10,9,1,0,0,0
129215,52,Business Management and Administrative Services,710,422,288,1,0,1,24,15,9,37,28,9,77,44,33,0,0,0,493,291,202,20,8,12,52,31,21,6,5,1
129242,14,Engineering,269,210,59,0,0,0,13,8,5,12,8,4,29,22,7,0,0,0,177,140,37,1,1,0,18,14,4,19,17,2
129242,26,Biological Sciences/LifeSciences,237,66,171,0,0,0,7,1,6,8,4,4,13,2,11,0,0,0,178,53,125,6,1,5,11,3,8,14,2,12
129242,27,Mathematics,66,25,41,0,0,0,4,1,3,0,0,0,5,3,2,0,0,0,50,16,34,0,0,0,7,5,2,0,0,0
129242,40,Physical Sciences,26,14,12,0,0,0,0,0,0,2,1,1,3,2,1,0,0,0,19,11,8,1,0,1,0,0,0,1,0,1
129242,52,Business Management and Administrative Services,1529,858,671,1,0,1,27,15,12,24,9,15,98,57,41,1,0,1,1235,694,541,19,11,8,77,43,34,47,29,18
129525,13,Education,261,36,225,2,0,2,6,3,3,20,3,17,26,4,22,0,0,0,195,24,171,5,1,4,4,1,3,3,0,3
129525,14,Engineering,669,552,117,0,0,0,21,12,9,61,49,12,58,38,20,0,0,0,324,267,57,15,8,7,16,12,4,174,166,8
129525,26,Biological Sciences/LifeSciences,122,34,88,0,0,0,5,0,5,35,5,30,18,10,8,0,0,0,52,16,36,4,0,4,6,2,4,2,1,1
129525,27,Mathematics,25,19,6,1,1,0,1,1,0,3,2,1,4,3,1,0,0,0,16,12,4,0,0,0,0,0,0,0,0,0
129525,40,Physical Sciences,66,23,43,0,0,0,5,3,2,14,2,12,2,0,2,0,0,0,33,14,19,7,3,4,3,0,3,2,1,1
129525,52,Business Management and Administrative Services,635,411,224,1,1,0,16,9,7,105,73,32,59,28,31,1,1,0,376,246,130,11,8,3,23,15,8,43,30,13
129774,13,Education,34,4,30,0,0,0,2,0,2,2,0,2,3,0,3,0,0,0,24,4,20,0,0,0,3,0,3,0,0,0
129774,52,Business Management and Administrative Services,97,66,31,2,1,1,1,1,0,13,8,5,11,6,5,0,0,0,50,35,15,4,2,2,16,13,3,0,0,0
129941,14,Engineering,564,493,71,0,0,0,16,15,1,57,48,9,54,45,9,0,0,0,278,238,40,2,2,0,25,22,3,132,123,9
129941,26,Biological Sciences/LifeSciences,291,82,209,0,0,0,14,3,11,52,15,37,33,10,23,1,0,1,160,42,118,5,1,4,22,10,12,4,1,3
129941,27,Mathematics,11,5,6,0,0,0,1,1,0,0,0,0,0,0,0,0,0,0,4,1,3,0,0,0,4,1,3,2,2,0
129941,40,Physical Sciences,18,10,8,0,0,0,1,0,1,2,0,2,2,1,1,0,0,0,10,7,3,0,0,0,2,1,1,1,1,0
129941,52,Business Management and Administrative Services,476,310,166,0,0,0,16,9,7,81,51,30,43,25,18,1,1,0,285,191,94,3,2,1,24,16,8,23,15,8
130183,13,Education,2,0,2,0,0,0,0,0,0,1,0,1,0,0,0,0,0,0,1,0,1,0,0,0,0,0,0,0,0,0
130183,26,Biological Sciences/LifeSciences,44,12,32,0,0,0,2,0,2,5,2,3,5,1,4,0,0,0,15,3,12,0,0,0,17,6,11,0,0,0
130183,52,Business Management and Administrative Services,3824,978,2846,29,4,25,18,2,16,1061,242,819,256,62,194,9,2,7,1600,404,1196,214,41,173,634,219,415,3,2,1
130226,14,Engineering,242,192,50,0,0,0,7,5,2,15,13,2,32,28,4,0,0,0,161,126,35,9,6,3,9,7,2,9,7,2
130226,26,Biological Sciences/LifeSciences,411,147,264,1,0,1,26,11,15,44,10,34,42,15,27,0,0,0,268,100,168,13,3,10,8,5,3,9,3,6
130226,27,Mathematics,60,26,34,0,0,0,1,1,0,2,1,1,2,1,1,0,0,0,49,19,30,2,1,1,0,0,0,4,3,1
130226,40,Physical Sciences,24,11,13,0,0,0,1,0,1,1,0,1,2,1,1,0,0,0,17,9,8,1,1,0,1,0,1,1,0,1
130226,52,Business Management and Administrative Services,1607,1063,544,2,1,1,46,27,19,56,37,19,115,67,48,0,0,0,1243,842,401,37,23,14,48,32,16,60,34,26
130253,26,Biological Sciences/LifeSciences,175,55,120,0,0,0,4,1,3,8,4,4,19,8,11,0,0,0,125,38,87,2,0,2,17,4,13,0,0,0
130253,27,Mathematics,24,8,16,0,0,0,2,0,2,0,0,0,1,0,1,0,0,0,16,6,10,1,0,1,3,1,2,1,1,0
130253,40,Physical Sciences,19,8,11,0,0,0,1,0,1,1,0,1,1,1,0,0,0,0,13,5,8,0,0,0,2,1,1,1,1,0
130253,52,Business Management and Administrative Services,946,533,413,2,1,1,21,8,13,26,17,9,94,46,48,1,1,0,671,382,289,16,12,4,89,47,42,26,19,7
130314,13,Education,27,0,27,0,0,0,0,0,0,2,0,2,3,0,3,0,0,0,19,0,19,1,0,1,2,0,2,0,0,0
130314,26,Biological Sciences/LifeSciences,96,0,96,0,0,0,15,0,15,12,0,12,15,0,15,0,0,0,45,0,45,2,0,2,7,0,7,0,0,0
130314,27,Mathematics,5,0,5,0,0,0,0,0,0,0,0,0,0,0,0,0,0,0,4,0,4,0,0,0,1,0,1,0,0,0
130314,40,Physical Sciences,7,0,7,0,0,0,0,0,0,0,0,0,1,0,1,0,0,0,6,0,6,0,0,0,0,0,0,0,0,0
130314,52,Business Management and Administrative Services,47,5,42,0,0,0,5,0,5,9,1,8,9,0,9,1,0,1,19,2,17,0,0,0,4,2,2,0,0,0
130493,13,Education,921,266,655,1,1,0,20,7,13,86,48,38,123,43,80,0,0,0,623,144,479,25,7,18,41,15,26,2,1,1
130493,26,Biological Sciences/LifeSciences,347,103,244,2,0,2,23,7,16,69,18,51,64,15,49,0,0,0,147,43,104,5,3,2,36,16,20,1,1,0
130493,27,Mathematics,74,30,44,0,0,0,3,1,2,7,3,4,10,3,7,0,0,0,44,19,25,2,0,2,8,4,4,0,0,0
130493,40,Physical Sciences,235,141,94,0,0,0,9,4,5,45,21,24,27,18,9,0,0,0,113,72,41,12,6,6,26,18,8,3,2,1
130493,52,Business Management and Administrative Services,1078,659,419,3,1,2,52,27,25,187,115,72,152,77,75,0,0,0,575,376,199,24,19,5,79,39,40,6,5,1
130590,13,Education,19,3,16,0,0,0,1,0,1,5,1,4,1,1,0,0,0,0,8,1,7,0,0,0,3,0,3,1,0,1
130590,14,Engineering,61,45,16,0,0,0,2,2,0,3,2,1,5,3,2,0,0,0,35,24,11,1,1,0,2,2,0,13,11,2
130590,26,Biological Sciences/LifeSciences,127,47,80,0,0,0,13,3,10,8,4,4,7,3,4,0,0,0,76,26,50,4,1,3,8,3,5,11,7,4
130590,27,Mathematics,46,29,17,0,0,0,4,2,2,0,0,0,1,0,1,0,0,0,26,20,6,1,0,1,3,1,2,11,6,5
130590,40,Physical Sciences,29,21,8,0,0,0,1,1,0,3,1,2,1,1,0,0,0,0,13,10,3,0,0,0,1,1,0,10,7,3
130624,14,Engineering,463,339,124,0,0,0,30,23,7,19,18,1,36,28,8,0,0,0,323,230,93,40,30,10,4,3,1,11,7,4
130624,27,Mathematics,90,52,38,0,0,0,7,4,3,2,1,1,12,7,5,0,0,0,57,34,23,5,3,2,3,0,3,4,3,1
130624,52,Business Management and Administrative Services,119,94,25,1,1,0,7,3,4,7,5,2,17,15,2,0,0,0,66,53,13,12,9,3,4,4,0,5,4,1
130697,26,Biological Sciences/LifeSciences,149,56,93,0,0,0,20,9,11,5,0,5,12,6,6,0,0,0,82,28,54,9,4,5,14,4,10,7,5,2
130697,27,Mathematics,89,59,30,0,0,0,14,11,3,4,1,3,7,4,3,0,0,0,41,25,16,1,0,1,0,0,0,22,18,4
130697,40,Physical Sciences,98,50,48,0,0,0,5,1,4,6,2,4,9,2,7,0,0,0,53,33,20,6,3,3,12,4,8,7,5,2
130776,13,Education,254,79,175,0,0,0,10,3,7,11,4,7,32,5,27,0,0,0,191,63,128,5,2,3,5,2,3,0,0,0
130776,26,Biological Sciences/LifeSciences,215,85,130,0,0,0,20,5,15,30,8,22,50,14,36,0,0,0,96,50,46,12,6,6,6,2,4,1,0,1
130776,27,Mathematics,39,24,15,0,0,0,3,2,1,2,2,0,6,3,3,0,0,0,25,16,9,0,0,0,2,1,1,1,0,1
130776,40,Physical Sciences,130,81,49,0,0,0,12,6,6,6,2,4,23,13,10,0,0,0,83,57,26,2,1,1,3,1,2,1,1,0
130776,52,Business Management and Administrative Services,1036,666,370,1,1,0,72,44,28,100,66,34,210,115,95,3,3,0,592,399,193,26,20,6,28,17,11,4,1,3
130794,14,Engineering,240,139,101,0,0,0,55,27,28,16,10,6,31,18,13,0,0,0,104,65,39,12,4,8,1,0,1,21,15,6
130794,26,Biological Sciences/LifeSciences,382,167,215,2,0,2,117,49,68,31,18,13,52,24,28,0,0,0,137,59,78,22,11,11,1,0,1,20,6,14
130794,27,Mathematics,164,115,49,0,0,0,37,25,12,4,3,1,15,6,9,0,0,0,71,56,15,9,6,3,1,0,1,27,19,8
130794,40,Physical Sciences,139,82,57,0,0,0,18,8,10,8,5,3,15,10,5,0,0,0,68,43,25,12,9,3,1,0,1,17,7,10
130907,13,Education,985,184,801,1,0,1,20,6,14,254,41,213,99,16,83,2,0,2,556,112,444,28,1,27,22,7,15,3,1,2
130907,14,Engineering,138,119,19,0,0,0,7,4,3,34,27,7,18,14,4,0,0,0,66,61,5,6,6,0,7,7,0,0,0,0
130907,26,Biological Sciences/LifeSciences,268,116,152,1,0,1,10,6,4,60,28,32,36,18,18,0,0,0,137,58,79,8,0,8,8,4,4,8,2,6
130907,52,Business Management and Administrative Services,1716,894,822,6,2,4,60,38,22,473,242,231,189,91,98,2,2,0,861,450,411,53,28,25,37,24,13,35,17,18
130934,13,Education,264,59,205,0,0,0,2,1,1,170,40,130,17,2,15,0,0,0,58,16,42,15,0,15,0,0,0,2,0,2
130934,14,Engineering,88,67,21,0,0,0,0,0,0,66,48,18,3,1,2,0,0,0,9,8,1,0,0,0,1,1,0,9,9,0
130934,26,Biological Sciences/LifeSciences,294,61,233,0,0,0,5,1,4,219,45,174,24,7,17,0,0,0,24,4,20,17,4,13,0,0,0,5,0,5
130934,27,Mathematics,9,4,5,0,0,0,1,0,1,8,4,4,0,0,0,0,0,0,0,0,0,0,0,0,0,0,0,0,0,0
130934,40,Physical Sciences,65,19,46,0,0,0,1,0,1,51,11,40,4,3,1,0,0,0,6,4,2,0,0,0,1,0,1,2,1,1
130934,52,Business Management and Administrative Services,483,232,251,1,0,1,1,1,0,382,182,200,23,11,12,1,0,1,25,13,12,22,11,11,6,5,1,22,9,13
130943,13,Education,1204,238,966,1,1,0,27,10,17,37,12,25,64,11,53,0,0,0,1014,193,821,31,4,27,16,5,11,14,2,12
130943,14,Engineering,2745,1845,900,2,1,1,193,134,59,136,89,47,167,118,49,4,3,1,1901,1273,628,65,42,23,90,39,51,187,146,41
130943,26,Biological Sciences/LifeSciences,1259,486,773,1,1,0,160,69,91,98,34,64,101,44,57,1,0,1,826,313,513,49,16,33,9,2,7,14,7,7
130943,27,Mathematics,177,116,61,0,0,0,10,9,1,8,6,2,5,3,2,0,0,0,102,63,39,2,1,1,2,1,1,48,33,15
130943,40,Physical Sciences,315,212,103,0,0,0,19,15,4,12,5,7,17,14,3,0,0,0,223,151,72,10,6,4,2,0,2,32,21,11
130943,52,Business Management and Administrative Services,2867,1576,1291,2,0,2,113,55,58,88,48,40,205,114,91,0,0,0,2105,1189,916,66,38,28,25,14,11,263,118,145
130989,52,Business Management and Administrative Services,461,211,250,0,0,0,25,10,15,103,40,63,28,15,13,0,0,0,223,100,123,26,12,14,4,3,1,52,31,21
131098,13,Education,101,36,65,0,0,0,0,0,0,26,8,18,6,4,2,1,0,1,62,23,39,5,1,4,1,0,1,0,0,0
131098,26,Biological Sciences/LifeSciences,58,15,43,0,0,0,4,2,2,22,2,20,6,3,3,0,0,0,21,7,14,4,0,4,1,1,0,0,0,0
131098,27,Mathematics,11,7,4,0,0,0,0,0,0,4,3,1,0,0,0,0,0,0,7,4,3,0,0,0,0,0,0,0,0,0
131098,52,Business Management and Administrative Services,160,117,43,0,0,0,2,1,1,71,51,20,10,9,1,0,0,0,58,45,13,7,5,2,9,4,5,3,2,1
131113,13,Education,644,129,515,8,1,7,7,2,5,104,24,80,12,1,11,5,4,1,442,85,357,0,0,0,61,12,49,5,0,5
131113,52,Business Management and Administrative Services,2186,1035,1151,38,18,20,72,34,38,595,239,356,81,40,41,11,4,7,1119,568,551,1,0,1,207,89,118,62,43,19
131159,13,Education,50,1,49,0,0,0,3,0,3,2,0,2,1,0,1,0,0,0,34,1,33,3,0,3,3,0,3,4,0,4
131159,26,Biological Sciences/LifeSciences,176,50,126,0,0,0,20,5,15,20,5,15,28,9,19,0,0,0,87,26,61,9,2,7,7,3,4,5,0,5
131159,27,Mathematics,38,10,28,0,0,0,2,0,2,0,0,0,4,1,3,0,0,0,20,6,14,4,2,2,0,0,0,8,1,7
131159,40,Physical Sciences,50,20,30,0,0,0,2,0,2,4,0,4,4,2,2,0,0,0,26,16,10,4,0,4,0,0,0,10,2,8
131159,52,Business Management and Administrative Services,1113,573,540,1,0,1,90,42,48,67,31,36,118,46,72,0,0,0,522,292,230,34,16,18,53,24,29,228,122,106
131283,13,Education,97,14,83,0,0,0,0,0,0,2,1,1,9,1,8,0,0,0,82,12,70,2,0,2,1,0,1,1,0,1
131283,14,Engineering,427,304,123,0,0,0,20,10,10,12,7,5,40,25,15,0,0,0,244,178,66,20,15,5,7,6,1,84,63,21
131283,26,Biological Sciences/LifeSciences,105,36,69,0,0,0,8,5,3,6,1,5,17,6,11,0,0,0,67,22,45,5,1,4,1,1,0,1,0,1
131283,27,Mathematics,14,6,8,0,0,0,1,0,1,0,0,0,2,1,1,0,0,0,10,4,6,1,1,0,0,0,0,0,0,0
131283,40,Physical Sciences,28,14,14,0,0,0,1,0,1,2,2,0,3,2,1,0,0,0,16,8,8,2,2,0,1,0,1,3,0,3
131283,52,Business Management and Administrative Services,497,284,213,2,0,2,11,3,8,36,20,16,57,27,30,0,0,0,334,204,130,25,12,13,9,4,5,23,14,9
131399,13,Education,278,31,247,3,2,1,7,0,7,197,18,179,31,4,27,0,0,0,5,4,1,4,0,4,23,1,22,8,2,6
131399,14,Engineering,251,223,28,0,0,0,8,6,2,52,42,10,22,16,6,0,0,0,12,10,2,5,5,0,4,4,0,148,140,8
131399,26,Biological Sciences/LifeSciences,98,35,63,0,0,0,2,2,0,55,19,36,15,6,9,0,0,0,4,2,2,3,1,2,10,4,6,9,1,8
131399,27,Mathematics,12,6,6,0,0,0,0,0,0,4,2,2,4,2,2,0,0,0,1,1,0,0,0,0,0,0,0,3,1,2
131399,40,Physical Sciences,13,8,5,0,0,0,1,1,0,6,3,3,2,2,0,0,0,0,0,0,0,0,0,0,1,0,1,3,2,1
131399,52,Business Management and Administrative Services,841,381,460,1,0,1,16,9,7,458,171,287,81,43,38,2,1,1,26,14,12,16,9,7,78,28,50,163,106,57
131450,13,Education,19,5,14,0,0,0,1,0,1,0,0,0,4,2,2,0,0,0,13,3,10,0,0,0,0,0,0,1,0,1
131450,26,Biological Sciences/LifeSciences,15,5,10,0,0,0,1,0,1,1,0,1,1,0,1,0,0,0,4,4,0,6,0,6,1,0,1,1,1,0
131450,27,Mathematics,15,11,4,0,0,0,4,3,1,1,1,0,3,2,1,0,0,0,4,3,1,0,0,0,0,0,0,3,2,1
131450,40,Physical Sciences,6,4,2,0,0,0,0,0,0,1,0,1,1,1,0,0,0,0,3,2,1,0,0,0,0,0,0,1,1,0
131450,52,Business Management and Administrative Services,53,29,24,0,0,0,1,1,0,10,4,6,7,3,4,0,0,0,23,13,10,1,1,0,2,2,0,9,5,4
131469,14,Engineering,767,448,319,1,1,0,89,50,39,37,20,17,60,31,29,1,1,0,461,271,190,27,13,14,35,22,13,56,39,17
131469,26,Biological Sciences/LifeSciences,325,124,201,0,0,0,53,21,32,24,9,15,25,10,15,1,1,0,177,70,107,13,6,7,14,1,13,18,6,12
131469,27,Mathematics,77,40,37,0,0,0,13,7,6,3,2,1,2,1,1,1,0,1,28,11,17,2,1,1,1,1,0,27,17,10
131469,40,Physical Sciences,85,42,43,0,0,0,16,8,8,3,1,2,6,4,2,0,0,0,51,25,26,2,0,2,2,1,1,5,3,2
131469,52,Business Management and Administrative Services,1773,925,848,0,0,0,188,83,105,100,46,54,136,75,61,2,1,1,836,465,371,50,18,32,69,32,37,392,205,187
131496,13,Education,7,4,3,0,0,0,0,0,0,0,0,0,0,0,0,0,0,0,2,1,1,0,0,0,4,3,1,1,0,1
131496,26,Biological Sciences/LifeSciences,408,147,261,0,0,0,68,22,46,20,9,11,36,16,20,1,0,1,247,88,159,18,7,11,3,0,3,15,5,10
131496,27,Mathematics,120,59,61,0,0,0,8,6,2,4,2,2,10,4,6,0,0,0,85,41,44,5,2,3,2,0,2,6,4,2
131496,40,Physical Sciences,85,51,34,0,0,0,10,4,6,2,1,1,5,2,3,0,0,0,55,37,18,1,0,1,3,0,3,9,7,2
131496,52,Business Management and Administrative Services,1346,827,519,1,0,1,146,75,71,61,35,26,99,54,45,0,0,0,814,528,286,41,30,11,13,6,7,171,99,72
131520,13,Education,101,15,86,0,0,0,0,0,0,96,14,82,0,0,0,0,0,0,0,0,0,0,0,0,0,0,0,5,1,4
131520,14,Engineering,608,399,209,0,0,0,8,7,1,404,243,161,1,1,0,2,2,0,6,3,3,0,0,0,0,0,0,187,143,44
131520,26,Biological Sciences/LifeSciences,913,191,722,3,0,3,32,7,25,788,154,634,11,5,6,3,0,3,13,5,8,0,0,0,0,0,0,63,20,43
131520,27,Mathematics,28,12,16,0,0,0,0,0,0,19,4,15,0,0,0,0,0,0,0,0,0,0,0,0,0,0,0,9,8,1
131520,40,Physical Sciences,363,122,241,1,1,0,4,1,3,331,102,229,1,0,1,1,0,1,6,3,3,0,0,0,0,0,0,19,15,4
131520,52,Business Management and Administrative Services,853,335,518,0,0,0,7,2,5,787,300,487,6,3,3,1,0,1,11,6,5,0,0,0,0,0,0,41,24,17
131803,52,Business Management and Administrative Services,512,123,389,2,0,2,1,0,1,404,93,311,53,14,39,0,0,0,16,5,11,12,1,11,15,6,9,9,4,5
131876,13,Education,62,2,60,0,0,0,0,0,0,34,0,34,13,1,12,0,0,0,1,0,1,0,0,0,14,1,13,0,0,0
131876,26,Biological Sciences/LifeSciences,21,0,21,0,0,0,0,0,0,10,0,10,11,0,11,0,0,0,0,0,0,0,0,0,0,0,0,0,0,0
131876,27,Mathematics,6,0,6,0,0,0,0,0,0,3,0,3,3,0,3,0,0,0,0,0,0,0,0,0,0,0,0,0,0,0
131876,40,Physical Sciences,7,0,7,0,0,0,0,0,0,4,0,4,1,0,1,0,0,0,1,0,1,1,0,1,0,0,0,0,0,0
131876,52,Business Management and Administrative Services,146,12,134,0,0,0,4,1,3,102,8,94,21,0,21,0,0,0,5,2,3,6,0,6,8,1,7,0,0,0
132338,52,Business Management and Administrative Services,75,4,71,0,0,0,0,0,0,14,0,14,22,0,22,1,0,1,11,1,10,1,0,1,14,3,11,12,0,12
132408,13,Education,46,9,37,0,0,0,0,0,0,4,0,4,2,0,2,0,0,0,40,9,31,0,0,0,0,0,0,0,0,0
132408,52,Business Management and Administrative Services,27,8,19,0,0,0,0,0,0,3,2,1,1,0,1,1,0,1,19,6,13,2,0,2,1,0,1,0,0,0
132471,13,Education,82,23,59,0,0,0,0,0,0,28,7,21,19,4,15,0,0,0,11,5,6,2,2,0,11,2,9,11,3,8
132471,26,Biological Sciences/LifeSciences,340,94,246,1,0,1,6,0,6,87,22,65,119,35,84,2,1,1,34,9,25,8,3,5,40,10,30,43,14,29
132471,27,Mathematics,7,4,3,0,0,0,0,0,0,1,0,1,1,1,0,2,0,2,1,1,0,0,0,0,1,1,0,1,1,0
132471,40,Physical Sciences,31,8,23,0,0,0,0,0,0,6,2,4,18,5,13,0,0,0,4,0,4,0,0,0,0,0,0,3,1,2
132471,52,Business Management and Administrative Services,892,422,470,0,0,0,7,3,4,223,83,140,228,100,128,3,2,1,229,137,92,17,5,12,62,24,38,123,68,55
132602,13,Education,401,185,216,0,0,0,0,0,0,313,140,173,13,7,6,0,0,0,9,7,2,9,5,4,45,16,29,12,10,2
132602,14,Engineering,55,47,8,0,0,0,0,0,0,45,37,8,0,0,0,0,0,0,0,0,0,1,1,0,6,6,0,3,3,0
132602,26,Biological Sciences/LifeSciences,279,91,188,0,0,0,1,0,1,208,70,138,9,4,5,0,0,0,2,0,2,8,1,7,44,13,31,7,3,4
132602,27,Mathematics,17,9,8,0,0,0,0,0,0,7,3,4,1,1,0,0,0,0,1,1,0,1,0,1,4,2,2,3,2,1
132602,40,Physical Sciences,41,9,32,0,0,0,0,0,0,29,5,24,2,1,1,0,0,0,1,1,0,1,0,1,4,0,4,4,2,2
132602,52,Business Management and Administrative Services,654,355,299,0,0,0,0,0,0,514,263,251,25,12,13,0,0,0,17,15,2,13,10,3,63,43,20,22,12,10
132657,13,Education,64,5,59,1,1,0,1,0,1,5,0,5,9,0,9,0,0,0,35,4,31,1,0,1,7,0,7,5,0,5
132657,26,Biological Sciences/LifeSciences,90,32,58,0,0,0,2,0,2,18,7,11,15,5,10,0,0,0,37,12,25,4,1,3,2,2,0,12,5,7
132657,52,Business Management and Administrative Services,849,495,354,2,0,2,10,5,5,45,18,27,134,73,61,1,0,1,359,200,159,7,2,5,33,23,10,258,174,84
132693,13,Education,136,5,131,0,0,0,0,0,0,23,0,23,16,1,15,0,0,0,90,4,86,6,0,6,1,0,1,0,0,0
132693,52,Business Management and Administrative Services,1406,507,899,6,4,2,34,9,25,153,47,106,140,51,89,0,0,0,997,360,637,42,21,21,23,8,15,11,7,4
132709,13,Education,776,85,691,2,0,2,15,2,13,276,17,259,235,30,205,2,0,2,196,31,165,12,0,12,18,3,15,20,2,18
132709,52,Business Management and Administrative Services,3220,1275,1945,5,2,3,75,26,49,1093,375,718,1153,461,692,4,0,4,593,299,294,51,27,24,94,34,60,152,51,101
132842,13,Education,30,0,30,0,0,0,0,0,0,0,0,0,27,0,27,0,0,0,1,0,1,0,0,0,2,0,2,0,0,0
132842,52,Business Management and Administrative Services,3,1,2,0,0,0,0,0,0,0,0,0,3,1,2,0,0,0,0,0,0,0,0,0,0,0,0,0,0,0
132851,13,Education,91,3,88,0,0,0,0,0,0,15,0,15,10,0,10,1,0,1,61,3,58,2,0,2,0,0,0,2,0,2
132851,52,Business Management and Administrative Services,876,323,553,3,3,0,15,4,11,142,43,99,112,37,75,1,1,0,562,223,339,22,7,15,9,3,6,10,2,8
132879,13,Education,21,0,21,0,0,0,0,0,0,0,0,0,1,0,1,0,0,0,20,0,20,0,0,0,0,0,0,0,0,0
132879,52,Business Management and Administrative Services,28,17,11,0,0,0,1,1,0,8,6,2,5,4,1,0,0,0,11,4,7,0,0,0,1,0,1,2,2,0
132903,13,Education,3795,1175,2620,9,1,8,107,49,58,446,166,280,881,267,614,4,0,4,2190,643,1547,108,38,70,17,4,13,33,7,26
132903,14,Engineering,6225,5088,1137,9,7,2,415,332,83,476,385,91,1605,1271,334,12,12,0,3274,2736,538,251,193,58,37,32,5,146,120,26
132903,26,Biological Sciences/LifeSciences,4532,1735,2797,4,2,2,529,256,273,499,142,357,1343,516,827,8,2,6,1874,735,1139,188,54,134,24,10,14,63,18,45
132903,27,Mathematics,388,233,155,0,0,0,27,13,14,23,15,8,76,44,32,0,0,0,234,148,86,18,5,13,4,4,0,6,4,2
132903,40,Physical Sciences,536,332,204,0,0,0,41,25,16,46,25,21,119,78,41,0,0,0,288,183,105,29,14,15,4,2,2,9,5,4
132903,52,Business Management and Administrative Services,10730,5490,5240,21,12,9,546,279,267,947,454,493,2554,1291,1263,21,8,13,5991,3117,2874,360,183,177,51,31,20,239,115,124
133021,13,Education,66,7,59,1,1,0,0,0,0,6,0,6,1,0,1,0,0,0,54,6,48,4,0,4,0,0,0,0,0,0
133021,52,Business Management and Administrative Services,58,24,34,0,0,0,0,0,0,10,5,5,1,0,1,0,0,0,46,18,28,1,1,0,0,0,0,0,0,0
133386,13,Education,190,31,159,0,0,0,1,1,0,22,4,18,20,1,19,0,0,0,141,23,118,4,2,2,0,0,0,2,0,2
133386,52,Business Management and Administrative Services,1149,387,762,3,1,2,20,6,14,181,57,124,152,50,102,3,1,2,761,263,498,18,6,12,4,0,4,7,3,4
133465,52,Business Management and Administrative Services,37,14,23,0,0,0,2,1,1,23,8,15,6,3,3,1,0,1,4,1,3,0,0,0,1,1,0,0,0,0
133492,26,Biological Sciences/LifeSciences,382,114,268,1,0,1,9,1,8,7,1,6,30,9,21,0,0,0,315,100,215,11,3,8,4,0,4,5,0,5
133492,27,Mathematics,11,3,8,0,0,0,1,1,0,0,0,0,2,1,1,0,0,0,7,1,6,0,0,0,0,0,0,1,0,1
133492,40,Physical Sciences,41,20,21,0,0,0,0,0,0,1,0,1,4,2,2,0,0,0,33,17,16,3,1,2,0,0,0,0,0,0
133492,52,Business Management and Administrative Services,292,158,134,0,0,0,7,2,5,27,9,18,20,13,7,2,2,0,192,107,85,3,1,2,3,0,3,38,24,14
133508,13,Education,323,30,293,3,0,3,3,1,2,29,6,23,77,5,72,1,0,1,195,16,179,5,2,3,9,0,9,1,0,1
133508,52,Business Management and Administrative Services,1214,550,664,4,1,3,23,10,13,135,64,71,336,143,193,3,1,2,629,292,337,14,5,9,43,21,22,27,13,14
133526,13,Education,69,30,39,0,0,0,0,0,0,69,30,39,0,0,0,0,0,0,0,0,0,0,0,0,0,0,0,0,0,0
133526,26,Biological Sciences/LifeSciences,68,34,34,1,1,0,0,0,0,64,33,31,1,0,1,0,0,0,2,0,2,0,0,0,0,0,0,0,0,0
133526,27,Mathematics,26,24,2,0,0,0,0,0,0,21,20,1,1,1,0,0,0,0,2,2,0,2,1,1,0,0,0,0,0,0
133526,52,Business Management and Administrative Services,128,100,28,0,0,0,0,0,0,128,100,28,0,0,0,0,0,0,0,0,0,0,0,0,0,0,0,0,0,0
133553,14,Engineering,2143,1753,390,8,8,0,81,69,12,93,72,21,88,68,20,6,5,1,1216,1005,211,205,161,44,171,133,38,275,232,43
133553,27,Mathematics,14,8,6,0,0,0,0,0,0,0,0,0,0,0,0,0,0,0,10,6,4,1,0,1,3,2,1,0,0,0
133553,40,Physical Sciences,148,86,62,0,0,0,1,1,0,7,4,3,9,4,5,0,0,0,100,61,39,17,8,9,12,7,5,2,1,1
133553,52,Business Management and Administrative Services,329,216,113,0,0,0,8,6,2,30,21,9,17,13,4,0,0,0,134,91,43,25,14,11,29,21,8,86,50,36
133650,13,Education,212,63,149,0,0,0,0,0,0,191,53,138,8,6,2,0,0,0,7,2,5,6,2,4,0,0,0,0,0,0
133650,14,Engineering,357,248,109,1,1,0,2,2,0,303,206,97,16,11,5,0,0,0,16,13,3,15,13,2,0,0,0,4,2,2
133650,26,Biological Sciences/LifeSciences,602,139,463,1,0,1,7,4,3,545,126,419,10,3,7,0,0,0,11,3,8,19,2,17,0,0,0,9,1,8
133650,27,Mathematics,29,12,17,0,0,0,0,0,0,25,11,14,0,0,0,0,0,0,3,1,2,0,0,0,0,0,0,1,0,1
133650,40,Physical Sciences,99,24,75,0,0,0,0,0,0,80,15,65,9,4,5,0,0,0,5,5,0,4,0,4,0,0,0,1,0,1
133650,52,Business Management and Administrative Services,765,336,429,2,1,1,0,0,0,697,313,384,14,4,10,1,0,1,16,9,7,23,8,15,0,0,0,12,1,11
133669,13,Education,1484,193,1291,2,0,2,27,1,26,278,32,246,372,31,341,1,0,1,734,119,615,49,5,44,7,1,6,14,4,10
133669,14,Engineering,1987,1701,286,9,8,1,126,98,28,339,290,49,514,435,79,1,1,0,807,701,106,62,49,13,14,13,1,115,106,9
133669,26,Biological Sciences/LifeSciences,2459,758,1701,8,4,4,180,74,106,527,148,379,704,204,500,4,2,2,863,275,588,96,25,71,15,4,11,62,22,40
133669,27,Mathematics,135,78,57,0,0,0,7,6,1,28,15,13,26,13,13,0,0,0,68,38,30,4,4,0,1,1,0,1,1,0
133669,40,Physical Sciences,334,183,151,3,2,1,25,12,13,48,22,26,62,35,27,0,0,0,164,98,66,20,10,10,1,1,0,11,3,8
133669,52,Business Management and Administrative Services,5418,2956,2462,8,5,3,192,90,102,857,419,438,1452,731,721,5,3,2,2467,1451,1016,174,83,91,39,27,12,224,147,77
133702,13,Education,151,13,138,0,0,0,2,0,2,23,2,21,8,1,7,1,1,0,92,6,86,4,0,4,21,3,18,0,0,0
133702,26,Biological Sciences/LifeSciences,218,82,136,0,0,0,10,3,7,36,12,24,13,6,7,2,1,1,113,41,72,9,2,7,35,17,18,0,0,0
133702,52,Business Management and Administrative Services,2697,1006,1691,7,2,5,72,31,41,923,300,623,164,76,88,8,6,2,1230,477,753,45,14,31,245,100,145,3,0,3
133711,13,Education,248,24,224,1,0,1,4,0,4,4,1,3,11,3,8,0,0,0,212,17,195,2,0,2,14,3,11,0,0,0
133711,52,Business Management and Administrative Services,519,314,205,2,1,1,7,5,2,22,14,8,22,17,5,0,0,0,370,210,160,7,7,0,39,25,14,50,35,15
133809,13,Education,45,5,40,0,0,0,0,0,0,1,0,1,4,1,3,0,0,0,36,3,33,2,1,1,1,0,1,1,0,1
133809,52,Business Management and Administrative Services,143,107,36,3,3,0,0,0,0,12,10,2,16,13,3,1,0,1,98,71,27,7,5,2,1,1,0,5,4,1
133872,13,Education,6,1,5,0,0,0,0,0,0,0,0,0,1,0,1,0,0,0,4,1,3,1,0,1,0,0,0,0,0,0
133872,26,Biological Sciences/LifeSciences,52,11,41,0,0,0,5,1,4,11,4,7,22,3,19,0,0,0,11,2,9,0,0,0,2,0,2,1,1,0
133881,14,Engineering,1706,1325,381,6,3,3,43,33,10,69,47,22,120,89,31,5,2,3,696,536,160,27,22,5,79,63,16,661,530,131
133881,26,Biological Sciences/LifeSciences,225,75,150,0,0,0,0,0,0,10,2,8,27,12,15,0,0,0,138,40,98,10,3,7,11,6,5,29,12,17
133881,27,Mathematics,37,22,15,0,0,0,0,0,0,2,2,0,3,1,2,0,0,0,23,13,10,0,0,0,1,1,0,8,5,3
133881,40,Physical Sciences,192,118,74,0,0,0,6,6,0,10,5,5,14,9,5,1,1,0,110,68,42,6,4,2,6,6,0,39,19,20
133881,52,Business Management and Administrative Services,377,261,116,1,0,1,14,9,5,38,32,6,14,10,4,3,1,2,151,96,55,7,6,1,18,14,4,131,93,38
133951,13,Education,1518,336,1182,1,0,1,21,2,19,211,55,156,1031,224,807,2,0,2,172,33,139,49,16,33,9,1,8,22,5,17
133951,14,Engineering,2634,2082,552,2,2,0,100,79,21,234,185,49,1747,1382,365,2,2,0,191,151,40,46,37,9,16,9,7,296,235,61
133951,26,Biological Sciences/LifeSciences,4203,1485,2718,4,0,4,184,79,105,419,126,293,3063,1089,1974,6,1,5,295,112,183,106,36,70,17,9,8,109,33,76
133951,27,Mathematics,177,117,60,0,0,0,8,3,5,21,14,7,113,79,34,0,0,0,24,16,8,2,2,0,2,1,1,7,2,5
133951,40,Physical Sciences,947,473,474,1,0,1,40,18,22,84,26,58,673,352,321,0,0,0,93,57,36,26,10,16,3,0,3,27,10,17
133951,52,Business Management and Administrative Services,9731,4760,4971,5,3,2,220,111,109,847,396,451,6321,3137,3184,7,4,3,965,494,471,215,107,108,47,23,24,1104,485,619
133979,13,Education,103,24,79,0,0,0,0,0,0,84,17,67,6,2,4,0,0,0,1,1,0,0,0,0,8,2,6,4,2,2
133979,26,Biological Sciences/LifeSciences,179,25,154,0,0,0,0,0,0,127,16,111,9,4,5,0,0,0,1,1,0,9,0,9,12,1,11,21,3,18
133979,27,Mathematics,2,1,1,0,0,0,0,0,0,1,1,0,1,0,1,0,0,0,0,0,0,0,0,0,0,0,0,0,0,0
133979,40,Physical Sciences,21,3,18,0,0,0,0,0,0,15,3,12,0,0,0,0,0,0,1,0,1,0,0,0,1,0,1,4,0,4
133979,52,Business Management and Administrative Services,258,139,119,0,0,0,0,0,0,178,86,92,16,14,2,0,0,0,4,3,1,3,1,2,11,6,5,46,29,17
134079,13,Education,237,42,195,0,0,0,4,1,3,14,4,10,25,5,20,0,0,0,185,29,156,3,1,2,2,0,2,4,2,2
134079,26,Biological Sciences/LifeSciences,524,167,357,0,0,0,13,3,10,27,7,20,63,25,38,1,0,1,382,115,267,6,2,4,6,2,4,26,13,13
134079,27,Mathematics,30,11,19,0,0,0,1,0,1,1,0,1,5,1,4,0,0,0,19,8,11,1,0,1,1,0,1,2,2,0
134079,40,Physical Sciences,24,11,13,0,0,0,2,0,2,2,1,1,1,1,0,0,0,0,19,9,10,0,0,0,0,0,0,0,0,0
134079,52,Business Management and Administrative Services,489,258,231,4,1,3,14,7,7,29,16,13,53,22,31,0,0,0,341,181,160,11,6,5,4,3,1,33,22,11
134097,13,Education,784,174,610,6,0,6,16,3,13,35,9,26,115,23,92,0,0,0,581,132,449,19,5,14,10,1,9,2,1,1
134097,14,Engineering,1854,1396,458,8,5,3,46,36,10,151,94,57,373,290,83,1,0,1,1101,854,247,58,38,20,32,24,8,84,55,29
134097,26,Biological Sciences/LifeSciences,3550,1310,2240,10,4,6,152,58,94,278,72,206,852,344,508,6,4,2,2043,748,1295,135,54,81,47,21,26,27,5,22
134097,27,Mathematics,303,155,148,0,0,0,8,3,5,27,13,14,46,21,25,0,0,0,196,105,91,13,5,8,9,6,3,4,2,2
134097,40,Physical Sciences,668,361,307,2,1,1,19,10,9,65,31,34,114,68,46,1,1,0,422,226,196,30,14,16,14,10,4,1,0,1
134097,52,Business Management and Administrative Services,6232,3681,2551,14,11,3,133,65,68,276,144,132,1131,678,453,7,1,6,4305,2585,1720,160,86,74,83,50,33,123,61,62
134112,52,Business Management and Administrative Services,629,271,358,1,0,1,1,0,1,164,83,81,326,128,198,1,0,1,109,47,62,19,10,9,8,3,5,0,0,0
134130,13,Education,518,90,428,2,0,2,12,2,10,18,3,15,77,6,71,1,0,1,383,75,308,13,2,11,8,2,6,4,0,4
134130,14,Engineering,5650,4095,1555,7,7,0,523,390,133,197,140,57,1250,887,363,17,10,7,3178,2335,843,182,120,62,179,120,59,117,86,31
134130,26,Biological Sciences/LifeSciences,4013,1457,2556,1,1,0,560,234,326,195,58,137,904,340,564,40,16,24,2019,704,1315,138,49,89,114,41,73,42,14,28
134130,27,Mathematics,389,231,158,1,0,1,33,22,11,12,7,5,57,35,22,2,1,1,226,137,89,26,15,11,16,5,11,16,9,7
134130,40,Physical Sciences,952,553,399,2,1,1,121,60,61,41,15,26,201,120,81,6,2,4,510,314,196,29,13,16,26,17,9,16,11,5
134130,52,Business Management and Administrative Services,4130,2250,1880,5,1,4,274,141,133,127,66,61,814,409,405,4,4,0,2576,1468,1108,112,53,59,122,66,56,96,42,54
134149,52,Business Management and Administrative Services,41,10,31,0,0,0,0,0,0,29,6,23,1,0,1,0,0,0,6,2,4,2,1,1,3,1,2,0,0,0
134237,14,Engineering,57,51,6,0,0,0,4,3,1,3,1,2,23,21,2,0,0,0,21,20,1,3,3,0,3,3,0,0,0,0
134237,52,Business Management and Administrative Services,1427,812,615,5,1,4,22,11,11,426,249,177,232,137,95,5,5,0,540,309,231,70,32,38,115,64,51,12,4,8
134343,13,Education,48,9,39,1,0,1,2,0,2,8,0,8,0,0,0,0,0,0,35,9,26,2,0,2,0,0,0,0,0,0
134343,52,Business Management and Administrative Services,227,87,140,2,1,1,1,0,1,35,9,26,17,8,9,0,0,0,159,65,94,6,1,5,5,2,3,2,1,1
134422,52,Business Management and Administrative Services,5,0,5,0,0,0,0,0,0,0,0,0,1,0,1,0,0,0,1,0,1,0,0,0,0,0,0,3,0,3
134510,13,Education,33,3,30,0,0,0,0,0,0,1,0,1,3,1,2,0,0,0,26,1,25,0,0,0,2,1,1,1,0,1
134510,52,Business Management and Administrative Services,1,1,0,0,0,0,0,0,0,0,0,0,0,0,0,0,0,0,1,1,0,0,0,0,0,0,0,0,0,0
134608,13,Education,310,44,266,1,0,1,2,0,2,38,2,36,58,4,54,0,0,0,201,37,164,2,0,2,6,1,5,2,0,2
134608,26,Biological Sciences/LifeSciences,311,114,197,0,0,0,11,4,7,37,12,25,78,32,46,0,0,0,159,60,99,9,2,7,15,3,12,2,1,1
134608,52,Business Management and Administrative Services,1361,461,900,2,0,2,15,6,9,216,80,136,235,76,159,2,1,1,796,265,531,25,5,20,46,21,25,24,7,17
134811,52,Business Management and Administrative Services,316,20,296,1,0,1,4,0,4,31,4,27,123,9,114,1,0,1,17,3,14,1,0,1,40,2,38,98,2,96
134945,13,Education,57,15,42,0,0,0,2,0,2,10,6,4,4,1,3,0,0,0,28,5,23,1,0,1,12,3,9,0,0,0
134945,14,Engineering,77,68,9,0,0,0,2,2,0,12,9,3,8,7,1,0,0,0,34,30,4,2,2,0,5,4,1,14,14,0
134945,26,Biological Sciences/LifeSciences,191,57,134,1,1,0,4,1,3,28,10,18,22,2,20,0,0,0,90,31,59,7,1,6,32,10,22,7,1,6
134945,27,Mathematics,25,16,9,0,0,0,0,0,0,3,2,1,4,1,3,0,0,0,11,8,3,2,1,1,3,2,1,2,2,0
134945,40,Physical Sciences,42,20,22,0,0,0,0,0,0,6,2,4,7,5,2,0,0,0,15,8,7,3,3,0,6,2,4,5,0,5
134945,52,Business Management and Administrative Services,416,270,146,2,1,1,3,2,1,60,37,23,43,26,17,2,0,2,189,129,60,14,9,5,63,43,20,40,23,17
135063,13,Education,10,1,9,0,0,0,0,0,0,8,1,7,0,0,0,0,0,0,2,0,2,0,0,0,0,0,0,0,0,0
135063,52,Business Management and Administrative Services,172,28,144,0,0,0,1,0,1,128,19,109,7,1,6,0,0,0,30,8,22,2,0,2,4,0,4,0,0,0
135081,13,Education,10,4,6,0,0,0,0,0,0,1,1,0,0,0,0,0,0,0,8,3,5,1,0,1,0,0,0,0,0,0
135081,14,Engineering,70,60,10,2,2,0,2,1,1,3,3,0,36,33,3,0,0,0,21,18,3,3,3,0,3,0,3,0,0,0
135081,26,Biological Sciences/LifeSciences,172,54,118,0,0,0,4,3,1,41,6,35,52,18,34,0,0,0,60,22,38,8,3,5,3,0,3,4,2,2
135081,52,Business Management and Administrative Services,2362,1045,1317,12,4,8,49,28,21,337,153,184,1144,491,653,6,1,5,522,218,304,81,25,56,116,72,44,95,53,42
135160,13,Education,117,13,104,0,0,0,1,0,1,14,0,14,10,0,10,0,0,0,89,13,76,1,0,1,2,0,2,0,0,0
135160,52,Business Management and Administrative Services,115,55,60,0,0,0,1,0,1,22,12,10,4,1,3,0,0,0,88,42,46,0,0,0,0,0,0,0,0,0
135188,13,Education,56,3,53,1,0,1,1,0,1,5,0,5,3,0,3,0,0,0,42,3,39,0,0,0,4,0,4,0,0,0
135188,52,Business Management and Administrative Services,244,107,137,0,0,0,11,5,6,24,10,14,14,6,8,1,0,1,163,73,90,8,5,3,21,7,14,2,1,1
135391,13,Education,232,7,225,0,0,0,5,1,4,45,1,44,27,1,26,1,0,1,143,3,140,2,0,2,7,0,7,2,1,1
135391,26,Biological Sciences/LifeSciences,62,25,37,0,0,0,1,0,1,3,2,1,5,3,2,0,0,0,49,19,30,1,1,0,3,0,3,0,0,0
135391,52,Business Management and Administrative Services,435,198,237,0,0,0,11,7,4,50,26,24,55,22,33,0,0,0,280,125,155,7,3,4,18,7,11,14,8,6
135610,13,Education,19,5,14,0,0,0,0,0,0,2,0,2,12,3,9,0,0,0,5,2,3,0,0,0,0,0,0,0,0,0
135610,52,Business Management and Administrative Services,45,17,28,0,0,0,0,0,0,18,6,12,21,9,12,0,0,0,5,2,3,0,0,0,1,0,1,0,0,0
135717,13,Education,828,100,728,0,0,0,2,0,2,121,15,106,583,68,515,0,0,0,63,11,52,2,0,2,23,1,22,34,5,29
135717,26,Biological Sciences/LifeSciences,257,101,156,0,0,0,4,0,4,47,16,31,170,65,105,0,0,0,9,7,2,2,0,2,8,3,5,17,10,7
135717,52,Business Management and Administrative Services,2359,1004,1355,2,1,1,20,11,9,367,156,211,1547,665,882,2,1,1,140,63,77,14,6,8,58,24,34,209,77,132
135726,13,Education,81,20,61,1,0,1,2,0,2,1,1,0,35,9,26,0,0,0,34,9,25,1,0,1,4,1,3,3,0,3
135726,14,Engineering,1167,814,353,1,1,0,61,42,19,88,55,33,242,162,80,2,1,1,401,276,125,53,33,20,45,31,14,274,213,61
135726,26,Biological Sciences/LifeSciences,1676,665,1011,1,0,1,247,112,135,126,45,81,381,161,220,0,0,0,702,250,452,65,24,41,84,42,42,70,31,39
135726,27,Mathematics,119,60,59,0,0,0,5,3,2,10,2,8,18,12,6,0,0,0,39,18,21,1,1,0,4,3,1,42,21,21
135726,40,Physical Sciences,213,122,91,1,1,0,16,8,8,5,2,3,40,21,19,0,0,0,105,63,42,5,2,3,20,12,8,21,13,8
135726,52,Business Management and Administrative Services,2156,1303,853,4,3,1,73,52,21,86,50,36,355,213,142,0,0,0,1052,687,365,53,31,22,81,48,33,452,219,233
136172,13,Education,629,94,535,2,1,1,13,3,10,46,4,42,52,11,41,0,0,0,486,71,415,28,4,24,1,0,1,1,0,1
136172,14,Engineering,730,607,123,0,0,0,38,32,6,36,28,8,86,71,15,0,0,0,504,425,79,37,28,9,6,4,2,23,19,4
136172,26,Biological Sciences/LifeSciences,903,311,592,1,0,1,76,33,43,78,17,61,105,33,72,1,1,0,578,202,376,54,22,32,2,1,1,8,2,6
136172,27,Mathematics,164,97,67,0,0,0,9,7,2,20,9,11,18,11,7,0,0,0,104,63,41,11,5,6,1,1,0,1,1,0
136172,40,Physical Sciences,469,245,224,1,1,0,38,15,23,47,17,30,47,24,23,0,0,0,304,170,134,27,14,13,0,0,0,5,4,1
136172,52,Business Management and Administrative Services,2525,1514,1011,1,0,1,113,60,53,201,90,111,261,144,117,1,0,1,1739,1098,641,126,69,57,8,6,2,75,47,28
136215,13,Education,169,17,152,1,0,1,7,2,5,36,4,32,40,2,38,0,0,0,68,6,62,2,0,2,7,2,5,8,1,7
136215,14,Engineering,47,39,8,0,0,0,4,3,1,9,8,1,16,15,1,0,0,0,12,8,4,1,0,1,1,1,0,4,4,0
136215,26,Biological Sciences/LifeSciences,1112,376,736,2,0,2,257,106,151,127,42,85,209,59,150,1,1,0,397,130,267,30,10,20,42,13,29,47,15,32
136215,27,Mathematics,10,5,5,0,0,0,1,1,0,1,1,0,1,1,0,0,0,0,6,1,5,0,0,0,0,0,0,1,1,0
136215,40,Physical Sciences,44,23,21,0,0,0,6,4,2,6,3,3,10,4,6,0,0,0,15,8,7,2,1,1,0,0,0,5,3,2
136215,52,Business Management and Administrative Services,510,269,241,2,0,2,17,7,10,90,41,49,127,62,65,1,1,0,177,103,74,4,0,4,10,4,6,82,51,31
136233,13,Education,140,10,130,1,0,1,8,0,8,16,0,16,12,0,12,0,0,0,95,9,86,7,1,6,1,0,1,0,0,0
136233,52,Business Management and Administrative Services,518,206,312,0,0,0,11,2,9,45,18,27,47,22,25,1,1,0,378,152,226,23,8,15,5,0,5,8,3,5
136330,13,Education,154,17,137,0,0,0,0,0,0,12,3,9,24,3,21,0,0,0,109,10,99,3,0,3,2,0,2,4,1,3
136330,26,Biological Sciences/LifeSciences,255,72,183,1,0,1,4,0,4,30,7,23,46,16,30,2,2,0,145,40,105,11,2,9,6,1,5,10,4,6
136330,27,Mathematics,18,8,10,0,0,0,0,0,0,2,2,0,0,0,0,0,0,0,13,4,9,1,0,1,2,2,0,0,0,0
136330,40,Physical Sciences,102,26,76,1,0,1,10,5,5,16,2,14,18,4,14,0,0,0,49,14,35,2,0,2,1,1,0,5,0,5
136330,52,Business Management and Administrative Services,573,319,254,2,1,1,12,6,6,69,27,42,80,36,44,1,0,1,343,208,135,9,5,4,10,6,4,47,30,17
136358,13,Education,263,14,249,0,0,0,2,0,2,95,1,94,71,4,67,1,0,1,76,8,68,2,1,1,14,0,14,2,0,2
136358,26,Biological Sciences/LifeSciences,6,2,4,0,0,0,1,1,0,0,0,0,2,1,1,0,0,0,1,0,1,1,0,1,1,0,1,0,0,0
136358,52,Business Management and Administrative Services,1805,659,1146,5,1,4,43,13,30,488,173,315,473,162,311,2,1,1,613,246,367,34,13,21,110,39,71,37,11,26
136400,13,Education,45,18,27,0,0,0,0,0,0,2,1,1,2,0,2,0,0,0,37,15,22,1,0,1,3,2,1,0,0,0
136400,52,Business Management and Administrative Services,862,375,487,6,3,3,16,7,9,58,27,31,146,64,82,2,2,0,589,250,339,31,16,15,14,6,8,0,0,0
136473,13,Education,46,1,45,0,0,0,0,0,0,16,0,16,1,0,1,1,0,1,25,1,24,3,0,3,0,0,0,0,0,0
136473,52,Business Management and Administrative Services,767,249,518,9,6,3,20,3,17,176,46,130,45,14,31,3,2,1,470,165,305,33,10,23,8,2,6,3,1,2
136516,13,Education,86,19,67,0,0,0,1,0,1,9,2,7,10,0,10,0,0,0,60,14,46,1,0,1,4,2,2,1,1,0
136516,52,Business Management and Administrative Services,1490,579,911,3,2,1,20,11,9,299,79,220,258,103,155,1,0,1,825,353,472,31,12,19,42,14,28,11,5,6
136950,13,Education,51,3,48,1,0,1,1,0,1,6,1,5,1,0,1,0,0,0,39,2,37,1,0,1,1,0,1,1,0,1
136950,14,Engineering,2,0,2,0,0,0,0,0,0,0,0,0,0,0,0,0,0,0,2,0,2,0,0,0,0,0,0,0,0,0
136950,26,Biological Sciences/LifeSciences,166,42,124,0,0,0,5,1,4,5,0,5,32,9,23,0,0,0,99,29,70,7,2,5,5,1,4,13,0,13
136950,27,Mathematics,32,14,18,0,0,0,3,0,3,1,1,0,2,0,2,0,0,0,16,7,9,1,1,0,2,1,1,7,4,3
136950,40,Physical Sciences,62,31,31,1,0,1,3,2,1,2,0,2,2,0,2,0,0,0,45,23,22,3,3,0,0,0,0,6,3,3
136950,52,Business Management and Administrative Services,697,422,275,3,2,1,19,8,11,29,12,17,119,70,49,0,0,0,383,240,143,21,10,11,27,19,8,96,61,35
137032,13,Education,347,64,283,2,0,2,4,1,3,20,4,16,37,5,32,0,0,0,238,27,211,30,25,5,14,1,13,2,1,1
137032,26,Biological Sciences/LifeSciences,296,85,211,1,0,1,7,4,3,42,10,32,66,17,49,0,0,0,102,35,67,9,1,8,22,8,14,47,10,37
137032,27,Mathematics,22,14,8,0,0,0,0,0,0,0,0,0,0,0,0,0,0,0,13,8,5,1,0,1,5,5,0,3,1,2
137032,52,Business Management and Administrative Services,3623,1589,2034,15,3,12,61,27,34,1394,531,863,380,183,197,7,4,3,1312,630,682,55,27,28,298,128,170,101,56,45
137078,13,Education,828,108,720,1,1,0,22,5,17,132,11,121,96,11,85,1,0,1,541,77,464,16,1,15,16,1,15,3,1,2
137078,26,Biological Sciences/LifeSciences,148,64,84,0,0,0,7,4,3,13,3,10,24,8,16,0,0,0,95,44,51,1,1,0,7,4,3,1,0,1
137078,52,Business Management and Administrative Services,2417,943,1474,9,5,4,69,27,42,357,129,228,271,117,154,5,2,3,1571,602,969,54,24,30,54,24,30,27,13,14
137096,13,Education,159,15,144,0,0,0,3,1,2,38,2,36,15,2,13,0,0,0,98,10,88,3,0,3,0,0,0,2,0,2
137096,26,Biological Sciences/LifeSciences,14,8,6,0,0,0,1,0,1,1,1,0,2,1,1,0,0,0,8,6,2,0,0,0,1,0,1,1,0,1
137096,52,Business Management and Administrative Services,702,299,403,1,0,1,9,5,4,143,56,87,79,40,39,1,1,0,437,183,254,20,8,12,4,3,1,8,3,5
137148,52,Business Management and Administrative Services,24,10,14,0,0,0,0,0,0,6,3,3,6,3,3,0,0,0,11,4,7,0,0,0,1,0,1,0,0,0
137209,13,Education,143,12,131,0,0,0,6,0,6,37,3,34,19,0,19,0,0,0,73,9,64,3,0,3,4,0,4,1,0,1
137209,52,Business Management and Administrative Services,1246,479,767,2,2,0,28,14,14,271,88,183,259,85,174,3,0,3,603,252,351,41,21,20,14,5,9,25,12,13
137281,13,Education,68,9,59,0,0,0,0,0,0,2,0,2,7,1,6,1,0,1,55,7,48,1,1,0,2,0,2,0,0,0
137281,52,Business Management and Administrative Services,656,243,413,3,1,2,10,2,8,82,23,59,52,19,33,1,0,1,469,182,287,22,10,12,15,5,10,2,1,1
137315,13,Education,15,2,13,0,0,0,0,0,0,0,0,0,4,0,4,0,0,0,9,2,7,2,0,2,0,0,0,0,0,0
137315,52,Business Management and Administrative Services,175,64,111,0,0,0,1,1,0,20,7,13,61,22,39,0,0,0,87,32,55,3,1,2,1,0,1,2,1,1
137351,13,Education,1272,345,927,3,2,1,31,11,20,90,24,66,269,73,196,0,0,0,801,213,588,39,11,28,22,4,18,17,7,10
137351,14,Engineering,4558,3676,882,4,4,0,317,241,76,308,224,84,866,688,178,8,8,0,2081,1726,355,157,122,35,89,71,18,728,592,136
137351,26,Biological Sciences/LifeSciences,4752,1787,2965,3,2,1,681,315,366,499,160,339,1063,367,696,10,4,6,1974,770,1204,224,68,156,102,33,69,196,68,128
137351,27,Mathematics,274,175,99,1,1,0,15,10,5,23,14,9,48,35,13,0,0,0,153,94,59,11,8,3,7,3,4,16,10,6
137351,40,Physical Sciences,769,485,284,1,0,1,49,28,21,49,24,25,136,90,46,3,3,0,444,293,151,40,25,15,10,7,3,37,15,22
137351,52,Business Management and Administrative Services,4642,2696,1946,14,8,6,266,139,127,399,215,184,885,472,413,9,4,5,2216,1356,860,148,79,69,94,52,42,611,371,240
137476,13,Education,24,1,23,0,0,0,0,0,0,3,0,3,13,1,12,0,0,0,2,0,2,0,0,0,2,0,2,4,0,4
137476,14,Engineering,4,3,1,0,0,0,0,0,0,1,1,0,1,1,0,0,0,0,0,0,0,0,0,0,0,0,0,2,1,1
137476,26,Biological Sciences/LifeSciences,90,34,56,0,0,0,1,0,1,18,6,12,46,20,26,0,0,0,8,2,6,3,1,2,1,0,1,13,5,8
137476,27,Mathematics,3,1,2,0,0,0,0,0,0,1,0,1,1,1,0,0,0,0,0,0,0,0,0,0,0,0,0,1,0,1
137476,40,Physical Sciences,23,9,14,0,0,0,0,0,0,4,1,3,12,5,7,0,0,0,4,2,2,2,1,1,0,0,0,1,0,1
137476,52,Business Management and Administrative Services,358,238,120,0,0,0,1,0,1,64,39,25,153,102,51,0,0,0,29,16,13,8,7,1,11,9,2,92,65,27
137546,13,Education,178,42,136,1,0,1,3,1,2,9,4,5,28,8,20,0,0,0,126,25,101,8,3,5,3,1,2,0,0,0
137546,26,Biological Sciences/LifeSciences,304,93,211,1,1,0,10,2,8,25,8,17,62,20,42,1,0,1,182,55,127,10,2,8,3,2,1,10,3,7
137546,27,Mathematics,44,13,31,0,0,0,1,0,1,5,2,3,6,3,3,0,0,0,32,8,24,0,0,0,0,0,0,0,0,0
137546,40,Physical Sciences,72,45,27,0,0,0,2,0,2,8,8,0,8,5,3,0,0,0,43,26,17,1,0,1,2,1,1,8,5,3
137546,52,Business Management and Administrative Services,822,447,375,2,1,1,19,4,15,52,33,19,105,49,56,1,0,1,530,299,231,27,13,14,8,5,3,78,43,35
137564,13,Education,574,94,480,0,0,0,6,0,6,40,12,28,76,8,68,8,2,6,426,70,356,0,0,0,16,2,14,2,0,2
137564,26,Biological Sciences/LifeSciences,74,30,44,0,0,0,4,0,4,16,8,8,10,4,6,0,0,0,38,14,24,0,0,0,4,4,0,2,0,2
137564,27,Mathematics,28,18,10,0,0,0,0,0,0,4,4,0,4,0,4,0,0,0,18,12,6,0,0,0,0,0,0,2,2,0
137564,52,Business Management and Administrative Services,1124,618,506,8,6,2,14,8,6,132,88,44,170,86,84,10,4,6,708,376,332,0,0,0,24,10,14,58,40,18
137759,13,Education,197,10,187,0,0,0,3,0,3,112,10,102,17,0,17,0,0,0,53,0,53,6,0,6,6,0,6,0,0,0
137759,52,Business Management and Administrative Services,232,72,160,1,1,0,3,0,3,112,36,76,14,4,10,0,0,0,86,25,61,8,2,6,3,0,3,5,4,1
137801,52,Business Management and Administrative Services,814,191,623,4,0,4,3,1,2,403,92,311,36,7,29,1,0,1,244,61,183,31,9,22,92,21,71,0,0,0
137847,13,Education,241,35,206,2,1,1,2,0,2,9,1,8,21,3,18,0,0,0,176,28,148,10,0,10,13,1,12,8,1,7
137847,26,Biological Sciences/LifeSciences,744,188,556,2,0,2,20,8,12,37,9,28,116,29,87,0,0,0,459,107,352,19,3,16,48,13,35,43,19,24
137847,27,Mathematics,42,12,30,1,0,1,0,0,0,1,1,0,7,2,5,0,0,0,25,7,18,1,0,1,4,2,2,3,0,3
137847,40,Physical Sciences,61,29,32,1,0,1,1,1,0,6,1,5,9,3,6,0,0,0,31,16,15,1,0,1,7,5,2,5,3,2
137847,52,Business Management and Administrative Services,2204,1387,817,3,2,1,33,17,16,76,38,38,218,126,92,3,2,1,1195,739,456,48,27,21,162,96,66,466,340,126
137953,13,Education,58,20,38,0,0,0,0,0,0,5,0,5,6,1,5,0,0,0,46,18,28,1,1,0,0,0,0,0,0,0
137953,52,Business Management and Administrative Services,65,56,9,0,0,0,0,0,0,20,19,1,13,11,2,0,0,0,28,23,5,2,1,1,0,0,0,2,2,0
137962,13,Education,12,2,10,0,0,0,2,1,1,2,1,1,3,0,3,0,0,0,5,0,5,0,0,0,0,0,0,0,0,0
137962,52,Business Management and Administrative Services,52,35,17,0,0,0,0,0,0,23,17,6,11,8,3,0,0,0,13,8,5,2,1,1,3,1,2,0,0,0
138187,13,Education,118,37,81,0,0,0,3,1,2,17,3,14,23,8,15,0,0,0,66,22,44,3,0,3,6,3,3,0,0,0
138187,52,Business Management and Administrative Services,3721,1590,2131,9,1,8,118,53,65,765,313,452,1247,520,727,15,5,10,1108,498,610,97,46,51,159,70,89,203,84,119
138275,13,Education,135,33,102,0,0,0,0,0,0,32,6,26,23,7,16,0,0,0,78,20,58,2,0,2,0,0,0,0,0,0
138275,26,Biological Sciences/LifeSciences,42,23,19,4,4,0,0,0,0,7,4,3,8,5,3,0,0,0,16,6,10,4,1,3,0,0,0,3,3,0
138275,52,Business Management and Administrative Services,214,147,67,0,0,0,1,1,0,84,60,24,31,20,11,0,0,0,75,48,27,6,5,1,2,1,1,15,12,3
138293,13,Education,4,1,3,0,0,0,0,0,0,2,0,2,0,0,0,0,0,0,1,0,1,1,1,0,0,0,0,0,0,0
138293,52,Business Management and Administrative Services,324,231,93,0,0,0,0,0,0,57,44,13,30,21,9,1,0,1,119,77,42,1,1,0,0,0,0,116,88,28
138309,13,Education,1015,53,962,14,2,12,17,0,17,260,11,249,8,1,7,3,0,3,575,19,556,4,0,4,134,20,114,0,0,0
138309,14,Engineering,57,51,6,2,2,0,2,2,0,9,7,2,0,0,0,0,0,0,39,35,4,0,0,0,5,5,0,0,0,0
138309,52,Business Management and Administrative Services,1977,680,1297,31,11,20,71,40,31,263,86,177,15,4,11,7,5,2,1340,437,903,18,5,13,232,92,140,0,0,0
138354,13,Education,497,66,431,2,0,2,9,3,6,44,6,38,38,6,32,1,0,1,379,47,332,15,2,13,6,2,4,3,0,3
138354,14,Engineering,566,497,69,4,4,0,28,25,3,41,37,4,42,36,6,0,0,0,392,342,50,35,30,5,11,10,1,13,13,0
138354,26,Biological Sciences/LifeSciences,860,242,618,11,1,10,43,18,25,70,20,50,105,30,75,1,1,0,552,156,396,54,10,44,12,2,10,12,4,8
138354,27,Mathematics,86,53,33,0,0,0,4,1,3,10,5,5,6,3,3,0,0,0,60,40,20,2,1,1,1,1,0,3,2,1
138354,40,Physical Sciences,165,99,66,0,0,0,8,5,3,16,7,9,13,6,7,0,0,0,110,69,41,13,10,3,4,2,2,1,0,1
138354,52,Business Management and Administrative Services,1430,768,662,7,2,5,38,11,27,161,95,66,113,53,60,2,0,2,946,511,435,70,45,25,26,11,15,67,40,27
138558,26,Biological Sciences/LifeSciences,315,112,203,1,0,1,7,2,5,39,8,31,28,10,18,0,0,0,223,83,140,9,4,5,0,0,0,8,5,3
138558,52,Business Management and Administrative Services,279,161,118,0,0,0,5,3,2,33,21,12,21,11,10,0,0,0,200,115,85,3,0,3,0,0,0,17,11,6
138600,26,Biological Sciences/LifeSciences,51,0,51,0,0,0,6,0,6,16,0,16,6,0,6,0,0,0,13,0,13,5,0,5,1,0,1,4,0,4
138600,27,Mathematics,24,0,24,0,0,0,0,0,0,5,0,5,2,0,2,0,0,0,8,0,8,0,0,0,1,0,1,8,0,8
138600,40,Physical Sciences,15,0,15,0,0,0,1,0,1,2,0,2,2,0,2,0,0,0,9,0,9,0,0,0,0,0,0,1,0,1
138600,52,Business Management and Administrative Services,28,0,28,0,0,0,3,0,3,10,0,10,4,0,4,0,0,0,4,0,4,2,0,2,0,0,0,5,0,5
138691,52,Business Management and Administrative Services,74,15,59,0,0,0,0,0,0,37,8,29,1,1,0,0,0,0,36,6,30,0,0,0,0,0,0,0,0,0
138716,13,Education,518,205,313,1,0,1,0,0,0,443,184,259,11,2,9,0,0,0,52,16,36,6,3,3,5,0,5,0,0,0
138716,26,Biological Sciences/LifeSciences,236,46,190,2,0,2,2,1,1,213,37,176,5,1,4,0,0,0,4,4,0,3,1,2,5,1,4,2,1,1
138716,27,Mathematics,26,14,12,0,0,0,0,0,0,23,11,12,1,1,0,0,0,0,2,2,0,0,0,0,0,0,0,0,0,0
138716,40,Physical Sciences,44,16,28,0,0,0,0,0,0,35,10,25,2,2,0,0,0,0,4,4,0,1,0,1,2,0,2,0,0,0
138716,52,Business Management and Administrative Services,546,236,310,1,1,0,0,0,0,501,210,291,8,5,3,0,0,0,14,7,7,6,3,3,10,5,5,6,5,1
138789,13,Education,520,96,424,2,1,1,7,1,6,154,31,123,30,4,26,0,0,0,302,51,251,23,7,16,0,0,0,2,1,1
138789,26,Biological Sciences/LifeSciences,630,204,426,0,0,0,36,19,17,150,34,116,62,19,43,2,1,1,330,116,214,36,9,27,3,0,3,11,6,5
138789,27,Mathematics,60,26,34,0,0,0,2,0,2,15,4,11,4,2,2,0,0,0,35,17,18,3,2,1,0,0,0,1,1,0
138789,40,Physical Sciences,146,67,79,0,0,0,13,6,7,32,8,24,13,6,7,0,0,0,85,46,39,3,1,2,0,0,0,0,0,0
138789,52,Business Management and Administrative Services,251,155,96,3,1,2,8,6,2,45,21,24,21,12,9,0,0,0,147,97,50,14,7,7,0,0,0,13,11,2
138813,52,Business Management and Administrative Services,174,36,138,0,0,0,0,0,0,87,20,67,10,1,9,0,0,0,5,1,4,5,0,5,66,14,52,1,0,1
138868,13,Education,106,40,66,0,0,0,0,0,0,23,12,11,6,1,5,0,0,0,66,23,43,6,2,4,5,2,3,0,0,0
138868,26,Biological Sciences/LifeSciences,175,90,85,0,0,0,0,0,0,61,43,18,20,6,14,0,0,0,75,34,41,12,3,9,4,2,2,3,2,1
138868,52,Business Management and Administrative Services,302,206,96,2,1,1,2,2,0,123,85,38,15,11,4,2,1,1,106,66,40,11,4,7,18,15,3,23,21,2
138901,26,Biological Sciences/LifeSciences,46,16,30,0,0,0,2,0,2,42,14,28,1,1,0,0,0,0,1,1,0,0,0,0,0,0,0,0,0,0
138901,27,Mathematics,13,6,7,0,0,0,1,0,1,10,4,6,0,0,0,0,0,0,1,1,0,0,0,0,0,0,0,1,1,0
138901,52,Business Management and Administrative Services,146,53,93,0,0,0,4,1,3,132,49,83,4,1,3,0,0,0,1,0,1,2,1,1,0,0,0,3,1,2
138947,13,Education,86,14,72,1,0,1,0,0,0,72,13,59,0,0,0,0,0,0,0,0,0,0,0,0,11,1,10,2,0,2
138947,26,Biological Sciences/LifeSciences,374,53,321,0,0,0,0,0,0,327,41,286,1,0,1,0,0,0,0,0,0,0,0,0,43,11,32,3,1,2
138947,27,Mathematics,14,2,12,0,0,0,0,0,0,12,1,11,0,0,0,0,0,0,0,0,0,0,0,0,1,0,1,1,1,0
138947,40,Physical Sciences,78,39,39,0,0,0,1,0,1,65,32,33,0,0,0,0,0,0,2,0,2,0,0,0,7,4,3,3,3,0
138947,52,Business Management and Administrative Services,685,279,406,0,0,0,1,1,0,532,165,367,3,2,1,0,0,0,1,1,0,0,0,0,86,54,32,62,56,6
139010,52,Business Management and Administrative Services,189,61,128,0,0,0,0,0,0,119,36,83,7,1,6,0,0,0,62,23,39,1,1,0,0,0,0,0,0,0
139144,13,Education,117,15,102,0,0,0,1,1,0,2,2,0,11,1,10,0,0,0,98,10,88,2,1,1,3,0,3,0,0,0
139144,26,Biological Sciences/LifeSciences,447,128,319,2,1,1,2,0,2,16,5,11,39,16,23,0,0,0,355,99,256,20,4,16,12,2,10,1,1,0
139144,27,Mathematics,33,19,14,0,0,0,0,0,0,1,1,0,0,0,0,0,0,0,29,16,13,1,0,1,2,2,0,0,0,0
139144,40,Physical Sciences,45,27,18,0,0,0,0,0,0,2,1,1,3,1,2,0,0,0,38,25,13,0,0,0,2,0,2,0,0,0
139144,52,Business Management and Administrative Services,240,167,73,1,1,0,5,1,4,8,7,1,13,5,8,0,0,0,198,140,58,5,3,2,4,4,0,6,6,0
139153,52,Business Management and Administrative Services,31,16,15,0,0,0,3,2,1,23,13,10,2,1,1,0,0,0,1,0,1,0,0,0,2,0,2,0,0,0
139199,13,Education,277,22,255,0,0,0,1,0,1,85,7,78,16,1,15,0,0,0,141,9,132,6,2,4,9,2,7,19,1,18
139199,26,Biological Sciences/LifeSciences,71,2,69,0,0,0,2,0,2,18,1,17,7,0,7,0,0,0,35,0,35,4,0,4,1,0,1,4,1,3
139199,52,Business Management and Administrative Services,346,61,285,1,1,0,5,0,5,143,28,115,22,2,20,0,0,0,151,27,124,8,1,7,4,2,2,12,0,12
139205,13,Education,35,15,20,0,0,0,0,0,0,5,3,2,1,0,1,0,0,0,19,8,11,0,0,0,9,4,5,1,0,1
139205,26,Biological Sciences/LifeSciences,65,30,35,2,2,0,0,0,0,22,12,10,4,3,1,2,0,2,19,6,13,2,1,1,12,5,7,2,1,1
139205,52,Business Management and Administrative Services,152,105,47,0,0,0,0,0,0,49,38,11,20,18,2,3,2,1,42,19,23,2,1,1,25,17,8,11,10,1
139250,13,Education,234,38,196,0,0,0,1,0,1,36,8,28,7,1,6,0,0,0,175,26,149,11,3,8,2,0,2,2,0,2
139250,26,Biological Sciences/LifeSciences,370,125,245,0,0,0,10,2,8,72,23,49,28,14,14,0,0,0,227,75,152,20,6,14,8,4,4,5,1,4
139250,27,Mathematics,33,16,17,0,0,0,1,0,1,2,0,2,3,2,1,0,0,0,25,12,13,1,1,0,1,1,0,0,0,0
139250,52,Business Management and Administrative Services,605,298,307,2,0,2,11,5,6,134,59,75,27,15,12,1,0,1,378,192,186,27,10,17,17,12,5,8,5,3
139287,52,Business Management and Administrative Services,14,13,1,0,0,0,0,0,0,8,8,0,0,0,0,0,0,0,0,0,0,0,0,0,0,0,0,6,5,1
139311,13,Education,95,16,79,0,0,0,1,0,1,72,9,63,5,1,4,0,0,0,14,5,9,1,0,1,1,0,1,1,1,0
139311,26,Biological Sciences/LifeSciences,355,80,275,1,0,1,28,10,18,221,47,174,21,4,17,1,0,1,50,13,37,16,1,15,12,5,7,5,0,5
139311,27,Mathematics,52,32,20,0,0,0,5,4,1,24,13,11,3,2,1,0,0,0,14,10,4,2,2,0,1,1,0,3,0,3
139311,40,Physical Sciences,62,24,38,0,0,0,9,5,4,33,10,23,4,2,2,0,0,0,11,6,5,2,0,2,2,1,1,1,0,1
139311,52,Business Management and Administrative Services,1128,419,709,3,1,2,49,15,34,747,258,489,36,15,21,1,0,1,196,86,110,29,8,21,39,19,20,28,17,11
139366,13,Education,502,140,362,1,1,0,7,3,4,173,46,127,20,4,16,1,1,0,291,82,209,7,2,5,1,0,1,1,1,0
139366,14,Engineering,79,64,15,2,2,0,3,2,1,16,14,2,6,5,1,0,0,0,51,40,11,1,1,0,0,0,0,0,0,0
139366,26,Biological Sciences/LifeSciences,482,172,310,1,1,0,19,11,8,197,56,141,50,22,28,1,0,1,192,79,113,16,3,13,2,0,2,4,0,4
139366,27,Mathematics,71,33,38,0,0,0,3,3,0,16,4,12,3,1,2,0,0,0,40,22,18,7,2,5,1,0,1,1,1,0
139366,40,Physical Sciences,166,73,93,2,0,2,4,1,3,44,14,30,7,2,5,0,0,0,103,55,48,3,0,3,0,0,0,3,1,2
139366,52,Business Management and Administrative Services,1069,547,522,2,2,0,27,15,12,369,143,226,67,37,30,1,0,1,562,330,232,18,7,11,2,1,1,21,12,9
139393,13,Education,67,6,61,0,0,0,2,0,2,1,0,1,0,0,0,1,0,1,60,6,54,2,0,2,0,0,0,1,0,1
139393,26,Biological Sciences/LifeSciences,104,39,65,0,0,0,1,1,0,4,3,1,4,1,3,0,0,0,87,30,57,4,0,4,0,0,0,4,4,0
139393,27,Mathematics,16,9,7,0,0,0,0,0,0,0,0,0,1,0,1,0,0,0,15,9,6,0,0,0,0,0,0,0,0,0
139393,40,Physical Sciences,52,37,15,0,0,0,1,0,1,1,1,0,2,2,0,0,0,0,42,29,13,2,2,0,0,0,0,4,3,1
139393,52,Business Management and Administrative Services,93,61,32,0,0,0,1,1,0,2,2,0,6,4,2,0,0,0,76,47,29,4,4,0,0,0,0,4,3,1
139463,13,Education,401,48,353,0,0,0,1,0,1,10,3,7,73,5,68,0,0,0,300,36,264,4,2,2,8,2,6,5,0,5
139463,26,Biological Sciences/LifeSciences,445,163,282,3,2,1,9,3,6,15,4,11,114,45,69,0,0,0,269,97,172,9,4,5,19,7,12,7,1,6
139463,27,Mathematics,68,46,22,2,1,1,1,1,0,3,2,1,13,9,4,0,0,0,45,30,15,1,1,0,1,1,0,2,1,1
139463,40,Physical Sciences,118,64,54,1,1,0,8,4,4,5,3,2,21,9,12,0,0,0,75,41,34,3,2,1,4,4,0,1,0,1
139463,52,Business Management and Administrative Services,1020,561,459,4,2,2,17,9,8,43,28,15,225,121,104,1,0,1,629,343,286,13,5,8,33,16,17,55,37,18
139579,52,Business Management and Administrative Services,117,60,57,0,0,0,2,1,1,51,23,28,10,2,8,1,0,1,46,30,16,0,0,0,7,4,3,0,0,0
139621,26,Biological Sciences/LifeSciences,23,9,14,1,1,0,0,0,0,11,2,9,1,0,1,0,0,0,9,6,3,1,0,1,0,0,0,0,0,0
139630,13,Education,120,37,83,1,1,0,0,0,0,7,2,5,3,0,3,0,0,0,106,34,72,1,0,1,0,0,0,2,0,2
139630,26,Biological Sciences/LifeSciences,74,27,47,0,0,0,1,1,0,10,5,5,4,0,4,3,3,0,49,16,33,1,1,0,0,0,0,6,1,5
139630,27,Mathematics,16,11,5,0,0,0,0,0,0,2,2,0,1,1,0,0,0,0,10,6,4,2,1,1,0,0,0,1,1,0
139630,52,Business Management and Administrative Services,140,101,39,0,0,0,1,1,0,28,20,8,10,8,2,0,0,0,82,58,24,6,4,2,0,0,0,13,10,3
139658,13,Education,2,1,1,0,0,0,0,0,0,1,1,0,0,0,0,0,0,0,1,0,1,0,0,0,0,0,0,0,0,0
139658,14,Engineering,9,5,4,1,0,1,0,0,0,0,0,0,1,0,1,0,0,0,2,1,1,0,0,0,0,0,0,5,4,1
139658,26,Biological Sciences/LifeSciences,714,271,443,1,1,0,249,113,136,61,18,43,55,19,36,0,0,0,245,78,167,31,15,16,17,9,8,55,18,37
139658,27,Mathematics,184,106,78,0,0,0,20,14,6,5,2,3,15,9,6,0,0,0,38,25,13,3,2,1,4,3,1,99,51,48
139658,40,Physical Sciences,150,77,73,0,0,0,49,29,20,9,2,7,14,6,8,0,0,0,49,25,24,2,1,1,3,1,2,24,13,11
139658,52,Business Management and Administrative Services,869,469,400,0,0,0,135,70,65,26,13,13,41,22,19,1,1,0,373,226,147,18,8,10,17,8,9,258,121,137
139719,13,Education,205,79,126,1,1,0,1,1,0,187,73,114,1,0,1,0,0,0,11,2,9,3,2,1,0,0,0,1,0,1
139719,26,Biological Sciences/LifeSciences,247,66,181,0,0,0,1,0,1,226,54,172,5,2,3,0,0,0,7,5,2,5,4,1,0,0,0,3,1,2
139719,27,Mathematics,23,12,11,0,0,0,0,0,0,20,11,9,3,1,2,0,0,0,0,0,0,0,0,0,0,0,0,0,0,0
139719,40,Physical Sciences,25,5,20,0,0,0,0,0,0,23,3,20,1,1,0,0,0,0,0,0,0,1,1,0,0,0,0,0,0,0
139719,52,Business Management and Administrative Services,290,159,131,0,0,0,0,0,0,276,154,122,2,2,0,0,0,0,7,2,5,5,1,4,0,0,0,0,0,0
139755,14,Engineering,9249,6248,3001,1,0,1,1672,1139,533,599,373,226,678,470,208,3,2,1,4624,3130,1494,347,217,130,275,187,88,1050,730,320
139755,26,Biological Sciences/LifeSciences,572,168,404,0,0,0,160,56,104,50,18,32,29,8,21,0,0,0,274,63,211,26,11,15,23,9,14,10,3,7
139755,27,Mathematics,168,105,63,0,0,0,26,18,8,6,4,2,15,8,7,0,0,0,83,58,25,5,4,1,4,3,1,29,10,19
139755,40,Physical Sciences,307,189,118,0,0,0,32,16,16,13,4,9,17,12,5,0,0,0,206,134,72,9,5,4,9,7,2,21,11,10
139755,52,Business Management and Administrative Services,1283,654,629,2,2,0,207,90,117,99,71,28,66,31,35,1,1,0,778,391,387,42,23,19,42,23,19,46,22,24
139764,13,Education,409,117,292,0,0,0,1,0,1,102,34,68,12,6,6,1,0,1,283,71,212,6,2,4,1,1,0,3,3,0
139764,26,Biological Sciences/LifeSciences,117,37,80,1,0,1,3,1,2,41,11,30,6,2,4,1,1,0,60,22,38,3,0,3,0,0,0,2,0,2
139764,27,Mathematics,76,58,18,0,0,0,4,4,0,20,14,6,6,5,1,1,1,0,39,30,9,3,2,1,0,0,0,3,2,1
139764,40,Physical Sciences,39,19,20,0,0,0,1,0,1,8,2,6,3,2,1,1,0,1,24,14,10,2,1,1,0,0,0,0,0,0
139764,52,Business Management and Administrative Services,717,304,413,1,0,1,9,5,4,180,62,118,26,11,15,1,0,1,465,206,259,11,5,6,3,2,1,21,13,8
139861,13,Education,435,50,385,0,0,0,3,0,3,22,9,13,14,2,12,0,0,0,387,37,350,9,2,7,0,0,0,0,0,0
139861,26,Biological Sciences/LifeSciences,428,149,279,1,1,0,12,4,8,22,7,15,37,12,25,0,0,0,331,115,216,16,5,11,5,2,3,4,3,1
139861,27,Mathematics,56,27,29,0,0,0,2,0,2,3,1,2,0,0,0,0,0,0,50,26,24,1,0,1,0,0,0,0,0,0
139861,40,Physical Sciences,230,159,71,0,0,0,6,3,3,18,12,6,15,9,6,1,1,0,180,125,55,7,6,1,0,0,0,3,3,0
139861,52,Business Management and Administrative Services,1087,632,455,2,1,1,16,11,5,31,14,17,46,21,25,0,0,0,946,560,386,31,18,13,1,0,1,14,7,7
139931,13,Education,975,183,792,0,0,0,8,1,7,162,35,127,46,10,36,0,0,0,735,131,604,14,1,13,4,1,3,6,4,2
139931,14,Engineering,1873,1631,242,7,6,1,71,61,10,415,353,62,122,99,23,3,3,0,1106,988,118,40,34,6,26,25,1,83,62,21
139931,26,Biological Sciences/LifeSciences,1094,380,714,9,3,6,19,11,8,326,83,243,63,25,38,0,0,0,627,239,388,29,9,20,8,5,3,13,5,8
139931,27,Mathematics,89,44,45,1,0,1,1,0,1,28,15,13,3,2,1,0,0,0,54,27,27,1,0,1,0,0,0,1,0,1
139931,40,Physical Sciences,474,257,217,2,1,1,11,7,4,123,54,69,28,14,14,0,0,0,289,169,120,6,3,3,2,1,1,13,8,5
139931,52,Business Management and Administrative Services,3363,2147,1216,11,7,4,63,45,18,639,340,299,166,99,67,4,2,2,2325,1551,774,58,34,24,23,18,5,74,51,23
139940,13,Education,1474,497,977,1,0,1,168,79,89,700,220,480,148,52,96,0,0,0,343,105,238,86,31,55,18,8,10,10,2,8
139940,26,Biological Sciences/LifeSciences,2516,788,1728,3,0,3,475,181,294,1070,287,783,271,86,185,0,0,0,454,168,286,155,37,118,25,9,16,63,20,43
139940,27,Mathematics,220,134,86,0,0,0,40,28,12,76,37,39,24,16,8,0,0,0,56,37,19,12,9,3,3,1,2,9,6,3
139940,40,Physical Sciences,889,447,442,1,1,0,174,95,79,296,116,180,79,45,34,1,0,1,234,139,95,60,30,30,22,11,11,22,10,12
139940,52,Business Management and Administrative Services,4991,2451,2540,8,5,3,770,409,361,1812,759,1053,560,286,274,2,2,0,1289,768,521,253,90,163,75,36,39,222,96,126
139959,13,Education,1239,229,1010,1,0,1,66,13,53,61,8,53,66,15,51,1,0,1,991,184,807,35,7,28,7,1,6,11,1,10
139959,14,Engineering,1872,1394,478,2,1,1,236,171,65,157,104,53,116,85,31,5,4,1,1235,940,295,76,58,18,16,11,5,29,20,9
139959,26,Biological Sciences/LifeSciences,3481,1308,2173,3,0,3,745,287,458,345,99,246,207,80,127,4,0,4,1957,769,1188,159,56,103,30,11,19,31,6,25
139959,27,Mathematics,491,293,198,1,1,0,77,46,31,18,10,8,22,15,7,0,0,0,312,190,122,14,7,7,5,3,2,42,21,21
139959,40,Physical Sciences,467,253,214,0,0,0,62,23,39,41,16,25,31,17,14,0,0,0,304,182,122,23,11,12,3,2,1,3,2,1
139959,52,Business Management and Administrative Services,7734,4422,3312,7,4,3,705,404,301,392,171,221,426,229,197,11,4,7,5685,3361,2324,231,124,107,68,34,34,209,91,118
139968,13,Education,96,5,91,0,0,0,0,0,0,15,2,13,1,0,1,0,0,0,79,3,76,1,0,1,0,0,0,0,0,0
139968,26,Biological Sciences/LifeSciences,223,71,152,0,0,0,1,1,0,67,17,50,19,7,12,0,0,0,128,42,86,8,4,4,0,0,0,0,0,0
139968,27,Mathematics,20,11,9,0,0,0,1,0,1,3,2,1,1,1,0,0,0,0,15,8,7,0,0,0,0,0,0,0,0,0
139968,52,Business Management and Administrative Services,126,54,72,0,0,0,0,0,0,38,15,23,3,2,1,0,0,0,80,34,46,5,3,2,0,0,0,0,0,0
140234,13,Education,27,6,21,0,0,0,0,0,0,4,1,3,0,0,0,0,0,0,23,5,18,0,0,0,0,0,0,0,0,0
140234,14,Engineering,34,30,4,0,0,0,0,0,0,11,11,0,0,0,0,0,0,0,23,19,4,0,0,0,0,0,0,0,0,0
140234,26,Biological Sciences/LifeSciences,25,15,10,0,0,0,0,0,0,2,1,1,0,0,0,0,0,0,20,11,9,2,2,0,0,0,0,1,1,0
140234,27,Mathematics,5,3,2,0,0,0,0,0,0,0,0,0,0,0,0,0,0,0,5,3,2,0,0,0,0,0,0,0,0,0
140234,40,Physical Sciences,4,3,1,0,0,0,0,0,0,0,0,0,0,0,0,0,0,0,4,3,1,0,0,0,0,0,0,0,0,0
140234,52,Business Management and Administrative Services,74,52,22,0,0,0,0,0,0,17,10,7,1,1,0,0,0,0,52,38,14,3,2,1,1,1,0,0,0,0
140252,26,Biological Sciences/LifeSciences,122,55,67,1,0,1,2,1,1,27,8,19,10,5,5,0,0,0,65,35,30,0,0,0,6,2,4,11,4,7
140252,52,Business Management and Administrative Services,86,56,30,3,0,3,2,2,0,22,12,10,13,7,6,0,0,0,37,28,9,0,0,0,4,3,1,5,4,1
140340,52,Business Management and Administrative Services,160,63,97,1,1,0,28,18,10,100,31,69,5,3,2,0,0,0,10,6,4,5,1,4,11,3,8,0,0,0
140447,13,Education,409,39,370,0,0,0,7,1,6,185,14,171,13,0,13,0,0,0,164,19,145,4,1,3,35,3,32,1,1,0
140447,14,Engineering,575,418,157,1,0,1,37,24,13,61,38,23,35,25,10,0,0,0,368,277,91,22,17,5,22,14,8,29,23,6
140447,26,Biological Sciences/LifeSciences,303,94,209,1,1,0,44,19,25,48,15,33,14,2,12,1,1,0,167,49,118,8,1,7,12,2,10,8,4,4
140447,27,Mathematics,15,5,10,0,0,0,0,0,0,3,2,1,1,0,1,0,0,0,11,3,8,0,0,0,0,0,0,0,0,0
140447,40,Physical Sciences,53,28,25,0,0,0,9,6,3,9,4,5,2,0,2,0,0,0,29,16,13,1,0,1,2,1,1,1,1,0
140447,52,Business Management and Administrative Services,777,418,359,0,0,0,31,17,14,235,97,138,43,24,19,2,2,0,373,229,144,16,10,6,33,17,16,44,22,22
140553,13,Education,5,5,0,0,0,0,0,0,0,5,5,0,0,0,0,0,0,0,0,0,0,0,0,0,0,0,0,0,0,0
140553,14,Engineering,196,196,0,0,0,0,0,0,0,186,186,0,0,0,0,0,0,0,1,1,0,2,2,0,1,1,0,6,6,0
140553,26,Biological Sciences/LifeSciences,228,228,0,1,1,0,0,0,0,216,216,0,0,0,0,0,0,0,2,2,0,2,2,0,4,4,0,3,3,0
140553,27,Mathematics,45,45,0,0,0,0,0,0,0,38,38,0,0,0,0,0,0,0,0,0,0,0,0,0,1,1,0,6,6,0
140553,40,Physical Sciences,63,63,0,0,0,0,0,0,0,60,60,0,2,2,0,0,0,0,0,0,0,1,1,0,0,0,0,0,0,0
140553,52,Business Management and Administrative Services,546,546,0,2,2,0,0,0,0,523,523,0,3,3,0,0,0,0,2,2,0,3,3,0,9,9,0,4,4,0
140696,14,Engineering,96,76,20,0,0,0,5,2,3,23,19,4,14,10,4,0,0,0,27,23,4,2,2,0,15,12,3,10,8,2
140696,26,Biological Sciences/LifeSciences,155,55,100,0,0,0,6,2,4,47,14,33,15,5,10,0,0,0,48,19,29,2,1,1,23,11,12,14,3,11
140696,27,Mathematics,16,13,3,0,0,0,0,0,0,0,0,0,4,4,0,0,0,0,5,2,3,0,0,0,3,3,0,4,4,0
140696,40,Physical Sciences,28,14,14,0,0,0,2,1,1,7,2,5,2,1,1,0,0,0,7,5,2,1,1,0,5,1,4,4,3,1
140696,52,Business Management and Administrative Services,274,153,121,0,0,0,11,5,6,53,25,28,25,13,12,0,0,0,89,59,30,7,4,3,57,30,27,32,17,15
140720,13,Education,21,3,18,1,0,1,0,0,0,19,3,16,0,0,0,0,0,0,0,0,0,0,0,0,0,0,0,1,0,1
140720,26,Biological Sciences/LifeSciences,81,18,63,0,0,0,0,0,0,72,15,57,2,1,1,0,0,0,0,0,0,2,1,1,2,1,1,3,0,3
140720,27,Mathematics,6,4,2,0,0,0,0,0,0,5,3,2,0,0,0,0,0,0,1,1,0,0,0,0,0,0,0,0,0,0
140720,40,Physical Sciences,5,0,5,0,0,0,0,0,0,5,0,5,0,0,0,0,0,0,0,0,0,0,0,0,0,0,0,0,0,0
140720,52,Business Management and Administrative Services,117,77,40,0,0,0,1,0,1,97,64,33,3,2,1,0,0,0,7,7,0,2,0,2,2,1,1,5,3,2
140818,13,Education,166,28,138,1,0,1,0,0,0,16,3,13,9,2,7,0,0,0,119,19,100,8,2,6,13,2,11,0,0,0
140818,26,Biological Sciences/LifeSciences,64,24,40,1,0,1,1,1,0,5,2,3,4,1,3,0,0,0,48,19,29,1,0,1,4,1,3,0,0,0
140818,27,Mathematics,6,3,3,0,0,0,2,1,1,0,0,0,0,0,0,0,0,0,4,2,2,0,0,0,0,0,0,0,0,0
140818,40,Physical Sciences,9,5,4,0,0,0,1,0,1,1,1,0,0,0,0,0,0,0,3,3,0,2,0,2,2,1,1,0,0,0
140818,52,Business Management and Administrative Services,192,129,63,2,2,0,5,2,3,24,16,8,17,10,7,2,2,0,121,84,37,4,4,0,17,9,8,0,0,0
140872,13,Education,154,48,106,1,0,1,2,0,2,13,3,10,4,0,4,1,1,0,123,40,83,2,1,1,8,3,5,0,0,0
140872,26,Biological Sciences/LifeSciences,127,53,74,0,0,0,0,0,0,30,17,13,13,1,12,1,0,1,73,30,43,3,1,2,5,3,2,2,1,1
140872,27,Mathematics,19,16,3,0,0,0,0,0,0,5,5,0,2,2,0,1,1,0,8,5,3,0,0,0,3,3,0,0,0,0
140872,52,Business Management and Administrative Services,220,165,55,3,2,1,0,0,0,46,37,9,20,17,3,0,0,0,138,98,40,6,5,1,6,5,1,1,1,0
140951,14,Engineering,38,16,22,1,0,1,3,0,3,0,0,0,1,1,0,0,0,0,25,13,12,0,0,0,2,1,1,6,1,5
140960,13,Education,10,5,5,0,0,0,0,0,0,10,5,5,0,0,0,0,0,0,0,0,0,0,0,0,0,0,0,0,0,0
140960,26,Biological Sciences/LifeSciences,716,161,555,0,0,0,1,1,0,598,125,473,44,13,31,0,0,0,37,13,24,28,9,19,3,0,3,5,0,5
140960,27,Mathematics,72,31,41,0,0,0,0,0,0,58,21,37,4,3,1,0,0,0,4,3,1,4,3,1,1,0,1,1,1,0
140960,40,Physical Sciences,93,32,61,1,0,1,0,0,0,72,24,48,6,3,3,0,0,0,4,3,1,2,0,2,2,1,1,6,1,5
140960,52,Business Management and Administrative Services,926,452,474,3,1,2,0,0,0,780,373,407,60,28,32,1,0,1,37,22,15,22,15,7,5,3,2,18,10,8
140988,13,Education,109,27,82,0,0,0,1,0,1,14,8,6,4,1,3,0,0,0,88,17,71,1,0,1,0,0,0,1,1,0
140988,26,Biological Sciences/LifeSciences,140,63,77,0,0,0,0,0,0,31,21,10,11,7,4,0,0,0,88,33,55,5,1,4,3,1,2,2,0,2
140988,27,Mathematics,5,4,1,0,0,0,0,0,0,2,2,0,1,1,0,0,0,0,1,1,0,0,0,0,0,0,0,1,0,1
140988,40,Physical Sciences,16,11,5,0,0,0,0,0,0,4,4,0,1,1,0,0,0,0,9,4,5,1,1,0,0,0,0,1,1,0
140988,52,Business Management and Administrative Services,300,144,156,1,1,0,1,0,1,91,35,56,15,6,9,0,0,0,166,90,76,5,2,3,1,0,1,20,10,10
141060,13,Education,63,0,63,2,0,2,0,0,0,61,0,61,0,0,0,0,0,0,0,0,0,0,0,0,0,0,0,0,0,0
141060,14,Engineering,53,0,53,3,0,3,0,0,0,49,0,49,0,0,0,0,0,0,0,0,0,0,0,0,0,0,0,1,0,1
141060,26,Biological Sciences/LifeSciences,370,0,370,3,0,3,0,0,0,360,0,360,0,0,0,0,0,0,0,0,0,2,0,2,0,0,0,5,0,5
141060,27,Mathematics,97,0,97,0,0,0,0,0,0,93,0,93,2,0,2,0,0,0,0,0,0,1,0,1,0,0,0,1,0,1
141060,40,Physical Sciences,57,0,57,0,0,0,0,0,0,52,0,52,1,0,1,0,0,0,0,0,0,2,0,2,0,0,0,2,0,2
141167,13,Education,18,5,13,0,0,0,0,0,0,1,0,1,1,1,0,0,0,0,11,4,7,0,0,0,5,0,5,0,0,0
141167,52,Business Management and Administrative Services,47,33,14,0,0,0,0,0,0,4,2,2,3,2,1,0,0,0,19,14,5,0,0,0,7,4,3,14,11,3
141185,13,Education,75,21,54,1,1,0,3,1,2,6,3,3,2,1,1,0,0,0,63,15,48,0,0,0,0,0,0,0,0,0
141185,26,Biological Sciences/LifeSciences,31,16,15,0,0,0,4,1,3,2,2,0,3,2,1,0,0,0,20,10,10,0,0,0,0,0,0,2,1,1
141185,52,Business Management and Administrative Services,136,91,45,0,0,0,3,3,0,14,11,3,11,5,6,0,0,0,107,72,35,1,0,1,0,0,0,0,0,0
141237,13,Education,109,32,77,0,0,0,1,0,1,3,3,0,5,4,1,0,0,0,96,22,74,0,0,0,3,2,1,1,1,0
141237,26,Biological Sciences/LifeSciences,59,24,35,0,0,0,0,0,0,9,6,3,6,4,2,0,0,0,41,13,28,0,0,0,2,1,1,1,0,1
141237,52,Business Management and Administrative Services,152,103,49,0,0,0,0,0,0,18,14,4,8,6,2,0,0,0,116,74,42,0,0,0,4,3,1,6,6,0
141264,13,Education,644,124,520,1,0,1,5,1,4,194,43,151,19,6,13,0,0,0,399,71,328,20,2,18,3,1,2,3,0,3
141264,26,Biological Sciences/LifeSciences,677,226,451,1,0,1,15,11,4,287,73,214,40,9,31,0,0,0,305,122,183,21,6,15,3,3,0,5,2,3
141264,27,Mathematics,83,43,40,1,1,0,2,0,2,24,11,13,5,1,4,0,0,0,38,21,17,7,3,4,1,1,0,5,5,0
141264,40,Physical Sciences,215,106,109,1,1,0,5,2,3,71,30,41,8,4,4,0,0,0,109,59,50,11,6,5,3,1,2,7,3,4
141264,52,Business Management and Administrative Services,1534,791,743,5,4,1,30,13,17,523,235,288,76,40,36,2,0,2,775,428,347,37,18,19,7,5,2,79,48,31
141325,13,Education,25,0,25,0,0,0,2,0,2,8,0,8,2,0,2,0,0,0,12,0,12,1,0,1,0,0,0,0,0,0
141325,14,Engineering,1,0,1,0,0,0,0,0,0,0,0,0,0,0,0,0,0,0,0,0,0,0,0,0,0,0,0,1,0,1
141325,26,Biological Sciences/LifeSciences,41,0,41,0,0,0,3,0,3,13,0,13,1,0,1,0,0,0,16,0,16,0,0,0,0,0,0,8,0,8
141325,27,Mathematics,9,0,9,0,0,0,0,0,0,0,0,0,0,0,0,0,0,0,2,0,2,0,0,0,0,0,0,7,0,7
141325,40,Physical Sciences,13,0,13,0,0,0,0,0,0,1,0,1,1,0,1,0,0,0,6,0,6,0,0,0,0,0,0,5,0,5
141325,52,Business Management and Administrative Services,125,0,125,0,0,0,2,0,2,40,0,40,6,0,6,0,0,0,41,0,41,1,0,1,2,0,2,33,0,33
141334,13,Education,825,143,682,1,0,1,2,1,1,258,54,204,36,5,31,1,0,1,496,78,418,26,3,23,5,2,3,0,0,0
141334,26,Biological Sciences/LifeSciences,1010,309,701,1,1,0,15,9,6,476,124,352,77,18,59,3,2,1,376,139,237,38,6,32,12,4,8,12,6,6
141334,27,Mathematics,96,39,57,0,0,0,1,0,1,32,11,21,4,1,3,0,0,0,51,24,27,5,1,4,1,0,1,2,2,0
141334,40,Physical Sciences,353,197,156,0,0,0,10,7,3,106,40,66,21,13,8,0,0,0,188,115,73,20,15,5,6,6,0,2,1,1
141334,52,Business Management and Administrative Services,1814,912,902,1,0,1,27,10,17,663,303,360,78,38,40,4,3,1,901,492,409,56,31,25,22,12,10,62,23,39
141361,13,Education,75,8,67,0,0,0,0,0,0,0,0,0,0,0,0,0,0,0,73,7,66,0,0,0,0,0,0,2,1,1
141361,26,Biological Sciences/LifeSciences,188,53,135,3,0,3,4,1,3,14,6,8,4,0,4,0,0,0,140,41,99,6,1,5,5,0,5,12,4,8
141361,27,Mathematics,19,12,7,0,0,0,0,0,0,1,0,1,1,1,0,0,0,0,16,10,6,0,0,0,0,0,0,1,1,0
141361,40,Physical Sciences,23,11,12,0,0,0,0,0,0,2,0,2,0,0,0,0,0,0,16,11,5,2,0,2,0,0,0,3,0,3
141361,52,Business Management and Administrative Services,214,157,57,0,0,0,2,1,1,11,8,3,11,11,0,0,0,0,141,100,41,5,3,2,7,5,2,37,29,8
141486,13,Education,138,14,124,0,0,0,42,7,35,6,0,6,14,1,13,27,2,25,36,3,33,5,0,5,7,1,6,1,0,1
141486,26,Biological Sciences/LifeSciences,122,32,90,3,0,3,55,14,41,4,1,3,4,2,2,19,4,15,12,3,9,15,3,12,7,3,4,3,2,1
141486,52,Business Management and Administrative Services,231,100,131,0,0,0,75,30,45,17,9,8,13,4,9,61,22,39,26,13,13,22,13,9,12,6,6,5,3,2
141565,26,Biological Sciences/LifeSciences,395,125,270,2,0,2,68,24,44,5,2,3,51,12,39,35,19,16,120,36,84,98,29,69,1,0,1,15,3,12
141565,27,Mathematics,33,19,14,0,0,0,5,4,1,0,0,0,5,3,2,1,1,0,9,4,5,12,6,6,0,0,0,1,1,0
141565,40,Physical Sciences,147,69,78,1,0,1,35,13,22,3,0,3,16,5,11,2,1,1,45,24,21,37,20,17,0,0,0,8,6,2
141565,52,Business Management and Administrative Services,300,140,160,2,0,2,66,31,35,4,2,2,39,18,21,48,25,23,46,24,22,80,31,49,1,0,1,14,9,5
141574,13,Education,594,147,447,0,0,0,223,66,157,7,1,6,62,7,55,17,4,13,129,27,102,144,36,108,2,1,1,10,5,5
141574,14,Engineering,1091,825,266,1,1,0,635,476,159,5,3,2,60,48,12,18,14,4,100,82,18,265,197,68,1,1,0,6,3,3
141574,26,Biological Sciences/LifeSciences,1437,512,925,4,0,4,566,217,349,26,8,18,175,59,116,31,9,22,318,100,218,289,107,182,2,1,1,26,11,15
141574,27,Mathematics,66,40,26,0,0,0,25,13,12,0,0,0,3,1,2,3,3,0,12,7,5,19,12,7,0,0,0,4,4,0
141574,40,Physical Sciences,224,134,90,0,0,0,64,39,25,0,0,0,26,13,13,5,5,0,64,37,27,54,37,17,1,0,1,10,3,7
141574,52,Business Management and Administrative Services,1382,593,789,2,1,1,709,284,425,8,5,3,90,42,48,22,8,14,167,81,86,283,136,147,1,1,0,100,35,65
141644,13,Education,79,19,60,1,0,1,8,5,3,3,0,3,12,2,10,1,0,1,28,6,22,13,2,11,5,2,3,8,2,6
141644,26,Biological Sciences/LifeSciences,469,132,337,4,1,3,53,18,35,15,4,11,87,22,65,17,6,11,166,42,124,50,10,40,35,12,23,42,17,25
141644,27,Mathematics,77,45,32,0,0,0,12,6,6,2,0,2,17,8,9,2,1,1,18,14,4,12,9,3,8,5,3,6,2,4
141644,40,Physical Sciences,31,18,13,0,0,0,1,1,0,1,0,1,6,4,2,1,1,0,12,8,4,4,2,2,1,1,0,5,1,4
141644,52,Business Management and Administrative Services,810,448,362,4,2,2,114,51,63,66,45,21,118,67,51,13,5,8,218,136,82,101,45,56,72,43,29,104,54,50
141839,13,Education,67,4,63,0,0,0,13,0,13,0,0,0,9,2,7,5,1,4,15,0,15,25,1,24,0,0,0,0,0,0
141839,52,Business Management and Administrative Services,490,161,329,4,1,3,159,39,120,6,4,2,52,18,34,31,7,24,82,39,43,133,45,88,0,0,0,23,8,15
141981,13,Education,215,41,174,2,0,2,87,17,70,4,1,3,25,2,23,8,2,6,14,5,9,75,14,61,0,0,0,0,0,0
141981,52,Business Management and Administrative Services,894,303,591,1,0,1,369,135,234,23,12,11,95,34,61,40,13,27,89,33,56,273,73,200,0,0,0,4,3,1
142115,13,Education,954,222,732,3,1,2,9,2,7,4,2,2,95,23,72,0,0,0,778,181,597,41,6,35,15,5,10,9,2,7
142115,14,Engineering,1454,1218,236,3,2,1,36,28,8,8,6,2,128,106,22,2,2,0,913,747,166,62,44,18,19,17,2,283,266,17
142115,26,Biological Sciences/LifeSciences,794,294,500,5,5,0,18,6,12,10,5,5,98,29,69,2,1,1,603,229,374,36,12,24,11,5,6,11,2,9
142115,27,Mathematics,152,84,68,3,1,2,1,0,1,46,45,1,19,10,9,4,4,0,71,20,51,3,1,2,2,1,1,3,2,1
142115,40,Physical Sciences,428,287,141,1,0,1,5,3,2,5,4,1,45,30,15,59,2,57,283,223,60,16,14,2,3,2,1,11,9,2
142115,52,Business Management and Administrative Services,2817,1727,1090,10,4,6,68,34,34,54,47,7,320,188,132,11,7,4,2027,1214,813,106,68,38,50,28,22,171,137,34
142276,13,Education,743,261,482,6,3,3,3,1,2,10,8,2,79,28,51,3,2,1,546,188,358,28,12,16,61,17,44,7,2,5
142276,14,Engineering,712,644,68,0,0,0,13,12,1,6,4,2,41,35,6,2,2,0,298,268,30,11,7,4,12,9,3,329,307,22
142276,26,Biological Sciences/LifeSciences,462,225,237,7,2,5,12,5,7,8,3,5,60,24,36,1,0,1,323,168,155,13,4,9,10,7,3,28,12,16
142276,27,Mathematics,26,18,8,0,0,0,1,0,1,2,2,0,1,1,0,0,0,0,20,13,7,0,0,0,0,0,0,2,2,0
142276,40,Physical Sciences,176,122,54,4,2,2,2,2,0,0,0,0,15,13,2,0,0,0,131,89,42,12,8,4,3,2,1,9,6,3
142276,52,Business Management and Administrative Services,748,457,291,12,4,8,6,3,3,11,8,3,77,37,40,1,0,1,427,230,197,16,11,5,18,13,5,180,151,29
142285,13,Education,503,155,348,2,0,2,4,2,2,2,1,1,42,14,28,2,2,0,427,130,297,14,3,11,4,2,2,6,1,5
142285,14,Engineering,1165,964,201,5,3,2,14,9,5,12,9,3,96,82,14,0,0,0,824,672,152,48,37,11,21,17,4,145,135,10
142285,26,Biological Sciences/LifeSciences,443,190,253,2,0,2,9,3,6,4,3,1,54,25,29,1,0,1,330,140,190,21,9,12,9,5,4,13,5,8
142285,27,Mathematics,70,39,31,2,1,1,1,1,0,0,0,0,4,3,1,0,0,0,55,29,26,3,1,2,1,1,0,4,3,1
142285,40,Physical Sciences,191,113,78,0,0,0,7,4,3,3,1,2,19,11,8,0,0,0,140,87,53,12,4,8,6,4,2,4,2,2
142285,52,Business Management and Administrative Services,1015,686,329,6,4,2,19,10,9,15,11,4,79,45,34,2,1,1,724,497,227,36,25,11,22,16,6,112,77,35
142294,13,Education,42,11,31,0,0,0,0,0,0,2,1,1,3,2,1,1,1,0,32,7,25,2,0,2,1,0,1,1,0,1
142294,26,Biological Sciences/LifeSciences,156,61,95,0,0,0,2,1,1,3,3,0,22,8,14,1,0,1,112,42,70,5,3,2,7,3,4,4,1,3
142294,27,Mathematics,37,29,8,0,0,0,1,1,0,1,1,0,2,2,0,0,0,0,24,17,7,0,0,0,3,2,1,6,6,0
142294,40,Physical Sciences,34,18,16,0,0,0,2,0,2,1,0,1,6,5,1,0,0,0,19,10,9,0,0,0,2,1,1,4,2,2
142294,52,Business Management and Administrative Services,172,110,62,1,1,0,4,2,2,7,7,0,24,10,14,3,3,0,106,70,36,8,6,2,4,3,1,15,8,7
142328,13,Education,281,43,238,9,3,6,1,0,1,0,0,0,7,2,5,1,0,1,247,35,212,5,0,5,11,3,8,0,0,0
142328,14,Engineering,27,24,3,1,1,0,2,2,0,0,0,0,1,1,0,0,0,0,22,20,2,0,0,0,1,0,1,0,0,0
142328,26,Biological Sciences/LifeSciences,147,54,93,5,2,3,0,0,0,0,0,0,8,3,5,1,0,1,125,45,80,3,3,0,4,1,3,1,0,1
142328,27,Mathematics,18,7,11,0,0,0,0,0,0,0,0,0,1,1,0,0,0,0,16,5,11,1,1,0,0,0,0,0,0,0
142328,40,Physical Sciences,30,17,13,0,0,0,1,0,1,1,0,1,1,1,0,0,0,0,24,14,10,0,0,0,1,1,0,2,1,1
142328,52,Business Management and Administrative Services,566,233,333,20,9,11,4,1,3,6,4,2,17,8,9,6,4,2,465,187,278,15,3,12,14,8,6,19,9,10
142461,13,Education,163,32,131,0,0,0,1,1,0,1,1,0,14,4,10,0,0,0,135,25,110,2,0,2,10,1,9,0,0,0
142461,14,Engineering,77,66,11,0,0,0,0,0,0,0,0,0,7,6,1,0,0,0,62,53,9,2,2,0,6,5,1,0,0,0
142461,26,Biological Sciences/LifeSciences,112,45,67,0,0,0,4,3,1,2,1,1,10,6,4,0,0,0,86,31,55,3,2,1,6,2,4,1,0,1
142461,27,Mathematics,4,2,2,0,0,0,0,0,0,0,0,0,0,0,0,0,0,0,4,2,2,0,0,0,0,0,0,0,0,0
142461,40,Physical Sciences,11,8,3,0,0,0,0,0,0,0,0,0,0,0,0,0,0,0,10,7,3,0,0,0,1,1,0,0,0,0
142461,52,Business Management and Administrative Services,114,58,56,2,2,0,1,0,1,2,0,2,21,8,13,0,0,0,81,44,37,1,0,1,6,4,2,0,0,0
142522,13,Education,2452,322,2130,11,3,8,14,1,13,11,2,9,66,9,57,3,0,3,2093,262,1831,148,26,122,27,5,22,79,14,65
142522,14,Engineering,1208,1118,90,4,4,0,13,11,2,21,5,16,36,34,2,1,1,0,929,888,41,71,61,10,16,13,3,117,101,16
142522,26,Biological Sciences/LifeSciences,2421,1441,980,8,5,3,39,18,21,21,11,10,92,43,49,11,8,3,1935,1189,746,182,91,91,12,8,4,121,68,53
142522,27,Mathematics,90,56,34,0,0,0,0,0,0,0,0,0,1,0,1,0,0,0,78,49,29,3,1,2,1,0,1,7,6,1
142522,40,Physical Sciences,346,254,92,1,1,0,5,2,3,2,2,0,8,6,2,0,0,0,278,204,74,25,18,7,3,3,0,24,18,6
142522,52,Business Management and Administrative Services,6060,3881,2179,24,13,11,49,26,23,27,15,12,250,128,122,49,29,20,4148,2723,1425,361,201,160,188,138,50,964,608,356
143048,13,Education,79,8,71,1,0,1,14,0,14,2,0,2,7,2,5,0,0,0,35,3,32,2,0,2,8,1,7,10,2,8
143084,13,Education,122,33,89,0,0,0,2,0,2,0,0,0,12,3,9,0,0,0,103,27,76,3,1,2,1,1,0,1,1,0
143084,14,Engineering,36,32,4,0,0,0,1,1,0,0,0,0,4,3,1,0,0,0,28,25,3,0,0,0,0,0,0,3,3,0
143084,26,Biological Sciences/LifeSciences,382,122,260,1,0,1,10,5,5,12,5,7,34,11,23,0,0,0,294,92,202,19,4,15,4,2,2,8,3,5
143084,27,Mathematics,42,31,11,0,0,0,0,0,0,0,0,0,3,1,2,0,0,0,29,23,6,2,2,0,1,1,0,7,4,3
143084,40,Physical Sciences,53,31,22,0,0,0,0,0,0,2,1,1,2,1,1,0,0,0,43,24,19,1,1,0,1,1,0,4,3,1
143084,52,Business Management and Administrative Services,391,241,150,0,0,0,10,4,6,12,11,1,33,19,14,0,0,0,283,174,109,10,9,1,4,4,0,39,20,19
143118,13,Education,368,107,261,0,0,0,0,0,0,11,3,8,110,25,85,0,0,0,224,72,152,11,3,8,12,4,8,0,0,0
143118,26,Biological Sciences/LifeSciences,144,53,91,0,0,0,4,2,2,10,5,5,51,14,37,0,0,0,72,28,44,3,2,1,4,2,2,0,0,0
143118,27,Mathematics,30,17,13,0,0,0,0,0,0,2,1,1,11,6,5,0,0,0,16,9,7,0,0,0,1,1,0,0,0,0
143118,52,Business Management and Administrative Services,786,452,334,5,3,2,19,10,9,61,35,26,199,89,110,1,1,0,443,277,166,21,18,3,35,17,18,2,2,0
143288,13,Education,66,21,45,0,0,0,0,0,0,3,0,3,2,1,1,0,0,0,60,20,40,1,0,1,0,0,0,0,0,0
143288,26,Biological Sciences/LifeSciences,116,49,67,0,0,0,0,0,0,14,6,8,2,2,0,1,1,0,93,38,55,4,2,2,2,0,2,0,0,0
143288,27,Mathematics,9,4,5,0,0,0,0,0,0,0,0,0,0,0,0,0,0,0,9,4,5,0,0,0,0,0,0,0,0,0
143288,40,Physical Sciences,8,4,4,0,0,0,0,0,0,0,0,0,0,0,0,0,0,0,8,4,4,0,0,0,0,0,0,0,0,0
143288,52,Business Management and Administrative Services,71,38,33,0,0,0,0,0,0,6,3,3,4,4,0,0,0,0,56,29,27,1,0,1,2,1,1,2,1,1
143358,13,Education,311,55,256,1,0,1,7,0,7,7,1,6,19,4,15,0,0,0,203,33,170,9,4,5,65,13,52,0,0,0
143358,14,Engineering,906,768,138,1,0,1,27,20,7,16,10,6,49,42,7,1,1,0,564,497,67,12,11,1,208,162,46,28,25,3
143358,26,Biological Sciences/LifeSciences,145,59,86,0,0,0,5,1,4,10,3,7,11,6,5,0,0,0,71,32,39,4,2,2,39,12,27,5,3,2
143358,27,Mathematics,11,6,5,0,0,0,0,0,0,0,0,0,1,1,0,0,0,0,5,1,4,0,0,0,5,4,1,0,0,0
143358,40,Physical Sciences,50,38,12,0,0,0,4,3,1,2,0,2,1,0,1,0,0,0,28,22,6,1,1,0,13,11,2,1,1,0
143358,52,Business Management and Administrative Services,745,438,307,1,1,0,15,6,9,44,20,24,52,22,30,0,0,0,458,279,179,10,7,3,149,90,59,16,13,3
144005,13,Education,216,44,172,0,0,0,0,0,0,162,28,134,27,5,22,0,0,0,8,4,4,0,0,0,15,4,11,4,3,1
144005,26,Biological Sciences/LifeSciences,155,40,115,0,0,0,1,0,1,104,23,81,17,9,8,0,0,0,10,1,9,0,0,0,20,6,14,3,1,2
144005,27,Mathematics,18,8,10,0,0,0,0,0,0,15,7,8,1,0,1,0,0,0,1,1,0,0,0,0,0,0,0,1,0,1
144005,40,Physical Sciences,59,33,26,0,0,0,0,0,0,40,19,21,6,5,1,0,0,0,3,2,1,0,0,0,6,5,1,4,2,2
144005,52,Business Management and Administrative Services,410,162,248,2,1,1,1,0,1,303,105,198,36,18,18,0,0,0,12,7,5,0,0,0,41,23,18,15,8,7
144050,26,Biological Sciences/LifeSciences,307,124,183,1,0,1,80,29,51,19,8,11,41,17,24,0,0,0,118,50,68,19,7,12,16,8,8,13,5,8
144050,27,Mathematics,333,253,80,0,0,0,63,51,12,4,3,1,11,9,2,0,0,0,142,113,29,11,7,4,23,14,9,79,56,23
144050,40,Physical Sciences,247,159,88,0,0,0,33,22,11,6,3,3,30,18,12,1,1,0,128,87,41,15,7,8,11,8,3,23,13,10
144281,13,Education,41,3,38,0,0,0,2,0,2,4,1,3,11,1,10,0,0,0,20,1,19,2,0,2,2,0,2,0,0,0
144281,40,Physical Sciences,42,38,4,0,0,0,1,0,1,4,4,0,3,3,0,0,0,0,29,26,3,1,1,0,3,3,0,1,1,0
144281,52,Business Management and Administrative Services,528,92,436,2,1,1,16,4,12,90,13,77,76,14,62,0,0,0,279,53,226,24,2,22,26,4,22,15,1,14
144351,13,Education,308,88,220,1,0,1,5,3,2,13,4,9,64,15,49,0,0,0,214,63,151,8,2,6,2,1,1,1,0,1
144351,26,Biological Sciences/LifeSciences,64,24,40,1,0,1,0,0,0,4,0,4,25,8,17,0,0,0,27,15,12,5,1,4,1,0,1,1,0,1
144351,27,Mathematics,13,8,5,0,0,0,0,0,0,0,0,0,4,3,1,0,0,0,9,5,4,0,0,0,0,0,0,0,0,0
144351,40,Physical Sciences,10,5,5,0,0,0,0,0,0,0,0,0,4,1,3,0,0,0,4,2,2,1,1,0,0,0,0,1,1,0
144351,52,Business Management and Administrative Services,230,105,125,1,0,1,6,3,3,52,16,36,57,31,26,0,0,0,104,52,52,2,1,1,4,0,4,4,2,2
144740,13,Education,530,118,412,0,0,0,30,7,23,19,4,15,135,31,104,1,1,0,300,68,232,19,3,16,19,3,16,7,1,6
144740,26,Biological Sciences/LifeSciences,436,139,297,2,1,1,35,16,19,49,9,40,107,35,72,1,1,0,198,61,137,21,5,16,13,6,7,10,5,5
144740,27,Mathematics,117,68,49,0,0,0,8,4,4,9,5,4,18,9,9,0,0,0,63,40,23,5,1,4,5,2,3,9,7,2
144740,40,Physical Sciences,151,81,70,0,0,0,11,6,5,8,3,5,37,21,16,0,0,0,79,45,34,8,3,5,3,1,2,5,2,3
144740,52,Business Management and Administrative Services,3862,2263,1599,4,3,1,536,297,239,193,100,93,650,339,311,6,4,2,1986,1231,755,118,61,57,99,65,34,270,163,107
144883,14,Engineering,40,35,5,1,1,0,2,2,0,23,20,3,10,10,0,0,0,0,0,0,0,0,0,0,0,0,0,4,2,2
144883,26,Biological Sciences/LifeSciences,70,19,51,1,0,1,3,1,2,35,10,25,22,3,19,0,0,0,2,2,0,0,0,0,1,1,0,6,2,4
144883,27,Mathematics,3,2,1,0,0,0,1,1,0,0,0,0,0,0,0,0,0,0,1,0,1,0,0,0,0,0,0,1,1,0
144883,52,Business Management and Administrative Services,122,60,62,0,0,0,0,0,0,70,39,31,22,9,13,0,0,0,5,2,3,0,0,0,0,0,0,25,10,15
144892,13,Education,744,109,635,2,0,2,4,1,3,96,14,82,47,10,37,0,0,0,580,82,498,11,1,10,2,1,1,2,0,2
144892,14,Engineering,31,26,5,1,1,0,0,0,0,9,9,0,5,5,0,0,0,0,11,9,2,2,0,2,1,0,1,2,2,0
144892,26,Biological Sciences/LifeSciences,326,106,220,0,0,0,2,0,2,69,20,49,21,4,17,0,0,0,220,77,143,8,3,5,3,1,2,3,1,2
144892,27,Mathematics,43,23,20,0,0,0,0,0,0,4,4,0,1,0,1,0,0,0,37,18,19,1,1,0,0,0,0,0,0,0
144892,40,Physical Sciences,75,44,31,0,0,0,2,1,1,5,2,3,6,3,3,0,0,0,49,30,19,4,2,2,3,2,1,6,4,2
144892,52,Business Management and Administrative Services,705,430,275,0,0,0,11,7,4,97,55,42,51,30,21,2,1,1,489,299,190,13,7,6,7,5,2,35,26,9
144962,13,Education,300,94,206,0,0,0,8,1,7,13,10,3,56,16,40,0,0,0,208,62,146,7,2,5,8,3,5,0,0,0
144962,26,Biological Sciences/LifeSciences,171,59,112,1,0,1,21,5,16,9,3,6,43,15,28,0,0,0,93,35,58,2,0,2,2,1,1,0,0,0
144962,27,Mathematics,49,25,24,0,0,0,1,1,0,3,2,1,5,3,2,0,0,0,38,18,20,1,0,1,1,1,0,0,0,0
144962,40,Physical Sciences,66,35,31,0,0,0,7,2,5,3,2,1,12,7,5,0,0,0,40,21,19,2,1,1,2,2,0,0,0,0
144962,52,Business Management and Administrative Services,517,319,198,1,0,1,26,14,12,31,17,14,104,66,38,0,0,0,326,203,123,13,7,6,16,12,4,0,0,0
144971,13,Education,97,25,72,0,0,0,1,1,0,3,2,1,1,0,1,0,0,0,89,21,68,1,0,1,2,1,1,0,0,0
144971,26,Biological Sciences/LifeSciences,45,11,34,1,1,0,1,0,1,2,0,2,0,0,0,0,0,0,39,9,30,1,0,1,1,1,0,0,0,0
144971,27,Mathematics,16,10,6,0,0,0,1,1,0,1,0,1,1,1,0,0,0,0,13,8,5,0,0,0,0,0,0,0,0,0
144971,40,Physical Sciences,19,6,13,0,0,0,0,0,0,1,1,0,1,0,1,0,0,0,15,4,11,1,0,1,1,1,0,0,0,0
144971,52,Business Management and Administrative Services,147,105,42,3,1,2,0,0,0,9,8,1,1,1,0,0,0,0,120,85,35,5,5,0,5,3,2,4,2,2
145336,13,Education,172,13,159,0,0,0,0,0,0,39,1,38,27,0,27,0,0,0,78,11,67,4,0,4,22,1,21,2,0,2
145336,26,Biological Sciences/LifeSciences,133,44,89,0,0,0,3,1,2,27,6,21,20,5,15,0,0,0,67,25,42,4,2,2,11,4,7,1,1,0
145336,27,Mathematics,35,19,16,0,0,0,0,0,0,13,5,8,5,4,1,0,0,0,9,3,6,1,1,0,5,5,0,2,1,1
145336,40,Physical Sciences,26,17,9,0,0,0,0,0,0,5,1,4,1,1,0,0,0,0,15,12,3,0,0,0,4,3,1,1,0,1
145336,52,Business Management and Administrative Services,589,271,318,1,1,0,5,3,2,196,70,126,69,27,42,0,0,0,251,137,114,11,6,5,50,24,26,6,3,3
145372,13,Education,139,42,97,1,0,1,0,0,0,4,2,2,3,2,1,0,0,0,114,32,82,1,1,0,16,5,11,0,0,0
145372,14,Engineering,19,17,2,0,0,0,0,0,0,4,3,1,2,2,0,0,0,0,8,7,1,0,0,0,0,0,0,5,5,0
145372,26,Biological Sciences/LifeSciences,103,42,61,0,0,0,1,0,1,12,7,5,3,1,2,0,0,0,74,29,45,1,0,1,11,4,7,1,1,0
145372,27,Mathematics,5,3,2,0,0,0,0,0,0,0,0,0,0,0,0,0,0,0,3,2,1,0,0,0,1,1,0,1,0,1
145372,40,Physical Sciences,30,19,11,0,0,0,0,0,0,2,0,2,2,2,0,0,0,0,18,12,6,0,0,0,2,1,1,6,4,2
145372,52,Business Management and Administrative Services,159,84,75,0,0,0,4,2,2,25,14,11,10,8,2,1,1,0,101,47,54,1,1,0,13,9,4,4,2,2
145497,13,Education,3,0,3,0,0,0,0,0,0,0,0,0,0,0,0,0,0,0,3,0,3,0,0,0,0,0,0,0,0,0
145497,52,Business Management and Administrative Services,4,0,4,0,0,0,0,0,0,0,0,0,0,0,0,0,0,0,4,0,4,0,0,0,0,0,0,0,0,0
145600,13,Education,440,111,329,0,0,0,54,13,41,27,6,21,206,47,159,0,0,0,140,42,98,9,2,7,1,0,1,3,1,2
145600,14,Engineering,2202,1734,468,2,2,0,492,370,122,134,87,47,511,407,104,1,1,0,879,716,163,70,59,11,14,12,2,99,80,19
145600,26,Biological Sciences/LifeSciences,2137,856,1281,2,1,1,718,308,410,165,37,128,479,182,297,1,0,1,639,277,362,69,28,41,20,9,11,44,14,30
145600,27,Mathematics,113,70,43,0,0,0,31,18,13,4,3,1,34,23,11,0,0,0,39,23,16,0,0,0,1,1,0,4,2,2
145600,40,Physical Sciences,441,237,204,0,0,0,97,49,48,23,9,14,116,66,50,0,0,0,178,101,77,15,8,7,3,1,2,9,3,6
145600,52,Business Management and Administrative Services,2190,1246,944,1,0,1,490,271,219,131,59,72,627,361,266,2,0,2,772,453,319,54,34,20,17,11,6,96,57,39
145619,13,Education,123,30,93,2,1,1,13,0,13,7,2,5,17,3,14,0,0,0,75,23,52,0,0,0,7,1,6,2,0,2
145619,14,Engineering,20,11,9,0,0,0,5,3,2,3,1,2,1,0,1,0,0,0,7,5,2,0,0,0,3,2,1,1,0,1
145619,26,Biological Sciences/LifeSciences,270,108,162,1,1,0,101,34,67,9,3,6,31,11,20,2,1,1,97,37,60,0,0,0,27,20,7,2,1,1
145619,27,Mathematics,32,17,15,0,0,0,7,3,4,4,4,0,5,2,3,0,0,0,15,8,7,0,0,0,1,0,1,0,0,0
145619,40,Physical Sciences,27,15,12,0,0,0,5,3,2,0,0,0,3,2,1,0,0,0,18,10,8,0,0,0,1,0,1,0,0,0
145619,52,Business Management and Administrative Services,837,434,403,2,1,1,85,43,42,73,33,40,118,57,61,2,1,1,384,203,181,0,0,0,165,89,76,8,7,1
145637,13,Education,889,150,739,1,0,1,70,16,54,47,12,35,107,16,91,0,0,0,644,102,542,9,2,7,0,0,0,11,2,9
145637,14,Engineering,7266,5801,1465,4,3,1,1588,1253,335,133,100,33,509,417,92,7,7,0,3187,2569,618,252,201,51,38,32,6,1548,1219,329
145637,26,Biological Sciences/LifeSciences,2270,968,1302,0,0,0,668,287,381,134,50,84,232,101,131,2,1,1,1046,451,595,68,32,36,5,3,2,115,43,72
145637,27,Mathematics,989,618,371,0,0,0,221,154,67,7,6,1,43,26,17,0,0,0,217,148,69,6,5,1,3,3,0,492,276,216
145637,40,Physical Sciences,1145,784,361,0,0,0,196,126,70,43,16,27,103,70,33,1,1,0,490,346,144,30,18,12,6,5,1,276,202,74
145637,52,Business Management and Administrative Services,3347,1822,1525,1,0,1,644,331,313,109,49,60,240,145,95,3,3,0,1610,988,622,72,30,42,15,9,6,653,267,386
145646,13,Education,44,8,36,0,0,0,1,0,1,2,1,1,4,1,3,0,0,0,31,5,26,2,0,2,1,0,1,3,1,2
145646,26,Biological Sciences/LifeSciences,214,85,129,0,0,0,24,11,13,7,2,5,16,10,6,0,0,0,144,52,92,2,2,0,5,2,3,16,6,10
145646,27,Mathematics,48,32,16,0,0,0,4,1,3,2,2,0,4,2,2,0,0,0,26,21,5,0,0,0,0,0,0,12,6,6
145646,40,Physical Sciences,56,43,13,0,0,0,3,2,1,2,2,0,4,2,2,0,0,0,32,26,6,1,1,0,1,0,1,13,10,3
145646,52,Business Management and Administrative Services,234,156,78,0,0,0,2,0,2,13,11,2,14,7,7,0,0,0,179,123,56,11,5,6,2,1,1,13,9,4
145691,13,Education,25,4,21,0,0,0,0,0,0,1,0,1,1,0,1,0,0,0,23,4,19,0,0,0,0,0,0,0,0,0
145691,26,Biological Sciences/LifeSciences,109,46,63,2,0,2,0,0,0,9,5,4,9,7,2,0,0,0,80,32,48,4,1,3,0,0,0,5,1,4
145691,27,Mathematics,8,4,4,0,0,0,0,0,0,1,0,1,0,0,0,0,0,0,7,4,3,0,0,0,0,0,0,0,0,0
145691,40,Physical Sciences,16,11,5,0,0,0,0,0,0,2,2,0,2,2,0,0,0,0,9,6,3,1,1,0,0,0,0,2,0,2
145691,52,Business Management and Administrative Services,35,23,12,0,0,0,1,1,0,1,1,0,3,2,1,0,0,0,28,18,10,0,0,0,0,0,0,2,1,1
145725,14,Engineering,1416,1043,373,3,3,0,185,135,50,67,51,16,239,183,56,2,2,0,517,383,134,37,27,10,58,36,22,308,223,85
145725,26,Biological Sciences/LifeSciences,72,24,48,1,1,0,14,5,9,6,2,4,14,5,9,0,0,0,20,5,15,2,0,2,6,3,3,9,3,6
145725,27,Mathematics,51,33,18,0,0,0,3,3,0,2,2,0,9,5,4,0,0,0,20,14,6,1,0,1,3,1,2,13,8,5
145725,40,Physical Sciences,65,45,20,0,0,0,1,1,0,2,2,0,11,9,2,0,0,0,33,22,11,1,1,0,2,2,0,15,8,7
145725,52,Business Management and Administrative Services,129,86,43,0,0,0,10,9,1,10,6,4,22,11,11,0,0,0,30,26,4,3,3,0,4,2,2,50,29,21
145770,52,Business Management and Administrative Services,47,10,37,1,0,1,1,0,1,39,8,31,3,0,3,0,0,0,3,2,1,0,0,0,0,0,0,0,0,0
145813,13,Education,2903,524,2379,3,0,3,50,9,41,95,18,77,313,58,255,1,1,0,2354,423,1931,72,13,59,14,2,12,1,0,1
145813,26,Biological Sciences/LifeSciences,791,315,476,3,0,3,31,18,13,115,36,79,92,35,57,1,0,1,514,212,302,28,12,16,5,1,4,2,1,1
145813,27,Mathematics,352,197,155,0,0,0,17,4,13,20,12,8,29,15,14,0,0,0,270,154,116,11,8,3,2,2,0,3,2,1
145813,40,Physical Sciences,305,198,107,0,0,0,6,3,3,19,10,9,22,12,10,0,0,0,249,167,82,7,4,3,1,1,0,1,1,0
145813,52,Business Management and Administrative Services,3991,2633,1358,8,7,1,70,42,28,281,151,130,351,215,136,0,0,0,3146,2129,1017,92,59,33,13,13,0,30,17,13
146010,52,Business Management and Administrative Services,8,1,7,0,0,0,0,0,0,6,1,5,0,0,0,0,0,0,0,0,0,0,0,0,2,0,2,0,0,0
146339,13,Education,98,19,79,1,0,1,1,0,1,1,0,1,14,6,8,0,0,0,72,12,60,0,0,0,9,1,8,0,0,0
146339,26,Biological Sciences/LifeSciences,29,14,15,0,0,0,1,0,1,3,2,1,5,1,4,0,0,0,15,9,6,0,0,0,3,2,1,2,0,2
146339,27,Mathematics,10,7,3,1,0,1,0,0,0,0,0,0,2,1,1,0,0,0,6,5,1,0,0,0,1,1,0,0,0,0
146339,40,Physical Sciences,1,0,1,0,0,0,0,0,0,0,0,0,1,0,1,0,0,0,0,0,0,0,0,0,0,0,0,0,0,0
146339,52,Business Management and Administrative Services,281,149,132,0,0,0,6,3,3,29,11,18,42,23,19,3,2,1,153,81,72,7,4,3,28,14,14,13,11,2
146393,13,Education,504,14,490,1,1,0,9,0,9,141,5,136,87,3,84,2,0,2,251,5,246,4,0,4,9,0,9,0,0,0
146393,52,Business Management and Administrative Services,342,120,222,2,0,2,12,4,8,26,9,17,40,10,30,0,0,0,109,41,68,9,4,5,0,0,0,144,52,92
146427,13,Education,46,14,32,0,0,0,1,0,1,6,2,4,9,3,6,0,0,0,24,8,16,3,1,2,1,0,1,2,0,2
146427,26,Biological Sciences/LifeSciences,85,35,50,0,0,0,12,7,5,8,3,5,7,2,5,0,0,0,37,11,26,5,4,1,7,2,5,9,6,3
146427,27,Mathematics,8,4,4,0,0,0,1,0,1,1,1,0,0,0,0,0,0,0,2,1,1,0,0,0,0,0,0,4,2,2
146427,40,Physical Sciences,37,13,24,0,0,0,2,0,2,0,0,0,3,2,1,0,0,0,18,6,12,0,0,0,4,1,3,10,4,6
146481,13,Education,65,10,55,0,0,0,4,0,4,5,1,4,21,1,20,0,0,0,31,6,25,2,2,0,1,0,1,1,0,1
146481,26,Biological Sciences/LifeSciences,161,59,102,1,1,0,18,7,11,6,2,4,15,3,12,0,0,0,108,40,68,4,2,2,3,3,0,6,1,5
146481,27,Mathematics,33,20,13,0,0,0,1,0,1,0,0,0,6,3,3,0,0,0,14,10,4,1,0,1,2,1,1,9,6,3
146481,40,Physical Sciences,59,30,29,5,5,0,11,6,5,0,0,0,3,0,3,0,0,0,30,13,17,2,1,1,1,0,1,7,5,2
146481,52,Business Management and Administrative Services,235,149,86,1,1,0,11,5,6,13,10,3,31,17,14,0,0,0,146,93,53,9,6,3,5,2,3,19,15,4
146612,13,Education,285,54,231,0,0,0,5,2,3,5,0,5,55,13,42,0,0,0,203,37,166,9,1,8,7,1,6,1,0,1
146612,14,Engineering,23,23,0,0,0,0,2,2,0,1,1,0,10,10,0,0,0,0,9,9,0,1,1,0,0,0,0,0,0,0
146612,26,Biological Sciences/LifeSciences,279,90,189,1,0,1,28,12,16,8,2,6,51,16,35,0,0,0,171,53,118,10,3,7,5,2,3,5,2,3
146612,27,Mathematics,46,25,21,0,0,0,0,0,0,1,0,1,5,2,3,0,0,0,35,21,14,3,1,2,2,1,1,0,0,0
146612,40,Physical Sciences,137,88,49,0,0,0,5,3,2,2,1,1,25,16,9,1,0,1,93,62,31,7,5,2,3,1,2,1,0,1
146612,52,Business Management and Administrative Services,776,401,375,1,0,1,19,11,8,56,26,30,168,71,97,0,0,0,449,252,197,16,10,6,54,20,34,13,11,2
146667,13,Education,27,5,22,0,0,0,0,0,0,2,0,2,1,1,0,0,0,0,22,2,20,0,0,0,0,0,0,2,2,0
146667,52,Business Management and Administrative Services,37,16,21,0,0,0,0,0,0,3,2,1,1,1,0,0,0,0,27,10,17,0,0,0,0,0,0,6,3,3
146676,52,Business Management and Administrative Services,224,85,139,1,0,1,1,0,1,57,25,32,9,4,5,0,0,0,144,51,93,3,1,2,9,4,5,0,0,0
146719,13,Education,267,35,232,0,0,0,26,1,25,3,0,3,43,9,34,1,0,1,177,22,155,8,2,6,2,0,2,7,1,6
146719,14,Engineering,103,72,31,0,0,0,16,9,7,6,4,2,13,9,4,1,1,0,49,36,13,8,3,5,4,4,0,6,6,0
146719,26,Biological Sciences/LifeSciences,1932,722,1210,2,0,2,455,176,279,88,23,65,276,97,179,9,7,2,958,358,600,80,35,45,25,11,14,39,15,24
146719,27,Mathematics,117,65,52,0,0,0,17,7,10,3,3,0,12,10,2,0,0,0,70,38,32,4,1,3,0,0,0,11,6,5
146719,40,Physical Sciences,213,110,103,2,2,0,22,6,16,5,2,3,27,13,14,1,1,0,140,76,64,7,5,2,4,1,3,5,4,1
146719,52,Business Management and Administrative Services,1900,976,924,2,1,1,150,76,74,107,49,58,282,131,151,4,1,3,1044,544,500,63,32,31,27,12,15,221,130,91
146825,13,Education,29,2,27,0,0,0,0,0,0,2,1,1,0,0,0,0,0,0,26,1,25,1,0,1,0,0,0,0,0,0
146825,26,Biological Sciences/LifeSciences,52,26,26,0,0,0,1,1,0,5,3,2,6,3,3,1,1,0,36,16,20,1,0,1,2,2,0,0,0,0
146825,52,Business Management and Administrative Services,81,58,23,0,0,0,0,0,0,2,2,0,6,4,2,1,1,0,60,41,19,4,3,1,7,6,1,1,1,0
147013,13,Education,141,43,98,0,0,0,0,0,0,7,2,5,4,2,2,0,0,0,111,34,77,6,0,6,12,4,8,1,1,0
147013,26,Biological Sciences/LifeSciences,129,44,85,2,0,2,1,1,0,11,3,8,8,1,7,0,0,0,88,28,60,6,4,2,8,3,5,5,4,1
147013,27,Mathematics,47,31,16,1,1,0,0,0,0,4,4,0,2,2,0,0,0,0,30,16,14,3,3,0,5,3,2,2,2,0
147013,40,Physical Sciences,12,6,6,0,0,0,0,0,0,2,2,0,0,0,0,0,0,0,9,4,5,0,0,0,0,0,0,1,0,1
147013,52,Business Management and Administrative Services,598,326,272,3,1,2,7,3,4,110,59,51,38,23,15,1,1,0,363,188,175,15,9,6,47,29,18,14,13,1
147165,52,Business Management and Administrative Services,165,49,116,0,0,0,0,0,0,35,6,29,3,2,1,0,0,0,120,37,83,6,4,2,1,0,1,0,0,0
147244,13,Education,210,58,152,1,0,1,1,0,1,18,4,14,19,9,10,0,0,0,162,42,120,9,3,6,0,0,0,0,0,0
147244,26,Biological Sciences/LifeSciences,127,45,82,0,0,0,4,2,2,12,3,9,7,2,5,0,0,0,91,35,56,5,1,4,5,2,3,3,0,3
147244,27,Mathematics,27,14,13,0,0,0,0,0,0,2,1,1,0,0,0,0,0,0,23,11,12,1,1,0,0,0,0,1,1,0
147244,40,Physical Sciences,37,21,16,0,0,0,0,0,0,5,3,2,1,0,1,0,0,0,28,17,11,1,0,1,0,0,0,2,1,1
147244,52,Business Management and Administrative Services,368,217,151,1,1,0,7,5,2,60,38,22,17,9,8,0,0,0,256,144,112,8,5,3,5,5,0,14,10,4
147341,13,Education,89,30,59,1,0,1,1,0,1,9,3,6,9,4,5,0,0,0,65,22,43,2,1,1,2,0,2,0,0,0
147341,26,Biological Sciences/LifeSciences,99,35,64,0,0,0,1,0,1,10,4,6,9,2,7,0,0,0,60,20,40,4,2,2,6,3,3,9,4,5
147341,27,Mathematics,19,8,11,0,0,0,0,0,0,1,0,1,2,2,0,0,0,0,11,4,7,2,0,2,2,1,1,1,1,0
147341,40,Physical Sciences,37,26,11,0,0,0,1,1,0,2,1,1,5,4,1,0,0,0,22,15,7,1,1,0,2,1,1,4,3,1
147341,52,Business Management and Administrative Services,247,163,84,1,1,0,3,3,0,20,14,6,31,18,13,0,0,0,156,102,54,5,4,1,11,7,4,20,14,6
147369,13,Education,16,0,16,0,0,0,0,0,0,0,0,0,0,0,0,0,0,0,12,0,12,1,0,1,2,0,2,1,0,1
147536,13,Education,230,34,196,1,0,1,5,1,4,46,7,39,127,14,113,0,0,0,46,11,35,2,1,1,2,0,2,1,0,1
147536,52,Business Management and Administrative Services,328,156,172,0,0,0,5,2,3,112,43,69,108,55,53,0,0,0,80,42,38,9,4,5,9,6,3,5,4,1
147590,26,Biological Sciences/LifeSciences,59,19,40,2,0,2,8,3,5,7,1,6,8,2,6,0,0,0,31,13,18,1,0,1,2,0,2,0,0,0
147660,13,Education,267,83,184,1,0,1,7,1,6,9,5,4,44,18,26,1,0,1,178,46,132,9,3,6,18,10,8,0,0,0
147660,26,Biological Sciences/LifeSciences,193,73,120,0,0,0,8,3,5,5,2,3,28,9,19,0,0,0,127,52,75,7,2,5,14,4,10,4,1,3
147660,27,Mathematics,44,26,18,0,0,0,2,0,2,1,1,0,6,3,3,0,0,0,32,20,12,0,0,0,2,1,1,1,1,0
147660,40,Physical Sciences,79,50,29,0,0,0,6,4,2,5,2,3,18,12,6,0,0,0,45,29,16,1,1,0,4,2,2,0,0,0
147660,52,Business Management and Administrative Services,565,319,246,2,1,1,13,5,8,15,13,2,70,35,35,0,0,0,396,233,163,10,3,7,43,23,20,16,6,10
147679,13,Education,35,3,32,0,0,0,3,0,3,3,0,3,6,0,6,0,0,0,18,2,16,1,1,0,0,0,0,4,0,4
147679,14,Engineering,27,22,5,0,0,0,3,3,0,4,3,1,6,4,2,2,2,0,4,3,1,5,5,0,0,0,0,3,2,1
147679,26,Biological Sciences/LifeSciences,112,39,73,0,0,0,12,5,7,2,0,2,28,10,18,1,0,1,50,16,34,9,3,6,5,3,2,5,2,3
147679,27,Mathematics,16,9,7,0,0,0,0,0,0,0,0,0,4,1,3,0,0,0,7,5,2,1,0,1,2,1,1,2,2,0
147679,40,Physical Sciences,46,22,24,0,0,0,6,1,5,2,1,1,11,3,8,1,1,0,18,11,7,3,3,0,3,1,2,2,1,1
147679,52,Business Management and Administrative Services,176,83,93,1,1,0,3,3,0,19,7,12,35,11,24,0,0,0,98,53,45,4,1,3,7,3,4,9,4,5
147703,13,Education,928,188,740,1,0,1,19,8,11,86,18,68,140,27,113,2,0,2,643,131,512,31,3,28,2,1,1,4,0,4
147703,14,Engineering,1149,1016,133,0,0,0,87,78,9,83,72,11,182,164,18,2,1,1,673,589,84,40,34,6,10,9,1,72,69,3
147703,26,Biological Sciences/LifeSciences,557,223,334,0,0,0,45,25,20,104,39,65,86,32,54,0,0,0,268,106,162,38,16,22,2,1,1,14,4,10
147703,27,Mathematics,191,124,67,0,0,0,12,9,3,11,10,1,31,19,12,0,0,0,124,78,46,9,6,3,1,1,0,3,1,2
147703,40,Physical Sciences,342,215,127,1,0,1,14,6,8,30,13,17,64,38,26,0,0,0,216,150,66,14,6,8,0,0,0,3,2,1
147703,52,Business Management and Administrative Services,2461,1593,868,4,3,1,170,100,70,288,175,113,441,271,170,1,1,0,1402,953,449,69,46,23,10,6,4,76,38,38
147767,13,Education,56,27,29,0,0,0,10,4,6,2,2,0,11,6,5,0,0,0,30,12,18,2,2,0,1,1,0,0,0,0
147767,14,Engineering,1513,973,540,1,0,1,278,165,113,64,39,25,173,105,68,0,0,0,696,463,233,65,38,27,26,17,9,210,146,64
147767,26,Biological Sciences/LifeSciences,421,174,247,0,0,0,123,54,69,26,4,22,48,19,29,0,0,0,182,80,102,23,12,11,4,1,3,15,4,11
147767,27,Mathematics,199,131,68,0,0,0,44,32,12,3,2,1,20,11,9,0,0,0,86,59,27,6,2,4,2,2,0,38,23,15
147767,40,Physical Sciences,83,45,38,1,1,0,23,13,10,2,1,1,9,5,4,0,0,0,41,20,21,2,2,0,1,1,0,4,2,2
147767,52,Business Management and Administrative Services,74,29,45,0,0,0,7,2,5,13,2,11,6,3,3,0,0,0,42,19,23,4,2,2,2,1,1,0,0,0
147776,13,Education,270,76,194,1,0,1,23,2,21,15,4,11,101,31,70,1,0,1,112,37,75,5,0,5,5,1,4,7,1,6
147776,26,Biological Sciences/LifeSciences,395,155,240,1,0,1,58,21,37,29,10,19,129,51,78,3,2,1,126,59,67,7,2,5,19,6,13,23,4,19
147776,27,Mathematics,98,54,44,0,0,0,17,8,9,6,3,3,34,21,13,0,0,0,31,18,13,1,1,0,5,3,2,4,0,4
147776,40,Physical Sciences,114,69,45,1,0,1,8,3,5,8,3,5,32,22,10,0,0,0,51,34,17,2,0,2,3,3,0,9,4,5
147776,52,Business Management and Administrative Services,905,476,429,0,0,0,108,58,50,50,17,33,314,170,144,0,0,0,339,181,158,10,4,6,25,15,10,59,31,28
147828,13,Education,285,57,228,1,0,1,0,0,0,13,2,11,10,0,10,0,0,0,255,54,201,6,1,5,0,0,0,0,0,0
147828,14,Engineering,285,236,49,0,0,0,5,3,2,6,5,1,22,16,6,0,0,0,242,205,37,5,3,2,0,0,0,5,4,1
147828,26,Biological Sciences/LifeSciences,196,63,133,0,0,0,5,0,5,20,6,14,21,6,15,0,0,0,146,49,97,2,1,1,0,0,0,2,1,1
147828,27,Mathematics,9,4,5,0,0,0,0,0,0,1,0,1,0,0,0,0,0,0,6,3,3,0,0,0,0,0,0,2,1,1
147828,40,Physical Sciences,45,21,24,0,0,0,0,0,0,1,0,1,2,0,2,0,0,0,40,19,21,2,2,0,0,0,0,0,0,0
147828,52,Business Management and Administrative Services,502,262,240,0,0,0,13,5,8,43,15,28,27,12,15,1,1,0,396,211,185,10,6,4,0,0,0,12,12,0
148016,13,Education,55,17,38,0,0,0,0,0,0,1,0,1,6,2,4,1,1,0,37,12,25,2,1,1,0,0,0,8,1,7
148016,14,Engineering,10,7,3,0,0,0,0,0,0,0,0,0,0,0,0,0,0,0,7,6,1,0,0,0,0,0,0,3,1,2
148016,26,Biological Sciences/LifeSciences,27,11,16,0,0,0,0,0,0,0,0,0,1,0,1,0,0,0,20,9,11,0,0,0,1,1,0,5,1,4
148016,27,Mathematics,7,4,3,0,0,0,0,0,0,0,0,0,1,0,1,0,0,0,6,4,2,0,0,0,0,0,0,0,0,0
148016,40,Physical Sciences,15,13,2,0,0,0,0,0,0,0,0,0,0,0,0,0,0,0,12,10,2,0,0,0,0,0,0,3,3,0
148016,52,Business Management and Administrative Services,58,36,22,0,0,0,1,1,0,2,1,1,0,0,0,0,0,0,42,28,14,1,1,0,2,1,1,10,4,6
148131,13,Education,61,13,48,0,0,0,1,0,1,1,0,1,4,1,3,0,0,0,50,12,38,0,0,0,5,0,5,0,0,0
148131,26,Biological Sciences/LifeSciences,104,42,62,0,0,0,3,3,0,10,6,4,4,1,3,0,0,0,75,29,46,0,0,0,11,3,8,1,0,1
148131,27,Mathematics,13,10,3,0,0,0,0,0,0,1,1,0,0,0,0,0,0,0,10,7,3,0,0,0,1,1,0,1,1,0
148131,40,Physical Sciences,26,10,16,0,0,0,0,0,0,2,2,0,0,0,0,0,0,0,19,6,13,0,0,0,5,2,3,0,0,0
148131,52,Business Management and Administrative Services,200,140,60,0,0,0,1,0,1,20,17,3,0,0,0,1,1,0,154,107,47,0,0,0,22,13,9,2,2,0
148177,52,Business Management and Administrative Services,116,18,98,1,0,1,3,1,2,53,8,45,15,3,12,1,0,1,32,4,28,0,0,0,9,2,7,2,0,2
148335,52,Business Management and Administrative Services,1261,723,538,2,0,2,31,17,14,300,159,141,373,178,195,0,0,0,495,330,165,21,13,8,30,18,12,9,8,1
148405,13,Education,103,50,53,1,0,1,1,1,0,9,8,1,14,4,10,0,0,0,74,33,41,3,3,0,1,1,0,0,0,0
148405,26,Biological Sciences/LifeSciences,32,9,23,0,0,0,1,1,0,1,1,0,4,1,3,0,0,0,23,5,18,3,1,2,0,0,0,0,0,0
148405,27,Mathematics,12,7,5,0,0,0,0,0,0,1,0,1,3,3,0,0,0,0,8,4,4,0,0,0,0,0,0,0,0,0
148405,40,Physical Sciences,3,2,1,0,0,0,0,0,0,0,0,0,0,0,0,0,0,0,3,2,1,0,0,0,0,0,0,0,0,0
148405,52,Business Management and Administrative Services,144,66,78,0,0,0,4,1,3,12,3,9,18,10,8,0,0,0,104,50,54,2,1,1,1,0,1,3,1,2
148487,13,Education,158,23,135,0,0,0,5,0,5,18,4,14,47,9,38,0,0,0,82,8,74,4,2,2,1,0,1,1,0,1
148487,26,Biological Sciences/LifeSciences,236,65,171,0,0,0,32,10,22,42,10,32,63,16,47,2,1,1,78,26,52,4,1,3,5,0,5,10,1,9
148487,27,Mathematics,24,9,15,0,0,0,1,0,1,1,0,1,11,3,8,0,0,0,9,5,4,1,0,1,0,0,0,1,1,0
148487,40,Physical Sciences,15,7,8,0,0,0,3,1,2,2,1,1,2,1,1,0,0,0,7,4,3,0,0,0,0,0,0,1,0,1
148487,52,Business Management and Administrative Services,824,349,475,2,1,1,42,21,21,138,46,92,197,85,112,3,1,2,379,165,214,13,5,8,6,5,1,44,20,24
148496,13,Education,48,3,45,1,0,1,1,0,1,0,0,0,26,3,23,0,0,0,19,0,19,0,0,0,1,0,1,0,0,0
148496,26,Biological Sciences/LifeSciences,130,42,88,1,0,1,7,2,5,6,1,5,71,21,50,0,0,0,40,14,26,1,1,0,3,2,1,1,1,0
148496,27,Mathematics,41,23,18,0,0,0,1,0,1,2,1,1,21,16,5,0,0,0,17,6,11,0,0,0,0,0,0,0,0,0
148496,40,Physical Sciences,10,6,4,0,0,0,1,0,1,0,0,0,6,4,2,0,0,0,2,1,1,1,1,0,0,0,0,0,0,0
148496,52,Business Management and Administrative Services,324,160,164,1,1,0,4,4,0,12,5,7,164,63,101,0,0,0,110,57,53,1,0,1,3,2,1,29,28,1
148584,13,Education,95,17,78,1,0,1,0,0,0,0,0,0,20,1,19,0,0,0,69,16,53,3,0,3,2,0,2,0,0,0
148584,26,Biological Sciences/LifeSciences,110,37,73,0,0,0,4,1,3,9,2,7,25,8,17,0,0,0,61,20,41,4,3,1,0,0,0,7,3,4
148584,27,Mathematics,21,13,8,0,0,0,0,0,0,0,0,0,3,2,1,0,0,0,16,10,6,1,1,0,1,0,1,0,0,0
148584,52,Business Management and Administrative Services,246,151,95,1,1,0,1,0,1,23,15,8,44,24,20,1,1,0,157,99,58,5,2,3,4,1,3,10,8,2
148627,13,Education,115,9,106,0,0,0,8,3,5,7,0,7,34,2,32,0,0,0,55,4,51,9,0,9,2,0,2,0,0,0
148627,26,Biological Sciences/LifeSciences,256,82,174,1,1,0,11,5,6,30,10,20,80,23,57,0,0,0,113,34,79,6,1,5,15,8,7,0,0,0
148627,27,Mathematics,16,8,8,0,0,0,2,1,1,1,1,0,3,1,2,0,0,0,7,3,4,2,1,1,1,1,0,0,0,0
148627,40,Physical Sciences,40,14,26,0,0,0,1,0,1,7,3,4,10,3,7,0,0,0,18,7,11,1,0,1,3,1,2,0,0,0
148627,52,Business Management and Administrative Services,512,283,229,0,0,0,7,5,2,66,26,40,174,95,79,0,0,0,240,144,96,13,6,7,12,7,5,0,0,0
148654,13,Education,39,14,25,0,0,0,0,0,0,1,0,1,3,2,1,0,0,0,35,12,23,0,0,0,0,0,0,0,0,0
148654,26,Biological Sciences/LifeSciences,176,59,117,0,0,0,6,4,2,30,8,22,15,5,10,0,0,0,113,37,76,6,4,2,1,0,1,5,1,4
148654,27,Mathematics,109,73,36,1,0,1,6,5,1,12,11,1,10,6,4,0,0,0,73,45,28,1,0,1,3,3,0,3,3,0
148654,40,Physical Sciences,42,25,17,0,0,0,3,1,2,4,2,2,2,1,1,0,0,0,32,20,12,0,0,0,1,1,0,0,0,0
148654,52,Business Management and Administrative Services,675,346,329,0,0,0,22,12,10,74,39,35,43,18,25,0,0,0,430,230,200,12,3,9,10,4,6,84,40,44
148876,13,Education,324,10,314,0,0,0,1,0,1,2,0,2,293,7,286,0,0,0,1,0,1,0,0,0,19,2,17,8,1,7
148876,52,Business Management and Administrative Services,232,47,185,0,0,0,2,0,2,3,1,2,206,43,163,0,0,0,0,0,0,0,0,0,15,1,14,6,2,4
149222,13,Education,676,264,412,4,4,0,11,5,6,146,57,89,65,30,35,1,1,0,425,159,266,19,6,13,3,1,2,2,1,1
149222,14,Engineering,757,670,87,0,0,0,9,7,2,38,30,8,48,46,2,0,0,0,515,452,63,16,13,3,0,0,0,131,122,9
149222,26,Biological Sciences/LifeSciences,901,336,565,0,0,0,21,10,11,90,24,66,81,30,51,0,0,0,664,254,410,32,14,18,1,1,0,12,3,9
149222,27,Mathematics,57,30,27,1,0,1,1,1,0,3,2,1,8,1,7,0,0,0,42,25,17,0,0,0,0,0,0,2,1,1
149222,40,Physical Sciences,159,94,65,0,0,0,3,2,1,14,5,9,8,6,2,0,0,0,122,73,49,7,5,2,1,0,1,4,3,1
149222,52,Business Management and Administrative Services,1138,623,515,3,2,1,23,12,11,152,85,67,72,52,20,0,0,0,745,393,352,33,21,12,0,0,0,110,58,52
149231,13,Education,383,40,343,0,0,0,2,0,2,60,1,59,4,0,4,2,1,1,305,36,269,7,1,6,2,1,1,1,0,1
149231,14,Engineering,570,497,73,2,2,0,13,13,0,15,12,3,16,14,2,1,1,0,466,416,50,9,5,4,12,10,2,36,24,12
149231,26,Biological Sciences/LifeSciences,521,214,307,0,0,0,17,9,8,61,18,43,35,9,26,3,2,1,379,165,214,18,7,11,7,3,4,1,1,0
149231,27,Mathematics,101,61,40,1,1,0,4,3,1,5,2,3,1,1,0,0,0,0,84,50,34,4,3,1,2,1,1,0,0,0
149231,40,Physical Sciences,166,90,76,0,0,0,6,3,3,16,9,7,6,3,3,0,0,0,126,67,59,8,6,2,2,2,0,2,0,2
149231,52,Business Management and Administrative Services,955,521,434,0,0,0,18,8,10,81,36,45,29,12,17,0,0,0,779,439,340,27,11,16,12,9,3,9,6,3
149505,13,Education,273,51,222,1,1,0,1,0,1,21,4,17,46,2,44,0,0,0,172,38,134,4,0,4,15,1,14,13,5,8
149505,26,Biological Sciences/LifeSciences,38,9,29,0,0,0,2,0,2,1,0,1,2,1,1,1,0,1,26,5,21,1,0,1,2,2,0,3,1,2
149505,27,Mathematics,9,8,1,0,0,0,0,0,0,1,1,0,3,3,0,0,0,0,5,4,1,0,0,0,0,0,0,0,0,0
149505,40,Physical Sciences,1,1,0,0,0,0,0,0,0,0,0,0,0,0,0,0,0,0,1,1,0,0,0,0,0,0,0,0,0,0
149505,52,Business Management and Administrative Services,188,117,71,0,0,0,1,0,1,14,5,9,14,4,10,0,0,0,133,93,40,3,1,2,3,1,2,20,13,7
149514,13,Education,77,22,55,0,0,0,0,0,0,3,2,1,2,1,1,0,0,0,65,18,47,3,1,2,4,0,4,0,0,0
149514,26,Biological Sciences/LifeSciences,3,1,2,0,0,0,0,0,0,0,0,0,0,0,0,0,0,0,3,1,2,0,0,0,0,0,0,0,0,0
149514,27,Mathematics,12,6,6,0,0,0,1,0,1,1,1,0,0,0,0,0,0,0,8,4,4,1,1,0,0,0,0,1,0,1
149514,52,Business Management and Administrative Services,127,82,45,0,0,0,5,2,3,21,19,2,11,6,5,0,0,0,68,42,26,5,3,2,14,8,6,3,2,1
149639,13,Education,133,71,62,0,0,0,4,2,2,8,6,2,23,18,5,0,0,0,69,30,39,5,2,3,22,13,9,2,0,2
149772,13,Education,395,83,312,0,0,0,2,1,1,52,11,41,40,8,32,0,0,0,279,55,224,13,3,10,8,4,4,1,1,0
149772,14,Engineering,167,142,25,1,1,0,1,0,1,35,29,6,13,10,3,0,0,0,108,94,14,5,4,1,2,2,0,2,2,0
149772,26,Biological Sciences/LifeSciences,413,130,283,0,0,0,1,0,1,107,22,85,47,20,27,0,0,0,236,77,159,15,7,8,4,2,2,3,2,1
149772,27,Mathematics,52,35,17,0,0,0,0,0,0,7,2,5,8,5,3,0,0,0,32,23,9,2,2,0,2,2,0,1,1,0
149772,40,Physical Sciences,246,112,134,0,0,0,3,1,2,50,10,40,22,8,14,0,0,0,154,87,67,11,5,6,4,1,3,2,0,2
149772,52,Business Management and Administrative Services,1211,695,516,1,0,1,14,8,6,226,116,110,125,72,53,0,0,0,751,444,307,32,16,16,34,21,13,28,18,10
149781,13,Education,134,31,103,0,0,0,12,4,8,4,3,1,7,0,7,0,0,0,101,20,81,6,4,2,0,0,0,4,0,4
149781,14,Engineering,27,24,3,0,0,0,5,4,1,0,0,0,2,2,0,0,0,0,16,14,2,1,1,0,0,0,0,3,3,0
149781,26,Biological Sciences/LifeSciences,85,41,44,0,0,0,15,9,6,3,2,1,4,2,2,0,0,0,60,27,33,1,0,1,0,0,0,2,1,1
149781,27,Mathematics,72,42,30,0,0,0,4,2,2,1,0,1,0,0,0,0,0,0,57,34,23,5,3,2,0,0,0,5,3,2
149781,40,Physical Sciences,86,47,39,0,0,0,8,2,6,2,1,1,1,1,0,0,0,0,70,41,29,4,2,2,0,0,0,1,0,1
149781,52,Business Management and Administrative Services,196,131,65,0,0,0,7,5,2,8,5,3,9,2,7,0,0,0,162,115,47,6,3,3,0,0,0,4,1,3
150066,13,Education,185,44,141,1,0,1,1,1,0,12,5,7,4,1,3,0,0,0,158,35,123,0,0,0,7,2,5,2,0,2
150066,14,Engineering,32,29,3,0,0,0,0,0,0,6,4,2,0,0,0,0,0,0,23,23,0,0,0,0,0,0,0,3,2,1
150066,26,Biological Sciences/LifeSciences,57,22,35,1,0,1,1,0,1,1,0,1,3,0,3,0,0,0,44,19,25,0,0,0,2,0,2,5,3,2
150066,27,Mathematics,5,2,3,0,0,0,0,0,0,0,0,0,0,0,0,0,0,0,4,1,3,0,0,0,1,1,0,0,0,0
150066,40,Physical Sciences,10,3,7,0,0,0,2,1,1,0,0,0,0,0,0,0,0,0,8,2,6,0,0,0,0,0,0,0,0,0
150066,52,Business Management and Administrative Services,247,133,114,3,2,1,3,1,2,20,7,13,5,2,3,1,0,1,196,114,82,2,0,2,12,4,8,5,3,2
150136,13,Education,1790,354,1436,1,0,1,8,3,5,80,17,63,61,15,46,1,0,1,1570,302,1268,36,10,26,25,5,20,8,2,6
150136,14,Engineering,12,10,2,0,0,0,0,0,0,1,0,1,1,1,0,0,0,0,9,8,1,0,0,0,1,1,0,0,0,0
150136,26,Biological Sciences/LifeSciences,612,225,387,1,1,0,4,1,3,47,17,30,19,9,10,1,0,1,500,186,314,28,6,22,9,3,6,3,2,1
150136,27,Mathematics,95,40,55,0,0,0,2,0,2,2,1,1,3,0,3,0,0,0,79,33,46,6,4,2,2,1,1,1,1,0
150136,40,Physical Sciences,245,125,120,0,0,0,3,1,2,18,6,12,15,7,8,0,0,0,193,103,90,10,6,4,4,2,2,2,0,2
150136,52,Business Management and Administrative Services,2819,1817,1002,1,0,1,37,19,18,202,108,94,90,52,38,3,2,1,2237,1504,733,57,32,25,31,22,9,161,78,83
150145,13,Education,164,37,127,2,2,0,0,0,0,10,3,7,14,3,11,1,0,1,128,27,101,8,2,6,1,0,1,0,0,0
150145,14,Engineering,13,12,1,0,0,0,0,0,0,2,2,0,2,2,0,0,0,0,8,7,1,0,0,0,0,0,0,1,1,0
150145,26,Biological Sciences/LifeSciences,51,23,28,0,0,0,3,2,1,5,2,3,1,1,0,0,0,0,40,17,23,0,0,0,1,0,1,1,1,0
150145,27,Mathematics,45,33,12,0,0,0,3,1,2,1,1,0,4,3,1,1,0,1,31,24,7,3,3,0,1,0,1,1,1,0
150145,40,Physical Sciences,6,1,5,0,0,0,0,0,0,0,0,0,0,0,0,0,0,0,5,1,4,1,0,1,0,0,0,0,0,0
150145,52,Business Management and Administrative Services,255,128,127,0,0,0,5,2,3,44,14,30,20,6,14,0,0,0,170,95,75,9,6,3,2,2,0,5,3,2
150163,13,Education,312,68,244,0,0,0,1,0,1,11,3,8,8,3,5,0,0,0,273,56,217,7,2,5,8,2,6,4,2,2
150163,14,Engineering,3,3,0,0,0,0,0,0,0,0,0,0,0,0,0,0,0,0,3,3,0,0,0,0,0,0,0,0,0,0
150163,26,Biological Sciences/LifeSciences,246,78,168,1,0,1,18,6,12,6,0,6,12,4,8,0,0,0,201,66,135,4,1,3,3,1,2,1,0,1
150163,27,Mathematics,38,20,18,0,0,0,0,0,0,2,1,1,1,1,0,0,0,0,31,14,17,2,2,0,2,2,0,0,0,0
150163,40,Physical Sciences,174,99,75,2,1,1,11,6,5,11,6,5,4,4,0,0,0,0,135,78,57,4,2,2,6,2,4,1,0,1
150163,52,Business Management and Administrative Services,1097,656,441,2,1,1,26,12,14,43,29,14,36,17,19,0,0,0,910,550,360,38,18,20,32,19,13,10,10,0
150172,13,Education,38,15,23,0,0,0,2,1,1,1,0,1,11,4,7,1,0,1,23,10,13,0,0,0,0,0,0,0,0,0
150172,26,Biological Sciences/LifeSciences,45,23,22,1,1,0,0,0,0,9,5,4,16,6,10,0,0,0,19,11,8,0,0,0,0,0,0,0,0,0
150172,52,Business Management and Administrative Services,93,70,23,1,1,0,2,2,0,19,16,3,27,21,6,0,0,0,40,27,13,4,3,1,0,0,0,0,0,0
150400,13,Education,37,7,30,0,0,0,1,1,0,2,0,2,3,2,1,0,0,0,27,4,23,3,0,3,0,0,0,1,0,1
150400,26,Biological Sciences/LifeSciences,118,47,71,1,1,0,11,4,7,2,0,2,4,2,2,0,0,0,83,35,48,12,3,9,3,1,2,2,1,1
150400,27,Mathematics,18,6,12,0,0,0,0,0,0,0,0,0,0,0,0,0,0,0,11,4,7,1,0,1,0,0,0,6,2,4
150400,40,Physical Sciences,42,28,14,0,0,0,0,0,0,0,0,0,2,0,2,0,0,0,26,17,9,3,2,1,0,0,0,11,9,2
150400,52,Business Management and Administrative Services,7,2,5,0,0,0,0,0,0,0,0,0,0,0,0,0,0,0,2,2,0,0,0,0,0,0,0,5,0,5
150455,26,Biological Sciences/LifeSciences,58,20,38,1,0,1,6,1,5,5,2,3,3,1,2,0,0,0,31,9,22,0,0,0,0,0,0,12,7,5
150455,27,Mathematics,9,5,4,0,0,0,1,1,0,1,1,0,1,1,0,0,0,0,2,0,2,0,0,0,0,0,0,4,2,2
150455,40,Physical Sciences,33,15,18,0,0,0,2,1,1,1,1,0,2,1,1,0,0,0,15,6,9,0,0,0,2,0,2,11,6,5
150455,52,Business Management and Administrative Services,24,14,10,0,0,0,1,0,1,10,6,4,1,1,0,0,0,0,7,7,0,0,0,0,0,0,0,5,0,5
150534,13,Education,108,18,90,0,0,0,0,0,0,4,0,4,6,3,3,0,0,0,93,14,79,1,0,1,3,1,2,1,0,1
150534,14,Engineering,331,293,38,0,0,0,5,5,0,2,2,0,6,5,1,0,0,0,191,162,29,4,4,0,10,8,2,113,107,6
150534,26,Biological Sciences/LifeSciences,174,64,110,0,0,0,8,2,6,5,1,4,9,3,6,0,0,0,116,40,76,8,3,5,3,0,3,25,15,10
150534,27,Mathematics,24,19,5,0,0,0,0,0,0,0,0,0,0,0,0,0,0,0,20,16,4,0,0,0,1,1,0,3,2,1
150534,40,Physical Sciences,36,21,15,0,0,0,1,0,1,0,0,0,0,0,0,0,0,0,27,14,13,0,0,0,0,0,0,8,7,1
150534,52,Business Management and Administrative Services,300,185,115,1,1,0,6,1,5,12,9,3,8,1,7,0,0,0,168,91,77,4,3,1,3,0,3,98,79,19
150604,13,Education,85,22,63,1,0,1,1,0,1,1,0,1,2,0,2,0,0,0,74,21,53,4,1,3,2,0,2,0,0,0
150604,26,Biological Sciences/LifeSciences,50,19,31,0,0,0,0,0,0,3,0,3,3,0,3,0,0,0,41,17,24,1,0,1,1,1,0,1,1,0
150604,27,Mathematics,31,24,7,0,0,0,0,0,0,2,2,0,2,1,1,0,0,0,23,19,4,2,1,1,1,1,0,1,0,1
150604,40,Physical Sciences,22,10,12,0,0,0,1,0,1,1,0,1,0,0,0,0,0,0,17,8,9,0,0,0,1,1,0,2,1,1
150604,52,Business Management and Administrative Services,63,43,20,0,0,0,0,0,0,0,0,0,2,0,2,0,0,0,58,40,18,3,3,0,0,0,0,0,0,0
150668,13,Education,58,16,42,0,0,0,2,0,2,4,1,3,13,2,11,0,0,0,30,8,22,2,1,1,0,0,0,7,4,3
150668,26,Biological Sciences/LifeSciences,86,39,47,0,0,0,1,1,0,2,1,1,20,8,12,0,0,0,52,22,30,2,2,0,0,0,0,9,5,4
150668,27,Mathematics,9,4,5,0,0,0,0,0,0,0,0,0,0,0,0,0,0,0,9,4,5,0,0,0,0,0,0,0,0,0
150668,40,Physical Sciences,30,26,4,0,0,0,1,1,0,0,0,0,3,2,1,0,0,0,22,20,2,0,0,0,0,0,0,4,3,1
150668,52,Business Management and Administrative Services,106,67,39,0,0,0,1,0,1,6,6,0,22,10,12,0,0,0,57,32,25,1,1,0,1,1,0,18,17,1
150677,13,Education,192,30,162,0,0,0,2,0,2,1,1,0,5,1,4,0,0,0,175,24,151,5,2,3,4,2,2,0,0,0
150677,14,Engineering,63,52,11,0,0,0,0,0,0,1,1,0,2,2,0,0,0,0,54,43,11,1,1,0,4,4,0,1,1,0
150677,26,Biological Sciences/LifeSciences,29,14,15,0,0,0,0,0,0,1,1,0,2,0,2,0,0,0,23,11,12,0,0,0,1,1,0,2,1,1
150677,27,Mathematics,8,4,4,0,0,0,0,0,0,0,0,0,1,1,0,0,0,0,7,3,4,0,0,0,0,0,0,0,0,0
150677,52,Business Management and Administrative Services,379,208,171,1,0,1,6,5,1,23,11,12,21,9,12,0,0,0,293,164,129,8,4,4,24,14,10,3,1,2
150756,13,Education,22,1,21,0,0,0,1,0,1,1,1,0,1,0,1,0,0,0,14,0,14,0,0,0,5,0,5,0,0,0
150756,26,Biological Sciences/LifeSciences,52,14,38,0,0,0,2,0,2,1,1,0,0,0,0,0,0,0,46,11,35,0,0,0,1,1,0,2,1,1
150756,27,Mathematics,17,10,7,0,0,0,0,0,0,0,0,0,1,0,1,0,0,0,12,7,5,0,0,0,1,0,1,3,3,0
150756,40,Physical Sciences,37,18,19,0,0,0,0,0,0,0,0,0,1,1,0,0,0,0,32,15,17,0,0,0,0,0,0,4,2,2
150774,13,Education,6,0,6,0,0,0,0,0,0,0,0,0,0,0,0,0,0,0,6,0,6,0,0,0,0,0,0,0,0,0
150774,52,Business Management and Administrative Services,131,101,30,1,1,0,3,1,2,9,7,2,13,9,4,0,0,0,84,65,19,8,8,0,2,1,1,11,9,2
150941,13,Education,106,22,84,0,0,0,0,0,0,1,1,0,2,2,0,0,0,0,101,19,82,2,0,2,0,0,0,0,0,0
150941,26,Biological Sciences/LifeSciences,28,6,22,1,0,1,0,0,0,0,0,0,1,0,1,0,0,0,23,6,17,2,0,2,0,0,0,1,0,1
150941,27,Mathematics,5,3,2,0,0,0,0,0,0,0,0,0,0,0,0,0,0,0,4,2,2,1,1,0,0,0,0,0,0,0
150941,40,Physical Sciences,3,2,1,0,0,0,0,0,0,0,0,0,0,0,0,0,0,0,3,2,1,0,0,0,0,0,0,0,0,0
150941,52,Business Management and Administrative Services,166,99,67,0,0,0,1,0,1,5,3,2,7,3,4,0,0,0,132,75,57,1,1,0,0,0,0,20,17,3
151102,13,Education,765,165,600,0,0,0,6,0,6,17,3,14,25,6,19,0,0,0,693,155,538,21,1,20,2,0,2,1,0,1
151102,14,Engineering,417,376,41,0,0,0,13,11,2,5,3,2,25,23,2,1,1,0,321,293,28,11,10,1,1,1,0,40,34,6
151102,26,Biological Sciences/LifeSciences,451,169,282,1,0,1,25,9,16,22,6,16,27,6,21,0,0,0,349,141,208,15,3,12,2,2,0,10,2,8
151102,27,Mathematics,73,45,28,0,0,0,1,1,0,0,0,0,4,3,1,0,0,0,63,39,24,2,1,1,1,1,0,2,0,2
151102,40,Physical Sciences,161,111,50,0,0,0,4,3,1,3,3,0,5,1,4,0,0,0,140,96,44,7,6,1,1,1,0,1,1,0
151102,52,Business Management and Administrative Services,1311,766,545,3,1,2,34,19,15,54,20,34,68,44,24,0,0,0,1070,642,428,39,21,18,5,3,2,38,16,22
151111,13,Education,1109,203,906,3,0,3,17,5,12,67,10,57,73,16,57,1,0,1,887,164,723,40,2,38,8,1,7,13,5,8
151111,14,Engineering,1913,1613,300,2,0,2,96,80,16,110,82,28,118,96,22,4,3,1,1226,1053,173,65,51,14,19,16,3,273,232,41
151111,26,Biological Sciences/LifeSciences,1199,433,766,0,0,0,132,55,77,141,36,105,115,32,83,1,0,1,709,273,436,57,21,36,8,3,5,36,13,23
151111,27,Mathematics,181,109,72,0,0,0,11,5,6,16,9,7,5,1,4,0,0,0,132,88,44,8,3,5,2,1,1,7,2,5
151111,40,Physical Sciences,391,212,179,0,0,0,32,12,20,34,8,26,21,6,15,0,0,0,278,173,105,15,6,9,1,1,0,10,6,4
151111,52,Business Management and Administrative Services,3406,1881,1525,4,3,1,143,70,73,304,139,165,208,99,109,5,4,1,2421,1365,1056,130,73,57,21,11,10,170,117,53
151166,52,Business Management and Administrative Services,516,175,341,2,0,2,9,5,4,99,40,59,27,10,17,0,0,0,332,100,232,21,10,11,26,10,16,0,0,0
151263,13,Education,240,48,192,0,0,0,4,2,2,9,4,5,13,2,11,0,0,0,187,32,155,7,0,7,16,7,9,4,1,3
151263,14,Engineering,6,4,2,0,0,0,0,0,0,0,0,0,0,0,0,0,0,0,4,3,1,0,0,0,0,0,0,2,1,1
151263,26,Biological Sciences/LifeSciences,208,62,146,1,0,1,11,1,10,20,4,16,14,5,9,0,0,0,129,37,92,11,2,9,14,7,7,8,6,2
151263,27,Mathematics,12,6,6,0,0,0,1,1,0,0,0,0,1,1,0,0,0,0,9,3,6,0,0,0,1,1,0,0,0,0
151263,40,Physical Sciences,151,89,62,0,0,0,6,4,2,17,12,5,8,3,5,0,0,0,90,46,44,4,3,1,8,7,1,18,14,4
151263,52,Business Management and Administrative Services,786,494,292,0,0,0,15,7,8,85,39,46,31,17,14,0,0,0,427,255,172,14,12,2,33,23,10,181,141,40
151290,13,Education,44,14,30,0,0,0,0,0,0,1,0,1,2,1,1,0,0,0,37,10,27,0,0,0,2,1,1,2,2,0
151290,14,Engineering,623,515,108,0,0,0,5,4,1,53,38,15,24,17,7,0,0,0,282,221,61,16,11,5,45,35,10,198,189,9
151290,52,Business Management and Administrative Services,3190,1165,2025,8,0,8,12,7,5,1185,370,815,120,50,70,7,2,5,1175,501,674,88,33,55,565,183,382,30,19,11
151306,13,Education,576,62,514,2,0,2,1,0,1,15,3,12,7,1,6,0,0,0,538,58,480,11,0,11,0,0,0,2,0,2
151306,14,Engineering,351,312,39,0,0,0,5,3,2,5,4,1,11,10,1,0,0,0,307,276,31,6,4,2,0,0,0,17,15,2
151306,26,Biological Sciences/LifeSciences,365,137,228,0,0,0,17,7,10,12,4,8,10,1,9,0,0,0,308,116,192,14,6,8,1,0,1,3,3,0
151306,27,Mathematics,55,29,26,0,0,0,0,0,0,0,0,0,0,0,0,0,0,0,50,25,25,1,1,0,0,0,0,4,3,1
151306,40,Physical Sciences,88,50,38,0,0,0,0,0,0,3,0,3,4,1,3,0,0,0,77,46,31,2,1,1,0,0,0,2,2,0
151306,52,Business Management and Administrative Services,1116,663,453,1,1,0,21,13,8,50,25,25,43,23,20,0,0,0,943,558,385,20,13,7,0,0,0,38,30,8
151324,13,Education,797,201,596,1,0,1,2,0,2,67,20,47,34,10,24,1,1,0,659,164,495,23,5,18,5,0,5,5,1,4
151324,26,Biological Sciences/LifeSciences,223,77,146,1,0,1,8,3,5,45,13,32,10,4,6,0,0,0,145,55,90,9,1,8,1,0,1,4,1,3
151324,27,Mathematics,53,18,35,2,0,2,0,0,0,6,2,4,3,2,1,0,0,0,38,13,25,3,0,3,0,0,0,1,1,0
151324,40,Physical Sciences,126,76,50,0,0,0,2,1,1,10,4,6,2,2,0,0,0,0,103,64,39,4,2,2,1,1,0,4,2,2
151324,52,Business Management and Administrative Services,1733,1037,696,7,5,2,23,10,13,280,153,127,57,35,22,0,0,0,1168,679,489,57,38,19,15,11,4,126,106,20
151333,13,Education,220,55,165,0,0,0,0,0,0,3,1,2,7,0,7,1,1,0,199,51,148,8,1,7,2,1,1,0,0,0
151333,26,Biological Sciences/LifeSciences,104,33,71,1,0,1,3,0,3,2,0,2,6,1,5,0,0,0,85,29,56,3,1,2,3,2,1,1,0,1
151333,27,Mathematics,7,6,1,0,0,0,0,0,0,0,0,0,1,1,0,0,0,0,6,5,1,0,0,0,0,0,0,0,0,0
151333,40,Physical Sciences,12,8,4,0,0,0,0,0,0,0,0,0,0,0,0,0,0,0,12,8,4,0,0,0,0,0,0,0,0,0
151333,52,Business Management and Administrative Services,418,229,189,2,1,1,4,1,3,19,10,9,20,13,7,1,0,1,347,189,158,17,8,9,5,4,1,3,3,0
151342,13,Education,505,125,380,1,0,1,1,1,0,18,1,17,26,6,20,0,0,0,433,110,323,18,5,13,3,1,2,5,1,4
151342,26,Biological Sciences/LifeSciences,218,93,125,0,0,0,7,3,4,19,8,11,30,12,18,1,1,0,139,54,85,10,5,5,0,0,0,12,10,2
151342,27,Mathematics,22,10,12,0,0,0,0,0,0,1,0,1,0,0,0,0,0,0,17,8,9,3,2,1,1,0,1,0,0,0
151342,40,Physical Sciences,68,49,19,1,0,1,3,3,0,4,3,1,8,6,2,0,0,0,44,31,13,5,4,1,0,0,0,3,2,1
151342,52,Business Management and Administrative Services,1052,602,450,1,1,0,20,11,9,59,29,30,110,69,41,0,0,0,756,429,327,29,18,11,11,5,6,66,40,26
151351,13,Education,1722,349,1373,4,1,3,39,10,29,77,16,61,96,28,68,2,0,2,1400,271,1129,61,14,47,5,1,4,38,8,30
151351,14,Engineering,39,32,7,0,0,0,2,2,0,0,0,0,4,3,1,0,0,0,28,22,6,3,3,0,0,0,0,2,2,0
151351,26,Biological Sciences/LifeSciences,2889,1218,1671,6,4,2,307,136,171,166,60,106,186,85,101,2,1,1,1991,841,1150,162,57,105,6,2,4,63,32,31
151351,27,Mathematics,317,200,117,0,0,0,14,9,5,5,4,1,7,5,2,0,0,0,118,75,43,6,4,2,2,2,0,165,101,64
151351,40,Physical Sciences,464,305,159,0,0,0,27,14,13,19,10,9,29,20,9,1,1,0,326,220,106,25,17,8,2,2,0,35,21,14
151351,52,Business Management and Administrative Services,9603,6203,3400,8,4,4,600,384,216,224,135,89,466,311,155,0,0,0,6242,4259,1983,255,163,92,29,22,7,1779,925,854
151360,13,Education,252,36,216,1,0,1,3,0,3,22,2,20,40,8,32,0,0,0,177,25,152,7,1,6,2,0,2,0,0,0
151360,26,Biological Sciences/LifeSciences,196,73,123,1,1,0,15,9,6,32,7,25,45,14,31,0,0,0,93,36,57,8,5,3,0,0,0,2,1,1
151360,27,Mathematics,8,5,3,0,0,0,0,0,0,2,1,1,1,0,1,0,0,0,4,3,1,0,0,0,0,0,0,1,1,0
151360,40,Physical Sciences,57,31,26,0,0,0,4,1,3,2,2,0,17,7,10,0,0,0,28,17,11,6,4,2,0,0,0,0,0,0
151360,52,Business Management and Administrative Services,523,288,235,1,1,0,12,5,7,73,33,40,107,55,52,0,0,0,308,183,125,11,3,8,9,7,2,2,1,1
151379,13,Education,561,142,419,0,0,0,2,0,2,21,4,17,13,2,11,0,0,0,513,132,381,11,4,7,1,0,1,0,0,0
151379,26,Biological Sciences/LifeSciences,235,81,154,0,0,0,4,1,3,10,5,5,8,2,6,1,1,0,203,67,136,7,3,4,2,2,0,0,0,0
151379,27,Mathematics,40,23,17,0,0,0,2,2,0,1,0,1,1,1,0,0,0,0,33,20,13,1,0,1,2,0,2,0,0,0
151379,40,Physical Sciences,95,50,45,0,0,0,5,3,2,2,0,2,4,1,3,0,0,0,79,43,36,3,1,2,0,0,0,2,2,0
151379,52,Business Management and Administrative Services,971,528,443,2,2,0,20,12,8,59,31,28,32,18,14,1,0,1,817,446,371,28,11,17,6,5,1,6,3,3
151388,13,Education,257,55,202,0,0,0,1,1,0,2,0,2,4,1,3,0,0,0,243,51,192,5,2,3,2,0,2,0,0,0
151388,26,Biological Sciences/LifeSciences,165,60,105,1,0,1,2,1,1,6,0,6,2,1,1,0,0,0,146,52,94,7,5,2,0,0,0,1,1,0
151388,27,Mathematics,207,150,57,2,1,1,7,3,4,19,13,6,10,6,4,0,0,0,147,111,36,9,7,2,6,4,2,7,5,2
151388,52,Business Management and Administrative Services,734,344,390,1,0,1,13,6,7,35,19,16,18,12,6,0,0,0,628,286,342,20,11,9,10,5,5,9,5,4
151458,52,Business Management and Administrative Services,314,92,222,1,0,1,0,0,0,10,2,8,13,4,9,0,0,0,257,76,181,17,6,11,16,4,12,0,0,0
151616,52,Business Management and Administrative Services,39,14,25,0,0,0,0,0,0,24,10,14,3,1,2,0,0,0,11,3,8,0,0,0,1,0,1,0,0,0
151777,13,Education,152,48,104,0,0,0,2,1,1,4,3,1,11,3,8,0,0,0,129,38,91,6,3,3,0,0,0,0,0,0
151777,14,Engineering,33,26,7,0,0,0,0,0,0,6,4,2,4,4,0,0,0,0,17,13,4,1,1,0,1,1,0,4,3,1
151777,26,Biological Sciences/LifeSciences,27,9,18,1,0,1,0,0,0,1,1,0,0,0,0,0,0,0,20,7,13,2,1,1,0,0,0,3,0,3
151777,27,Mathematics,9,7,2,0,0,0,0,0,0,0,0,0,0,0,0,0,0,0,8,6,2,1,1,0,0,0,0,0,0,0
151777,40,Physical Sciences,21,14,7,0,0,0,1,1,0,2,2,0,1,0,1,0,0,0,17,11,6,0,0,0,0,0,0,0,0,0
151777,52,Business Management and Administrative Services,245,164,81,1,1,0,4,0,4,12,8,4,11,7,4,0,0,0,201,140,61,9,7,2,1,0,1,6,1,5
151786,13,Education,142,45,97,0,0,0,0,0,0,4,2,2,6,1,5,0,0,0,127,38,89,3,3,0,2,1,1,0,0,0
151786,26,Biological Sciences/LifeSciences,124,46,78,0,0,0,7,3,4,7,3,4,4,1,3,1,0,1,94,33,61,3,2,1,5,2,3,3,2,1
151786,27,Mathematics,42,31,11,0,0,0,0,0,0,3,2,1,2,2,0,0,0,0,35,26,9,0,0,0,0,0,0,2,1,1
151786,40,Physical Sciences,31,16,15,0,0,0,0,0,0,3,0,3,2,1,1,0,0,0,25,14,11,1,1,0,0,0,0,0,0,0
151786,52,Business Management and Administrative Services,454,297,157,3,1,2,6,3,3,71,38,33,22,16,6,0,0,0,307,213,94,14,9,5,18,9,9,13,8,5
151801,13,Education,303,57,246,0,0,0,2,2,0,4,1,3,6,1,5,1,0,1,259,43,216,9,3,6,17,5,12,5,2,3
151801,26,Biological Sciences/LifeSciences,129,54,75,0,0,0,2,0,2,3,1,2,5,3,2,0,0,0,105,42,63,2,1,1,11,6,5,1,1,0
151801,27,Mathematics,16,8,8,0,0,0,0,0,0,0,0,0,0,0,0,0,0,0,15,7,8,0,0,0,0,0,0,1,1,0
151801,40,Physical Sciences,20,14,6,0,0,0,0,0,0,0,0,0,0,0,0,0,0,0,17,12,5,0,0,0,3,2,1,0,0,0
151801,52,Business Management and Administrative Services,265,163,102,1,1,0,1,0,1,4,3,1,15,10,5,0,0,0,216,130,86,9,6,3,16,10,6,3,3,0
151810,13,Education,38,3,35,0,0,0,0,0,0,35,1,34,0,0,0,0,0,0,2,2,0,1,0,1,0,0,0,0,0,0
151810,26,Biological Sciences/LifeSciences,19,3,16,0,0,0,0,0,0,19,3,16,0,0,0,0,0,0,0,0,0,0,0,0,0,0,0,0,0,0
151810,52,Business Management and Administrative Services,70,31,39,0,0,0,0,0,0,65,30,35,0,0,0,0,0,0,1,0,1,3,1,2,0,0,0,1,0,1
151944,52,Business Management and Administrative Services,17,8,9,0,0,0,0,0,0,7,4,3,2,1,1,0,0,0,7,3,4,0,0,0,1,0,1,0,0,0
152080,13,Education,2,1,1,0,0,0,0,0,0,1,0,1,1,1,0,0,0,0,0,0,0,0,0,0,0,0,0,0,0,0
152080,14,Engineering,1494,1008,486,2,0,2,45,23,22,39,26,13,164,103,61,0,0,0,1103,766,337,60,35,25,8,5,3,73,50,23
152080,26,Biological Sciences/LifeSciences,862,298,564,2,0,2,67,19,48,33,13,20,99,37,62,0,0,0,598,213,385,33,8,25,3,1,2,27,7,20
152080,27,Mathematics,479,293,186,0,0,0,33,14,19,8,6,2,41,25,16,1,0,1,324,217,107,22,9,13,1,0,1,49,22,27
152080,40,Physical Sciences,182,130,52,0,0,0,8,3,5,4,0,4,10,4,6,0,0,0,141,107,34,9,8,1,2,1,1,8,7,1
152080,52,Business Management and Administrative Services,1366,784,582,2,1,1,67,27,40,50,25,25,150,86,64,1,1,0,918,561,357,57,30,27,8,4,4,113,49,64
152099,13,Education,94,29,65,0,0,0,0,0,0,2,1,1,1,1,0,0,0,0,71,17,54,1,0,1,14,5,9,5,5,0
152099,26,Biological Sciences/LifeSciences,29,12,17,0,0,0,0,0,0,0,0,0,3,1,2,0,0,0,16,7,9,1,1,0,5,1,4,4,2,2
152099,27,Mathematics,1,1,0,0,0,0,0,0,0,0,0,0,1,1,0,0,0,0,0,0,0,0,0,0,0,0,0,0,0,0
152099,52,Business Management and Administrative Services,234,127,107,2,1,1,0,0,0,23,11,12,6,3,3,0,0,0,174,92,82,3,1,2,18,13,5,8,6,2
152248,13,Education,186,15,171,0,0,0,0,0,0,8,1,7,44,2,42,0,0,0,124,6,118,5,1,4,1,1,0,4,4,0
152248,14,Engineering,645,541,104,1,1,0,16,16,0,43,39,4,110,91,19,0,0,0,285,243,42,6,5,1,6,5,1,178,141,37
152248,26,Biological Sciences/LifeSciences,196,61,135,0,0,0,4,1,3,21,3,18,41,10,31,0,0,0,106,38,68,7,4,3,5,2,3,12,3,9
152248,27,Mathematics,41,23,18,0,0,0,1,0,1,4,1,3,3,2,1,0,0,0,27,18,9,0,0,0,0,0,0,6,2,4
152248,40,Physical Sciences,80,56,24,0,0,0,1,0,1,5,2,3,18,14,4,0,0,0,43,32,11,5,4,1,1,1,0,7,3,4
152248,52,Business Management and Administrative Services,1054,523,531,3,1,2,20,9,11,130,52,78,228,109,119,0,0,0,575,296,279,31,19,12,12,5,7,55,32,23
152266,13,Education,221,39,182,1,0,1,1,0,1,4,0,4,18,2,16,0,0,0,194,37,157,3,0,3,0,0,0,0,0,0
152266,14,Engineering,153,130,23,1,1,0,3,2,1,1,1,0,13,9,4,0,0,0,129,111,18,6,6,0,0,0,0,0,0,0
152266,26,Biological Sciences/LifeSciences,111,33,78,2,1,1,1,1,0,4,0,4,12,2,10,0,0,0,90,29,61,2,0,2,0,0,0,0,0,0
152266,52,Business Management and Administrative Services,513,253,260,1,1,0,4,3,1,22,9,13,43,24,19,0,0,0,423,203,220,17,10,7,0,0,0,3,3,0
152318,14,Engineering,1839,1367,472,3,2,1,77,49,28,44,28,16,80,51,29,3,2,1,1342,1023,319,72,49,23,21,11,10,197,152,45
152318,26,Biological Sciences/LifeSciences,37,20,17,0,0,0,1,1,0,0,0,0,2,0,2,0,0,0,27,15,12,5,4,1,0,0,0,2,0,2
152318,27,Mathematics,39,25,14,0,0,0,2,1,1,2,1,1,2,1,1,0,0,0,19,12,7,5,4,1,0,0,0,9,6,3
152318,40,Physical Sciences,38,25,13,0,0,0,0,0,0,0,0,0,1,1,0,0,0,0,24,15,9,2,0,2,0,0,0,11,9,2
152336,13,Education,72,18,54,0,0,0,0,0,0,1,0,1,7,2,5,0,0,0,63,16,47,0,0,0,0,0,0,1,0,1
152336,26,Biological Sciences/LifeSciences,69,30,39,0,0,0,0,0,0,5,4,1,6,1,5,1,1,0,55,23,32,2,1,1,0,0,0,0,0,0
152336,27,Mathematics,4,3,1,0,0,0,0,0,0,1,1,0,1,0,1,0,0,0,2,2,0,0,0,0,0,0,0,0,0,0
152336,40,Physical Sciences,21,9,12,0,0,0,0,0,0,3,0,3,0,0,0,0,0,0,17,8,9,1,1,0,0,0,0,0,0,0
152336,52,Business Management and Administrative Services,193,146,47,1,0,1,0,0,0,24,24,0,14,11,3,0,0,0,144,102,42,4,3,1,1,1,0,5,5,0
152363,13,Education,37,4,33,0,0,0,0,0,0,1,1,0,2,0,2,0,0,0,34,3,31,0,0,0,0,0,0,0,0,0
152363,26,Biological Sciences/LifeSciences,117,38,79,0,0,0,0,0,0,8,5,3,2,1,1,0,0,0,101,29,72,5,2,3,0,0,0,1,1,0
152363,27,Mathematics,14,5,9,0,0,0,0,0,0,1,0,1,0,0,0,0,0,0,13,5,8,0,0,0,0,0,0,0,0,0
152363,40,Physical Sciences,3,2,1,0,0,0,0,0,0,0,0,0,0,0,0,0,0,0,3,2,1,0,0,0,0,0,0,0,0,0
152363,52,Business Management and Administrative Services,174,134,40,0,0,0,0,0,0,22,19,3,8,6,2,0,0,0,127,92,35,9,9,0,0,0,0,8,8,0
152381,13,Education,148,4,144,0,0,0,0,0,0,12,0,12,1,0,1,12,0,12,104,4,100,2,0,2,17,0,17,0,0,0
152381,26,Biological Sciences/LifeSciences,16,0,16,0,0,0,1,0,1,0,0,0,0,0,0,0,0,0,13,0,13,1,0,1,0,0,0,1,0,1
152381,27,Mathematics,5,2,3,0,0,0,0,0,0,0,0,0,0,0,0,0,0,0,4,2,2,0,0,0,1,0,1,0,0,0
152381,52,Business Management and Administrative Services,86,6,80,1,0,1,1,0,1,3,1,2,4,1,3,0,0,0,64,3,61,2,0,2,10,1,9,1,0,1
152390,13,Education,45,0,45,0,0,0,1,0,1,0,0,0,2,0,2,0,0,0,39,0,39,0,0,0,3,0,3,0,0,0
152390,26,Biological Sciences/LifeSciences,62,0,62,0,0,0,4,0,4,1,0,1,4,0,4,0,0,0,51,0,51,0,0,0,1,0,1,1,0,1
152390,27,Mathematics,34,0,34,0,0,0,0,0,0,1,0,1,4,0,4,0,0,0,27,0,27,0,0,0,1,0,1,1,0,1
152390,40,Physical Sciences,20,0,20,0,0,0,1,0,1,0,0,0,0,0,0,0,0,0,19,0,19,0,0,0,0,0,0,0,0,0
152390,52,Business Management and Administrative Services,111,0,111,0,0,0,2,0,2,1,0,1,9,0,9,0,0,0,92,0,92,1,0,1,1,0,1,5,0,5
152530,13,Education,242,48,194,2,0,2,6,2,4,3,1,2,8,3,5,0,0,0,216,40,176,1,0,1,0,0,0,6,2,4
152530,14,Engineering,59,49,10,0,0,0,2,1,1,1,1,0,2,2,0,0,0,0,52,44,8,0,0,0,0,0,0,2,1,1
152530,26,Biological Sciences/LifeSciences,114,41,73,1,0,1,7,3,4,3,0,3,8,5,3,0,0,0,88,32,56,0,0,0,0,0,0,7,1,6
152530,27,Mathematics,18,11,7,0,0,0,1,1,0,0,0,0,0,0,0,0,0,0,14,8,6,0,0,0,0,0,0,3,2,1
152530,40,Physical Sciences,31,11,20,0,0,0,1,0,1,0,0,0,0,0,0,0,0,0,27,10,17,0,0,0,0,0,0,3,1,2
152530,52,Business Management and Administrative Services,279,189,90,2,1,1,6,4,2,9,9,0,8,6,2,1,1,0,223,150,73,1,0,1,0,0,0,29,18,11
152567,13,Education,82,35,47,0,0,0,1,0,1,3,3,0,4,2,2,0,0,0,67,26,41,3,2,1,4,2,2,0,0,0
152567,14,Engineering,687,584,103,1,1,0,8,7,1,7,5,2,20,19,1,1,1,0,553,463,90,7,7,0,12,9,3,78,72,6
152567,26,Biological Sciences/LifeSciences,51,16,35,0,0,0,3,1,2,3,1,2,4,2,2,0,0,0,40,11,29,0,0,0,0,0,0,1,1,0
152567,27,Mathematics,5,4,1,0,0,0,0,0,0,0,0,0,0,0,0,0,0,0,4,3,1,0,0,0,0,0,0,1,1,0
152567,40,Physical Sciences,11,8,3,0,0,0,1,0,1,0,0,0,0,0,0,0,0,0,8,6,2,1,1,0,1,1,0,0,0,0
152567,52,Business Management and Administrative Services,304,230,74,1,1,0,2,2,0,17,15,2,7,6,1,1,1,0,222,160,62,11,11,0,6,4,2,37,30,7
152600,13,Education,213,42,171,0,0,0,4,1,3,4,1,3,14,0,14,0,0,0,182,37,145,7,3,4,2,0,2,0,0,0
152600,14,Engineering,540,436,104,1,1,0,12,9,3,11,9,2,32,25,7,0,0,0,405,324,81,7,6,1,15,15,0,57,47,10
152600,26,Biological Sciences/LifeSciences,193,89,104,0,0,0,6,1,5,11,7,4,22,14,8,0,0,0,136,57,79,8,3,5,3,2,1,7,5,2
152600,27,Mathematics,57,32,25,0,0,0,1,0,1,1,0,1,4,3,1,0,0,0,45,26,19,2,0,2,1,0,1,3,3,0
152600,40,Physical Sciences,237,122,115,0,0,0,3,0,3,9,8,1,18,7,11,0,0,0,192,98,94,3,2,1,6,2,4,6,5,1
152600,52,Business Management and Administrative Services,523,310,213,1,0,1,10,4,6,40,27,13,39,14,25,0,0,0,340,203,137,15,10,5,14,7,7,64,45,19
152637,13,Education,230,55,175,0,0,0,1,0,1,13,6,7,15,4,11,0,0,0,185,40,145,6,2,4,10,3,7,0,0,0
152637,14,Engineering,104,96,8,0,0,0,2,2,0,11,9,2,7,7,0,0,0,0,79,76,3,2,1,1,1,1,0,2,0,2
152637,26,Biological Sciences/LifeSciences,73,33,40,0,0,0,0,0,0,7,3,4,8,1,7,0,0,0,53,28,25,2,1,1,0,0,0,3,0,3
152637,40,Physical Sciences,42,15,27,0,0,0,1,1,0,4,1,3,3,0,3,0,0,0,30,10,20,3,2,1,1,1,0,0,0,0
152637,52,Business Management and Administrative Services,606,268,338,2,1,1,4,2,2,101,49,52,68,29,39,1,1,0,384,159,225,14,8,6,18,11,7,14,8,6
152673,26,Biological Sciences/LifeSciences,55,55,0,1,1,0,1,1,0,1,1,0,2,2,0,0,0,0,48,48,0,1,1,0,0,0,0,1,1,0
152673,27,Mathematics,53,53,0,0,0,0,1,1,0,2,2,0,5,5,0,0,0,0,25,25,0,1,1,0,1,1,0,18,18,0
152673,40,Physical Sciences,14,14,0,0,0,0,1,1,0,0,0,0,3,3,0,0,0,0,8,8,0,0,0,0,1,1,0,1,1,0
152992,13,Education,91,49,42,1,0,1,0,0,0,1,0,1,3,1,2,0,0,0,83,46,37,1,0,1,0,0,0,2,2,0
152992,26,Biological Sciences/LifeSciences,56,18,38,2,0,2,1,0,1,2,1,1,6,2,4,1,0,1,37,13,24,1,0,1,0,0,0,6,2,4
152992,27,Mathematics,10,7,3,0,0,0,0,0,0,1,1,0,1,1,0,0,0,0,8,5,3,0,0,0,0,0,0,0,0,0
152992,40,Physical Sciences,15,9,6,0,0,0,0,0,0,0,0,0,3,3,0,0,0,0,9,4,5,0,0,0,0,0,0,3,2,1
152992,52,Business Management and Administrative Services,172,107,65,5,1,4,2,1,1,13,11,2,31,20,11,2,2,0,104,64,40,1,0,1,0,0,0,14,8,6
153001,13,Education,534,130,404,4,0,4,1,0,1,4,3,1,14,6,8,1,0,1,457,102,355,8,5,3,44,13,31,1,1,0
153001,26,Biological Sciences/LifeSciences,106,47,59,0,0,0,1,0,1,2,1,1,8,6,2,0,0,0,76,30,46,4,3,1,7,3,4,8,4,4
153001,27,Mathematics,6,4,2,0,0,0,2,0,2,0,0,0,0,0,0,0,0,0,2,2,0,1,1,0,0,0,0,1,1,0
153001,40,Physical Sciences,23,14,9,0,0,0,1,1,0,1,1,0,1,1,0,0,0,0,14,7,7,0,0,0,1,1,0,5,3,2
153001,52,Business Management and Administrative Services,502,200,302,0,0,0,11,2,9,9,6,3,14,8,6,1,1,0,423,165,258,3,3,0,30,13,17,11,2,9
153108,13,Education,56,9,47,0,0,0,0,0,0,0,0,0,1,0,1,0,0,0,55,9,46,0,0,0,0,0,0,0,0,0
153108,26,Biological Sciences/LifeSciences,153,81,72,1,0,1,3,2,1,4,2,2,7,6,1,0,0,0,130,65,65,1,1,0,7,5,2,0,0,0
153108,27,Mathematics,19,13,6,0,0,0,0,0,0,0,0,0,0,0,0,0,0,0,19,13,6,0,0,0,0,0,0,0,0,0
153108,40,Physical Sciences,23,19,4,0,0,0,1,1,0,0,0,0,0,0,0,0,0,0,21,17,4,0,0,0,1,1,0,0,0,0
153108,52,Business Management and Administrative Services,99,61,38,0,0,0,0,0,0,2,1,1,2,0,2,0,0,0,92,59,33,0,0,0,2,1,1,1,0,1
153126,13,Education,96,21,75,0,0,0,1,0,1,3,0,3,3,2,1,0,0,0,88,19,69,1,0,1,0,0,0,0,0,0
153126,26,Biological Sciences/LifeSciences,60,20,40,0,0,0,1,1,0,4,4,0,5,2,3,0,0,0,47,13,34,1,0,1,2,0,2,0,0,0
153126,27,Mathematics,11,2,9,0,0,0,0,0,0,0,0,0,1,1,0,0,0,0,10,1,9,0,0,0,0,0,0,0,0,0
153126,40,Physical Sciences,10,8,2,0,0,0,0,0,0,1,1,0,1,1,0,0,0,0,7,5,2,1,1,0,0,0,0,0,0,0
153126,52,Business Management and Administrative Services,118,68,50,0,0,0,4,3,1,7,5,2,10,6,4,1,1,0,86,45,41,3,2,1,2,2,0,5,4,1
153144,13,Education,54,15,39,0,0,0,1,0,1,1,1,0,3,0,3,0,0,0,48,14,34,1,0,1,0,0,0,0,0,0
153144,26,Biological Sciences/LifeSciences,167,46,121,0,0,0,4,2,2,11,1,10,14,5,9,0,0,0,125,34,91,6,2,4,1,1,0,6,1,5
153144,27,Mathematics,42,19,23,0,0,0,3,0,3,2,1,1,3,2,1,0,0,0,30,15,15,1,1,0,2,0,2,1,0,1
153144,40,Physical Sciences,78,48,30,0,0,0,0,0,0,1,0,1,6,4,2,0,0,0,64,39,25,2,1,1,2,1,1,3,3,0
153144,52,Business Management and Administrative Services,165,96,69,2,1,1,3,0,3,10,5,5,9,8,1,0,0,0,121,72,49,6,4,2,3,3,0,11,3,8
153162,13,Education,66,25,41,0,0,0,3,0,3,3,1,2,7,3,4,0,0,0,47,17,30,1,0,1,5,4,1,0,0,0
153162,14,Engineering,5,5,0,0,0,0,0,0,0,1,1,0,1,1,0,0,0,0,3,3,0,0,0,0,0,0,0,0,0,0
153162,26,Biological Sciences/LifeSciences,69,24,45,0,0,0,0,0,0,3,1,2,10,4,6,0,0,0,55,18,37,1,1,0,0,0,0,0,0,0
153162,27,Mathematics,12,7,5,0,0,0,2,2,0,0,0,0,1,0,1,0,0,0,8,5,3,0,0,0,0,0,0,1,0,1
153162,40,Physical Sciences,28,16,12,0,0,0,1,1,0,0,0,0,5,4,1,0,0,0,19,10,9,0,0,0,3,1,2,0,0,0
153162,52,Business Management and Administrative Services,20,17,3,0,0,0,0,0,0,1,1,0,3,2,1,0,0,0,11,10,1,2,2,0,1,1,0,2,1,1
153241,13,Education,62,36,26,0,0,0,10,10,0,1,1,0,6,6,0,0,0,0,1,1,0,0,0,0,1,1,0,43,17,26
153250,13,Education,229,52,177,0,0,0,3,1,2,0,0,0,5,1,4,0,0,0,203,45,158,1,0,1,3,1,2,14,4,10
153250,14,Engineering,159,141,18,0,0,0,0,0,0,5,4,1,6,6,0,0,0,0,118,104,14,1,1,0,4,4,0,25,22,3
153250,26,Biological Sciences/LifeSciences,63,26,37,0,0,0,1,1,0,1,1,0,0,0,0,0,0,0,52,21,31,0,0,0,3,1,2,6,2,4
153250,27,Mathematics,8,7,1,0,0,0,0,0,0,0,0,0,1,1,0,0,0,0,5,4,1,0,0,0,1,1,0,1,1,0
153250,40,Physical Sciences,18,13,5,0,0,0,0,0,0,0,0,0,0,0,0,0,0,0,15,11,4,0,0,0,1,0,1,2,2,0
153250,52,Business Management and Administrative Services,234,154,80,0,0,0,2,0,2,4,4,0,4,2,2,0,0,0,203,140,63,1,0,1,2,1,1,18,7,11
153269,13,Education,178,31,147,0,0,0,1,0,1,4,1,3,10,0,10,0,0,0,154,30,124,2,0,2,1,0,1,6,0,6
153269,26,Biological Sciences/LifeSciences,298,102,196,2,1,1,24,8,16,11,2,9,11,4,7,0,0,0,229,82,147,16,2,14,0,0,0,5,3,2
153269,27,Mathematics,72,46,26,0,0,0,3,3,0,2,2,0,0,0,0,0,0,0,55,33,22,3,1,2,0,0,0,9,7,2
153269,40,Physical Sciences,81,43,38,0,0,0,4,2,2,0,0,0,2,1,1,0,0,0,68,36,32,2,1,1,1,1,0,4,2,2
153269,52,Business Management and Administrative Services,1044,608,436,1,0,1,28,9,19,36,27,9,33,17,16,0,0,0,761,457,304,25,14,11,2,1,1,158,83,75
153278,13,Education,149,52,97,0,0,0,3,1,2,11,4,7,5,1,4,1,1,0,119,41,78,2,1,1,8,3,5,0,0,0
153278,26,Biological Sciences/LifeSciences,89,34,55,0,0,0,1,1,0,11,5,6,10,6,4,0,0,0,57,16,41,4,3,1,5,2,3,1,1,0
153278,27,Mathematics,8,7,1,0,0,0,1,1,0,1,1,0,1,1,0,0,0,0,4,3,1,1,1,0,0,0,0,0,0,0
153278,40,Physical Sciences,11,2,9,1,1,0,0,0,0,0,0,0,1,0,1,0,0,0,9,1,8,0,0,0,0,0,0,0,0,0
153278,52,Business Management and Administrative Services,426,227,199,3,3,0,0,0,0,44,32,12,29,18,11,2,1,1,305,144,161,11,7,4,23,17,6,9,5,4
153302,13,Education,53,13,40,0,0,0,2,0,2,2,1,1,2,2,0,0,0,0,44,10,34,0,0,0,3,0,3,0,0,0
153302,52,Business Management and Administrative Services,28,18,10,0,0,0,1,0,1,1,1,0,1,1,0,0,0,0,24,16,8,1,0,1,0,0,0,0,0,0
153320,13,Education,52,9,43,1,0,1,0,0,0,0,0,0,0,0,0,0,0,0,48,8,40,0,0,0,2,0,2,1,1,0
153320,52,Business Management and Administrative Services,22,0,22,1,0,1,0,0,0,0,0,0,0,0,0,0,0,0,20,0,20,0,0,0,1,0,1,0,0,0
153366,13,Education,189,33,156,0,0,0,1,0,1,5,2,3,8,6,2,1,1,0,148,17,131,7,3,4,16,2,14,3,2,1
153366,26,Biological Sciences/LifeSciences,92,37,55,0,0,0,2,1,1,8,6,2,16,8,8,0,0,0,58,20,38,3,2,1,2,0,2,3,0,3
153366,27,Mathematics,17,11,6,0,0,0,0,0,0,3,3,0,0,0,0,1,1,0,12,7,5,0,0,0,0,0,0,1,0,1
153366,40,Physical Sciences,35,12,23,0,0,0,0,0,0,1,0,1,4,3,1,0,0,0,23,6,17,1,1,0,3,1,2,3,1,2
153366,52,Business Management and Administrative Services,230,135,95,2,2,0,2,1,1,22,16,6,24,18,6,2,2,0,143,75,68,8,4,4,13,8,5,14,9,5
153375,13,Education,190,68,122,1,0,1,1,1,0,6,5,1,6,5,1,0,0,0,156,53,103,7,1,6,12,2,10,1,1,0
153375,26,Biological Sciences/LifeSciences,148,55,93,0,0,0,6,2,4,7,4,3,12,3,9,0,0,0,103,39,64,9,3,6,10,3,7,1,1,0
153375,27,Mathematics,16,11,5,0,0,0,1,1,0,1,1,0,0,0,0,0,0,0,11,6,5,0,0,0,3,3,0,0,0,0
153375,52,Business Management and Administrative Services,441,279,162,3,2,1,13,7,6,37,27,10,17,10,7,0,0,0,295,183,112,21,13,8,27,14,13,28,23,5
153384,26,Biological Sciences/LifeSciences,144,50,94,0,0,0,14,2,12,6,1,5,5,3,2,0,0,0,93,38,55,9,1,8,0,0,0,17,5,12
153384,27,Mathematics,60,36,24,0,0,0,2,1,1,0,0,0,0,0,0,0,0,0,25,16,9,6,4,2,0,0,0,27,15,12
153384,40,Physical Sciences,93,54,39,5,0,5,3,3,0,3,2,1,8,5,3,0,0,0,56,33,23,4,3,1,0,0,0,14,8,6
153409,13,Education,4,1,3,0,0,0,0,0,0,1,1,0,0,0,0,0,0,0,1,0,1,0,0,0,2,0,2,0,0,0
153409,52,Business Management and Administrative Services,46,12,34,0,0,0,0,0,0,2,0,2,2,1,1,0,0,0,21,5,16,0,0,0,21,6,15,0,0,0
153418,13,Education,11,0,11,0,0,0,0,0,0,0,0,0,1,0,1,0,0,0,7,0,7,0,0,0,3,0,3,0,0,0
153418,52,Business Management and Administrative Services,87,23,64,0,0,0,2,1,1,5,1,4,0,0,0,1,1,0,63,16,47,6,2,4,10,2,8,0,0,0
153427,14,Engineering,109,97,12,0,0,0,1,1,0,8,7,1,12,11,1,0,0,0,85,75,10,1,1,0,2,2,0,0,0,0
153603,13,Education,1218,178,1040,1,0,1,17,6,11,8,3,5,40,9,31,0,0,0,1062,147,915,13,2,11,68,10,58,9,1,8
153603,14,Engineering,8577,7234,1343,15,11,4,327,256,71,188,151,37,383,307,76,13,9,4,6063,5198,865,183,135,48,461,393,68,944,774,170
153603,26,Biological Sciences/LifeSciences,1610,613,997,2,1,1,58,26,32,42,12,30,122,35,87,3,1,2,1177,453,724,56,24,32,82,35,47,68,26,42
153603,27,Mathematics,288,172,116,1,0,1,15,8,7,5,3,2,10,8,2,0,0,0,175,111,64,10,6,4,13,7,6,59,29,30
153603,40,Physical Sciences,433,292,141,0,0,0,18,7,11,8,6,2,28,19,9,0,0,0,306,212,94,17,10,7,17,11,6,39,27,12
153603,52,Business Management and Administrative Services,4912,3000,1912,6,3,3,176,95,81,144,106,38,195,110,85,2,2,0,3645,2242,1403,90,51,39,256,171,85,398,220,178
153621,13,Education,85,28,57,1,0,1,0,0,0,7,6,1,4,2,2,1,0,1,44,10,34,2,1,1,25,9,16,1,0,1
153621,26,Biological Sciences/LifeSciences,67,36,31,0,0,0,9,4,5,9,6,3,7,7,0,0,0,0,24,10,14,5,2,3,12,7,5,1,0,1
153621,52,Business Management and Administrative Services,153,88,65,2,0,2,11,7,4,21,15,6,13,9,4,2,2,0,62,34,28,8,6,2,26,15,11,8,0,8
153658,13,Education,544,56,488,2,1,1,5,0,5,7,1,6,40,3,37,1,0,1,456,47,409,13,1,12,13,2,11,7,1,6
153658,14,Engineering,735,555,180,2,2,0,46,30,16,21,16,5,53,42,11,0,0,0,543,410,133,27,22,5,15,14,1,28,19,9
153658,26,Biological Sciences/LifeSciences,1153,511,642,5,2,3,85,37,48,56,23,33,118,49,69,1,0,1,731,318,413,37,21,16,18,12,6,102,49,53
153658,27,Mathematics,336,206,130,0,0,0,9,4,5,3,2,1,10,5,5,0,0,0,118,76,42,11,5,6,7,4,3,178,110,68
153658,40,Physical Sciences,342,240,102,0,0,0,9,6,3,6,5,1,19,13,6,0,0,0,226,151,75,6,4,2,13,12,1,63,49,14
153658,52,Business Management and Administrative Services,4845,3126,1719,7,3,4,161,94,67,95,60,35,279,183,96,2,0,2,3230,2194,1036,101,52,49,90,73,17,880,467,413
153825,13,Education,86,13,73,0,0,0,1,0,1,2,1,1,3,0,3,0,0,0,77,12,65,2,0,2,1,0,1,0,0,0
153825,14,Engineering,18,16,2,0,0,0,0,0,0,0,0,0,0,0,0,0,0,0,18,16,2,0,0,0,0,0,0,0,0,0
153825,26,Biological Sciences/LifeSciences,77,32,45,0,0,0,1,0,1,0,0,0,3,0,3,0,0,0,71,31,40,1,1,0,1,0,1,0,0,0
153825,27,Mathematics,18,8,10,0,0,0,0,0,0,1,1,0,1,0,1,0,0,0,15,7,8,1,0,1,0,0,0,0,0,0
153825,40,Physical Sciences,9,7,2,0,0,0,0,0,0,0,0,0,0,0,0,0,0,0,9,7,2,0,0,0,0,0,0,0,0,0
153825,52,Business Management and Administrative Services,200,125,75,0,0,0,4,2,2,3,3,0,8,5,3,1,1,0,170,104,66,0,0,0,10,8,2,4,2,2
153834,13,Education,81,6,75,0,0,0,0,0,0,1,0,1,2,0,2,0,0,0,77,6,71,1,0,1,0,0,0,0,0,0
153834,26,Biological Sciences/LifeSciences,189,74,115,0,0,0,1,0,1,3,0,3,7,3,4,0,0,0,163,65,98,5,2,3,0,0,0,10,4,6
153834,27,Mathematics,65,40,25,0,0,0,0,0,0,1,1,0,1,0,1,0,0,0,54,34,20,1,0,1,0,0,0,8,5,3
153834,40,Physical Sciences,77,50,27,0,0,0,1,1,0,1,1,0,2,1,1,0,0,0,68,44,24,0,0,0,0,0,0,5,3,2
153834,52,Business Management and Administrative Services,130,85,45,0,0,0,3,1,2,4,3,1,7,6,1,0,0,0,95,59,36,2,2,0,0,0,0,19,14,5
153861,13,Education,4,2,2,0,0,0,0,0,0,0,0,0,0,0,0,1,0,1,3,2,1,0,0,0,0,0,0,0,0,0
153861,26,Biological Sciences/LifeSciences,25,9,16,0,0,0,2,0,2,1,1,0,5,2,3,0,0,0,14,5,9,2,0,2,0,0,0,1,1,0
153861,27,Mathematics,7,5,2,0,0,0,0,0,0,0,0,0,2,1,1,0,0,0,4,3,1,1,1,0,0,0,0,0,0,0
153861,52,Business Management and Administrative Services,119,41,78,0,0,0,1,1,0,1,0,1,1,1,0,0,0,0,1,1,0,0,0,0,112,36,76,3,2,1
154004,13,Education,236,76,160,0,0,0,2,1,1,1,1,0,8,3,5,1,0,1,208,68,140,10,1,9,6,2,4,0,0,0
154004,14,Engineering,11,11,0,0,0,0,0,0,0,1,1,0,1,1,0,0,0,0,6,6,0,0,0,0,0,0,0,3,3,0
154004,26,Biological Sciences/LifeSciences,163,77,86,3,2,1,3,1,2,1,0,1,11,5,6,1,1,0,133,63,70,4,2,2,2,2,0,5,1,4
154004,27,Mathematics,21,16,5,0,0,0,0,0,0,0,0,0,0,0,0,0,0,0,18,15,3,0,0,0,1,1,0,2,0,2
154004,40,Physical Sciences,52,27,25,0,0,0,3,2,1,1,0,1,0,0,0,0,0,0,38,20,18,1,0,1,3,3,0,6,2,4
154004,52,Business Management and Administrative Services,249,178,71,0,0,0,2,2,0,6,6,0,7,3,4,0,0,0,195,133,62,6,4,2,9,7,2,24,23,1
154013,13,Education,146,36,110,6,0,6,0,0,0,10,3,7,0,0,0,1,0,1,121,31,90,1,1,0,4,1,3,3,0,3
154013,26,Biological Sciences/LifeSciences,68,20,48,3,1,2,1,0,1,3,3,0,0,0,0,0,0,0,56,16,40,2,0,2,0,0,0,3,0,3
154013,27,Mathematics,5,3,2,0,0,0,0,0,0,1,1,0,0,0,0,0,0,0,4,2,2,0,0,0,0,0,0,0,0,0
154013,40,Physical Sciences,11,4,7,0,0,0,0,0,0,0,0,0,0,0,0,0,0,0,9,2,7,0,0,0,2,2,0,0,0,0
154013,52,Business Management and Administrative Services,505,244,261,4,0,4,8,1,7,28,16,12,7,1,6,0,0,0,383,166,217,6,4,2,15,7,8,54,49,5
154022,13,Education,5981,447,5534,50,3,47,36,6,30,2572,208,2364,644,58,586,29,1,28,2386,153,2233,155,14,141,108,4,104,1,0,1
154022,26,Biological Sciences/LifeSciences,1,0,1,0,0,0,0,0,0,0,0,0,1,0,1,0,0,0,0,0,0,0,0,0,0,0,0,0,0,0
154022,52,Business Management and Administrative Services,13021,5745,7276,103,35,68,259,133,126,4448,1672,2776,1553,711,842,109,40,69,5773,2825,2948,510,211,299,261,116,145,5,2,3
154095,13,Education,1960,450,1510,6,2,4,22,4,18,23,11,12,56,16,40,2,0,2,1739,389,1350,38,10,28,73,18,55,1,0,1
154095,14,Engineering,3,2,1,0,0,0,0,0,0,0,0,0,1,1,0,0,0,0,2,1,1,0,0,0,0,0,0,0,0,0
154095,26,Biological Sciences/LifeSciences,547,215,332,1,0,1,11,5,6,18,8,10,19,9,10,1,0,1,439,167,272,11,4,7,22,8,14,25,14,11
154095,27,Mathematics,179,96,83,0,0,0,1,1,0,0,0,0,1,0,1,0,0,0,158,86,72,2,1,1,9,4,5,8,4,4
154095,40,Physical Sciences,128,83,45,0,0,0,0,0,0,0,0,0,4,4,0,0,0,0,108,72,36,1,1,0,5,3,2,10,3,7
154095,52,Business Management and Administrative Services,1992,1287,705,3,2,1,28,15,13,40,25,15,67,43,24,0,0,0,1603,1047,556,32,24,8,56,42,14,163,89,74
154101,13,Education,194,49,145,0,0,0,2,0,2,2,1,1,8,2,6,0,0,0,170,43,127,2,0,2,9,3,6,1,0,1
154101,26,Biological Sciences/LifeSciences,114,53,61,0,0,0,0,0,0,0,0,0,4,2,2,0,0,0,98,44,54,2,2,0,3,2,1,7,3,4
154101,27,Mathematics,26,16,10,0,0,0,0,0,0,1,1,0,1,1,0,0,0,0,21,13,8,1,1,0,1,0,1,1,0,1
154101,40,Physical Sciences,24,13,11,0,0,0,0,0,0,0,0,0,0,0,0,0,0,0,20,10,10,0,0,0,1,1,0,3,2,1
154101,52,Business Management and Administrative Services,215,145,70,0,0,0,0,0,0,3,3,0,10,8,2,0,0,0,175,115,60,2,0,2,11,9,2,14,10,4
154235,13,Education,217,50,167,1,1,0,3,1,2,4,2,2,18,4,14,1,1,0,172,35,137,5,1,4,13,5,8,0,0,0
154235,14,Engineering,127,109,18,0,0,0,0,0,0,5,4,1,9,8,1,0,0,0,71,56,15,1,1,0,3,2,1,38,38,0
154235,26,Biological Sciences/LifeSciences,139,50,89,0,0,0,3,1,2,5,2,3,16,4,12,0,0,0,103,37,66,6,2,4,4,2,2,2,2,0
154235,27,Mathematics,12,2,10,0,0,0,0,0,0,0,0,0,0,0,0,0,0,0,8,0,8,3,1,2,0,0,0,1,1,0
154235,40,Physical Sciences,22,15,7,0,0,0,0,0,0,1,0,1,0,0,0,0,0,0,21,15,6,0,0,0,0,0,0,0,0,0
154235,52,Business Management and Administrative Services,459,269,190,1,1,0,5,1,4,15,9,6,22,13,9,0,0,0,375,218,157,7,5,2,18,10,8,16,12,4
154350,13,Education,134,28,106,0,0,0,1,0,1,2,1,1,2,0,2,0,0,0,124,27,97,2,0,2,3,0,3,0,0,0
154350,14,Engineering,1,1,0,0,0,0,0,0,0,0,0,0,0,0,0,0,0,0,1,1,0,0,0,0,0,0,0,0,0,0
154350,26,Biological Sciences/LifeSciences,75,23,52,0,0,0,2,1,1,1,1,0,2,0,2,0,0,0,65,19,46,3,1,2,2,1,1,0,0,0
154350,27,Mathematics,33,15,18,0,0,0,2,1,1,1,1,0,1,1,0,0,0,0,29,12,17,0,0,0,0,0,0,0,0,0
154350,40,Physical Sciences,9,8,1,0,0,0,0,0,0,0,0,0,1,1,0,0,0,0,8,7,1,0,0,0,0,0,0,0,0,0
154350,52,Business Management and Administrative Services,226,113,113,0,0,0,1,0,1,7,5,2,3,2,1,0,0,0,195,94,101,1,0,1,19,12,7,0,0,0
154493,13,Education,241,36,205,2,1,1,1,1,0,4,2,2,7,1,6,0,0,0,218,31,187,3,0,3,6,0,6,0,0,0
154493,14,Engineering,14,13,1,0,0,0,1,1,0,2,2,0,2,2,0,0,0,0,8,7,1,1,1,0,0,0,0,0,0,0
154493,26,Biological Sciences/LifeSciences,86,37,49,0,0,0,0,0,0,5,2,3,6,4,2,0,0,0,71,30,41,0,0,0,0,0,0,4,1,3
154493,27,Mathematics,14,9,5,0,0,0,0,0,0,1,1,0,0,0,0,0,0,0,9,4,5,2,2,0,0,0,0,2,2,0
154493,40,Physical Sciences,27,6,21,0,0,0,0,0,0,2,0,2,5,1,4,0,0,0,17,4,13,0,0,0,0,0,0,3,1,2
154493,52,Business Management and Administrative Services,1566,672,894,6,4,2,34,9,25,284,96,188,75,39,36,1,0,1,1058,464,594,28,11,17,57,29,28,23,20,3
154518,13,Education,71,23,48,1,0,1,0,0,0,4,0,4,6,3,3,1,0,1,51,14,37,1,0,1,3,2,1,4,4,0
154518,26,Biological Sciences/LifeSciences,38,17,21,0,0,0,1,1,0,2,0,2,4,2,2,0,0,0,24,11,13,2,2,0,4,1,3,1,0,1
154518,52,Business Management and Administrative Services,411,257,154,4,0,4,3,1,2,75,47,28,41,25,16,1,1,0,243,154,89,2,2,0,31,17,14,11,10,1
154527,13,Education,188,61,127,0,0,0,2,1,1,6,6,0,3,1,2,0,0,0,158,48,110,6,1,5,12,4,8,1,0,1
154527,14,Engineering,69,59,10,0,0,0,0,0,0,3,3,0,5,3,2,0,0,0,51,43,8,1,1,0,0,0,0,9,9,0
154527,26,Biological Sciences/LifeSciences,318,124,194,0,0,0,10,3,7,12,4,8,14,4,10,1,0,1,248,95,153,10,6,4,8,4,4,15,8,7
154527,27,Mathematics,28,13,15,0,0,0,0,0,0,0,0,0,1,1,0,0,0,0,23,10,13,0,0,0,2,1,1,2,1,1
154527,40,Physical Sciences,20,11,9,0,0,0,1,1,0,2,1,1,0,0,0,0,0,0,17,9,8,0,0,0,0,0,0,0,0,0
154527,52,Business Management and Administrative Services,259,167,92,0,0,0,2,1,1,14,11,3,10,8,2,0,0,0,184,118,66,10,9,1,9,4,5,30,16,14
154590,13,Education,216,72,144,2,0,2,2,0,2,12,8,4,15,4,11,3,3,0,170,52,118,4,2,2,7,2,5,1,1,0
154590,14,Engineering,29,25,4,0,0,0,0,0,0,7,6,1,1,1,0,0,0,0,16,13,3,0,0,0,2,2,0,3,3,0
154590,26,Biological Sciences/LifeSciences,81,41,40,3,1,2,1,0,1,19,11,8,10,7,3,0,0,0,37,21,16,1,0,1,5,1,4,5,0,5
154590,27,Mathematics,5,3,2,0,0,0,0,0,0,1,0,1,0,0,0,0,0,0,1,1,0,0,0,0,0,0,0,3,2,1
154590,52,Business Management and Administrative Services,261,142,119,3,0,3,3,1,2,30,20,10,21,9,12,1,1,0,169,87,82,6,3,3,7,4,3,21,17,4
154688,13,Education,62,37,25,0,0,0,1,0,1,4,3,1,4,3,1,0,0,0,48,27,21,0,0,0,5,4,1,0,0,0
154688,26,Biological Sciences/LifeSciences,35,18,17,0,0,0,0,0,0,5,2,3,3,1,2,0,0,0,22,11,11,2,1,1,2,2,0,1,1,0
154688,27,Mathematics,25,13,12,0,0,0,1,0,1,2,0,2,2,0,2,0,0,0,17,10,7,1,1,0,2,2,0,0,0,0
154688,40,Physical Sciences,33,18,15,0,0,0,0,0,0,4,2,2,3,1,2,0,0,0,24,14,10,1,1,0,0,0,0,1,0,1
154688,52,Business Management and Administrative Services,661,285,376,9,5,4,6,4,2,60,11,49,58,24,34,2,1,1,463,210,253,9,4,5,51,23,28,3,3,0
154712,13,Education,106,20,86,0,0,0,1,0,1,0,0,0,1,0,1,0,0,0,92,17,75,0,0,0,12,3,9,0,0,0
154712,14,Engineering,80,69,11,0,0,0,1,1,0,1,1,0,4,4,0,0,0,0,66,57,9,0,0,0,6,5,1,2,1,1
154712,26,Biological Sciences/LifeSciences,41,16,25,0,0,0,0,0,0,0,0,0,2,0,2,0,0,0,36,14,22,0,0,0,3,2,1,0,0,0
154712,27,Mathematics,11,6,5,0,0,0,0,0,0,0,0,0,0,0,0,0,0,0,10,6,4,0,0,0,1,0,1,0,0,0
154712,40,Physical Sciences,9,5,4,0,0,0,1,0,1,0,0,0,0,0,0,0,0,0,8,5,3,0,0,0,0,0,0,0,0,0
154712,52,Business Management and Administrative Services,191,114,77,0,0,0,1,0,1,6,4,2,15,9,6,1,1,0,142,85,57,0,0,0,14,8,6,12,7,5
154721,13,Education,98,44,54,1,0,1,1,0,1,7,6,1,15,6,9,1,1,0,70,29,41,1,0,1,0,0,0,2,2,0
154721,26,Biological Sciences/LifeSciences,80,35,45,1,0,1,3,1,2,14,5,9,11,5,6,0,0,0,46,21,25,2,1,1,0,0,0,3,2,1
154721,27,Mathematics,12,10,2,0,0,0,0,0,0,2,2,0,2,2,0,0,0,0,7,5,2,1,1,0,0,0,0,0,0,0
154721,40,Physical Sciences,17,6,11,0,0,0,1,1,0,2,1,1,3,0,3,0,0,0,10,4,6,1,0,1,0,0,0,0,0,0
154721,52,Business Management and Administrative Services,96,72,24,3,1,2,0,0,0,17,14,3,10,9,1,0,0,0,45,28,17,4,3,1,0,0,0,17,17,0
154749,13,Education,18,3,15,0,0,0,0,0,0,1,0,1,0,0,0,0,0,0,17,3,14,0,0,0,0,0,0,0,0,0
154749,26,Biological Sciences/LifeSciences,27,12,15,0,0,0,1,0,1,0,0,0,2,2,0,0,0,0,24,10,14,0,0,0,0,0,0,0,0,0
154749,27,Mathematics,8,4,4,0,0,0,0,0,0,0,0,0,0,0,0,0,0,0,8,4,4,0,0,0,0,0,0,0,0,0
154749,40,Physical Sciences,11,7,4,0,0,0,0,0,0,0,0,0,1,1,0,0,0,0,10,6,4,0,0,0,0,0,0,0,0,0
154749,52,Business Management and Administrative Services,64,52,12,0,0,0,1,0,1,20,19,1,6,4,2,0,0,0,34,27,7,0,0,0,3,2,1,0,0,0
154776,52,Business Management and Administrative Services,40,24,16,0,0,0,0,0,0,17,13,4,5,1,4,0,0,0,18,10,8,0,0,0,0,0,0,0,0,0
154855,13,Education,32,8,24,0,0,0,1,0,1,0,0,0,4,1,3,0,0,0,27,7,20,0,0,0,0,0,0,0,0,0
154855,26,Biological Sciences/LifeSciences,10,4,6,1,0,1,0,0,0,2,2,0,3,2,1,0,0,0,2,0,2,2,0,2,0,0,0,0,0,0
154855,27,Mathematics,1,1,0,0,0,0,0,0,0,0,0,0,1,1,0,0,0,0,0,0,0,0,0,0,0,0,0,0,0,0
154855,52,Business Management and Administrative Services,246,129,117,3,1,2,2,0,2,94,51,43,23,16,7,1,0,1,102,52,50,3,3,0,17,5,12,1,1,0
155007,13,Education,5,0,5,0,0,0,0,0,0,2,0,2,3,0,3,0,0,0,0,0,0,0,0,0,0,0,0,0,0,0
155007,52,Business Management and Administrative Services,18,5,13,0,0,0,1,1,0,8,1,7,5,1,4,0,0,0,3,2,1,1,0,1,0,0,0,0,0,0
155025,13,Education,1006,233,773,5,1,4,4,0,4,25,3,22,53,15,38,0,0,0,819,190,629,75,18,57,12,3,9,13,3,10
155025,26,Biological Sciences/LifeSciences,237,96,141,0,0,0,3,1,2,7,2,5,24,8,16,0,0,0,166,64,102,22,13,9,2,1,1,13,7,6
155025,27,Mathematics,13,8,5,0,0,0,0,0,0,0,0,0,0,0,0,0,0,0,6,2,4,1,1,0,0,0,0,6,5,1
155025,40,Physical Sciences,95,70,25,0,0,0,1,1,0,3,3,0,13,11,2,1,1,0,62,45,17,4,3,1,1,1,0,10,5,5
155025,52,Business Management and Administrative Services,596,332,264,2,2,0,9,4,5,35,28,7,31,17,14,0,0,0,371,192,179,35,18,17,9,6,3,104,65,39
155061,13,Education,1557,492,1065,12,7,5,10,3,7,64,44,20,155,52,103,3,0,3,1253,365,888,45,17,28,6,1,5,9,3,6
155061,14,Engineering,34,28,6,0,0,0,1,1,0,0,0,0,1,1,0,0,0,0,30,25,5,1,0,1,1,1,0,0,0,0
155061,26,Biological Sciences/LifeSciences,310,141,169,1,1,0,1,0,1,5,1,4,30,16,14,1,1,0,255,113,142,11,5,6,3,2,1,3,2,1
155061,27,Mathematics,32,19,13,0,0,0,1,0,1,0,0,0,2,1,1,0,0,0,29,18,11,0,0,0,0,0,0,0,0,0
155061,40,Physical Sciences,230,156,74,0,0,0,1,1,0,4,2,2,22,14,8,0,0,0,186,126,60,11,8,3,2,2,0,4,3,1
155061,52,Business Management and Administrative Services,3985,1765,2220,5,1,4,15,7,8,67,35,32,148,74,74,0,0,0,1029,443,586,44,19,25,3,1,2,2674,1185,1489
155070,13,Education,17,2,15,0,0,0,0,0,0,2,2,0,0,0,0,0,0,0,14,0,14,0,0,0,0,0,0,1,0,1
155070,52,Business Management and Administrative Services,86,54,32,1,0,1,0,0,0,20,18,2,7,6,1,0,0,0,54,28,26,3,1,2,0,0,0,1,1,0
155089,13,Education,164,91,73,6,4,2,0,0,0,18,12,6,10,7,3,1,1,0,100,51,49,19,10,9,10,6,4,0,0,0
155089,26,Biological Sciences/LifeSciences,102,28,74,0,0,0,1,0,1,8,2,6,3,2,1,0,0,0,77,20,57,7,3,4,6,1,5,0,0,0
155089,27,Mathematics,10,7,3,0,0,0,0,0,0,1,1,0,2,2,0,0,0,0,7,4,3,0,0,0,0,0,0,0,0,0
155089,40,Physical Sciences,8,5,3,0,0,0,0,0,0,1,1,0,0,0,0,0,0,0,7,4,3,0,0,0,0,0,0,0,0,0
155089,52,Business Management and Administrative Services,430,193,237,7,4,3,4,2,2,53,22,31,34,8,26,0,0,0,268,123,145,29,19,10,34,14,20,1,1,0
155140,13,Education,18,3,15,18,3,15,0,0,0,0,0,0,0,0,0,0,0,0,0,0,0,0,0,0,0,0,0,0,0,0
155140,52,Business Management and Administrative Services,98,51,47,98,51,47,0,0,0,0,0,0,0,0,0,0,0,0,0,0,0,0,0,0,0,0,0,0,0,0
155177,13,Education,3,0,3,0,0,0,0,0,0,0,0,0,0,0,0,0,0,0,3,0,3,0,0,0,0,0,0,0,0,0
155308,13,Education,10,3,7,0,0,0,0,0,0,2,1,1,1,0,1,0,0,0,2,1,1,0,0,0,5,1,4,0,0,0
155308,52,Business Management and Administrative Services,5,5,0,0,0,0,0,0,0,2,2,0,0,0,0,0,0,0,1,1,0,0,0,0,2,2,0,0,0,0
155317,13,Education,390,77,313,1,0,1,10,5,5,12,6,6,19,1,18,0,0,0,331,62,269,12,2,10,2,1,1,3,0,3
155317,14,Engineering,2009,1560,449,2,2,0,114,74,40,52,44,8,156,119,37,0,0,0,1404,1103,301,84,60,24,14,11,3,183,147,36
155317,26,Biological Sciences/LifeSciences,1279,567,712,7,3,4,149,67,82,48,14,34,116,52,64,0,0,0,846,381,465,83,40,43,8,2,6,22,8,14
155317,27,Mathematics,200,134,66,3,3,0,16,12,4,6,5,1,6,1,5,0,0,0,126,82,44,7,2,5,1,1,0,35,28,7
155317,40,Physical Sciences,384,244,140,5,4,1,15,8,7,11,8,3,22,13,9,0,0,0,296,191,105,19,10,9,3,2,1,13,8,5
155317,52,Business Management and Administrative Services,1703,1045,658,3,2,1,54,28,26,28,19,9,73,42,31,0,0,0,1382,873,509,73,44,29,7,3,4,83,34,49
155335,13,Education,111,18,93,2,1,1,0,0,0,4,0,4,30,3,27,0,0,0,66,9,57,4,1,3,0,0,0,5,4,1
155335,26,Biological Sciences/LifeSciences,189,86,103,0,0,0,30,15,15,4,0,4,32,9,23,0,0,0,101,51,50,8,4,4,0,0,0,14,7,7
155335,27,Mathematics,8,5,3,0,0,0,0,0,0,0,0,0,0,0,0,0,0,0,6,3,3,0,0,0,0,0,0,2,2,0
155335,40,Physical Sciences,12,6,6,0,0,0,2,1,1,0,0,0,0,0,0,0,0,0,10,5,5,0,0,0,0,0,0,0,0,0
155335,52,Business Management and Administrative Services,119,71,48,0,0,0,1,0,1,8,6,2,15,9,6,0,0,0,65,37,28,3,3,0,0,0,0,27,16,11
155399,13,Education,1384,354,1030,7,3,4,7,2,5,30,14,16,86,22,64,0,0,0,1195,297,898,34,10,24,12,3,9,13,3,10
155399,14,Engineering,2768,2214,554,9,8,1,49,31,18,60,47,13,154,118,36,0,0,0,2082,1668,414,81,56,25,31,28,3,302,258,44
155399,26,Biological Sciences/LifeSciences,925,354,571,3,2,1,24,6,18,32,11,21,90,45,45,1,0,1,697,257,440,35,11,24,12,7,5,31,15,16
155399,27,Mathematics,88,55,33,0,0,0,2,0,2,1,1,0,5,3,2,0,0,0,63,41,22,4,1,3,1,0,1,12,9,3
155399,40,Physical Sciences,248,157,91,0,0,0,4,2,2,3,2,1,19,12,7,0,0,0,191,120,71,10,5,5,2,2,0,19,14,5
155399,52,Business Management and Administrative Services,1662,948,714,3,2,1,23,10,13,48,23,25,103,60,43,1,0,1,1292,743,549,44,24,20,20,13,7,128,73,55
155414,13,Education,97,30,67,0,0,0,0,0,0,5,2,3,11,6,5,0,0,0,77,21,56,2,0,2,1,1,0,1,0,1
155414,14,Engineering,16,12,4,0,0,0,0,0,0,2,2,0,1,1,0,0,0,0,9,6,3,0,0,0,1,1,0,3,2,1
155414,26,Biological Sciences/LifeSciences,20,8,12,0,0,0,0,0,0,2,1,1,3,0,3,0,0,0,14,6,8,1,1,0,0,0,0,0,0,0
155414,27,Mathematics,4,3,1,0,0,0,0,0,0,0,0,0,0,0,0,0,0,0,3,2,1,0,0,0,0,0,0,1,1,0
155414,40,Physical Sciences,38,11,27,0,0,0,1,1,0,3,1,2,8,3,5,0,0,0,26,6,20,0,0,0,0,0,0,0,0,0
155414,52,Business Management and Administrative Services,165,99,66,0,0,0,2,2,0,14,14,0,18,14,4,0,0,0,117,59,58,7,6,1,1,0,1,6,4,2
155496,52,Business Management and Administrative Services,28,18,10,0,0,0,0,0,0,4,3,1,2,1,1,0,0,0,14,7,7,1,1,0,6,5,1,1,1,0
155511,13,Education,22,2,20,0,0,0,0,0,0,0,0,0,6,0,6,0,0,0,16,2,14,0,0,0,0,0,0,0,0,0
155511,26,Biological Sciences/LifeSciences,68,37,31,0,0,0,1,1,0,11,7,4,10,7,3,0,0,0,42,20,22,0,0,0,0,0,0,4,2,2
155511,27,Mathematics,9,7,2,0,0,0,2,2,0,0,0,0,3,2,1,0,0,0,4,3,1,0,0,0,0,0,0,0,0,0
155511,40,Physical Sciences,6,4,2,0,0,0,0,0,0,0,0,0,2,2,0,0,0,0,4,2,2,0,0,0,0,0,0,0,0,0
155511,52,Business Management and Administrative Services,134,100,34,0,0,0,1,1,0,15,12,3,18,16,2,0,0,0,84,58,26,3,2,1,7,7,0,6,4,2
155520,13,Education,108,41,67,1,1,0,1,1,0,7,4,3,2,0,2,1,1,0,78,27,51,2,1,1,16,6,10,0,0,0
155520,26,Biological Sciences/LifeSciences,33,11,22,2,1,1,0,0,0,4,1,3,0,0,0,1,0,1,18,7,11,1,0,1,7,2,5,0,0,0
155520,27,Mathematics,4,3,1,0,0,0,0,0,0,0,0,0,0,0,0,0,0,0,4,3,1,0,0,0,0,0,0,0,0,0
155520,40,Physical Sciences,12,7,5,1,0,1,0,0,0,3,1,2,1,1,0,0,0,0,5,4,1,1,0,1,1,1,0,0,0,0
155520,52,Business Management and Administrative Services,243,130,113,0,0,0,1,1,0,41,26,15,6,3,3,1,1,0,158,79,79,6,4,2,30,16,14,0,0,0
155627,13,Education,67,37,30,3,1,2,0,0,0,7,6,1,0,0,0,0,0,0,46,26,20,2,0,2,9,4,5,0,0,0
155627,14,Engineering,32,27,5,1,1,0,0,0,0,3,2,1,0,0,0,1,0,1,24,22,2,1,0,1,2,2,0,0,0,0
155627,26,Biological Sciences/LifeSciences,62,26,36,6,2,4,1,1,0,3,1,2,0,0,0,1,1,0,40,17,23,2,0,2,9,4,5,0,0,0
155627,27,Mathematics,3,0,3,0,0,0,0,0,0,0,0,0,0,0,0,0,0,0,3,0,3,0,0,0,0,0,0,0,0,0
155627,52,Business Management and Administrative Services,157,120,37,4,4,0,0,0,0,14,11,3,0,0,0,0,0,0,121,88,33,9,9,0,9,8,1,0,0,0
155636,13,Education,38,6,32,0,0,0,1,1,0,4,2,2,0,0,0,0,0,0,29,2,27,3,0,3,1,1,0,0,0,0
155636,27,Mathematics,6,3,3,0,0,0,0,0,0,0,0,0,0,0,0,0,0,0,5,2,3,1,1,0,0,0,0,0,0,0
155636,52,Business Management and Administrative Services,161,65,96,3,0,3,8,2,6,16,6,10,0,0,0,0,0,0,121,51,70,4,1,3,9,5,4,0,0,0
155681,13,Education,716,239,477,13,3,10,2,0,2,13,7,6,35,10,25,0,0,0,597,193,404,52,22,30,0,0,0,4,4,0
155681,26,Biological Sciences/LifeSciences,344,140,204,7,4,3,4,2,2,12,5,7,16,4,12,0,0,0,275,110,165,23,11,12,1,0,1,6,4,2
155681,27,Mathematics,28,15,13,0,0,0,0,0,0,0,0,0,2,1,1,0,0,0,20,13,7,3,1,2,0,0,0,3,0,3
155681,40,Physical Sciences,102,54,48,3,2,1,2,2,0,6,3,3,10,4,6,0,0,0,73,37,36,3,2,1,1,1,0,4,3,1
155681,52,Business Management and Administrative Services,1074,753,321,9,4,5,7,4,3,50,34,16,51,35,16,0,0,0,839,600,239,61,41,20,1,0,1,56,35,21
155812,13,Education,27,7,20,0,0,0,0,0,0,0,0,0,4,1,3,0,0,0,19,4,15,2,1,1,1,1,0,1,0,1
155812,26,Biological Sciences/LifeSciences,58,27,31,2,1,1,0,0,0,3,2,1,19,9,10,0,0,0,32,13,19,2,2,0,0,0,0,0,0,0
155812,27,Mathematics,11,7,4,0,0,0,0,0,0,1,1,0,2,2,0,0,0,0,8,4,4,0,0,0,0,0,0,0,0,0
155812,40,Physical Sciences,4,3,1,0,0,0,0,0,0,0,0,0,2,2,0,0,0,0,2,1,1,0,0,0,0,0,0,0,0,0
155812,52,Business Management and Administrative Services,44,23,21,0,0,0,0,0,0,8,3,5,7,2,5,0,0,0,24,15,9,2,0,2,0,0,0,3,3,0
155900,13,Education,108,23,85,2,0,2,1,0,1,7,4,3,6,2,4,0,0,0,65,13,52,2,0,2,23,3,20,2,1,1
155900,26,Biological Sciences/LifeSciences,87,40,47,5,2,3,1,1,0,12,8,4,9,4,5,0,0,0,52,20,32,5,3,2,1,1,0,2,1,1
155900,27,Mathematics,17,11,6,1,1,0,0,0,0,0,0,0,2,2,0,0,0,0,11,5,6,0,0,0,0,0,0,3,3,0
155900,40,Physical Sciences,8,1,7,0,0,0,0,0,0,1,1,0,0,0,0,0,0,0,4,0,4,1,0,1,1,0,1,1,0,1
155900,52,Business Management and Administrative Services,417,295,122,5,3,2,5,4,1,45,33,12,30,18,12,1,1,0,178,130,48,14,8,6,129,92,37,10,6,4
155937,13,Education,100,38,62,1,0,1,0,0,0,3,1,2,12,3,9,0,0,0,84,34,50,0,0,0,0,0,0,0,0,0
155937,26,Biological Sciences/LifeSciences,36,13,23,0,0,0,0,0,0,0,0,0,5,0,5,0,0,0,31,13,18,0,0,0,0,0,0,0,0,0
155937,27,Mathematics,6,3,3,0,0,0,0,0,0,0,0,0,0,0,0,0,0,0,6,3,3,0,0,0,0,0,0,0,0,0
155937,40,Physical Sciences,5,4,1,0,0,0,0,0,0,0,0,0,1,1,0,0,0,0,4,3,1,0,0,0,0,0,0,0,0,0
155937,52,Business Management and Administrative Services,95,75,20,2,2,0,1,1,0,23,22,1,14,11,3,0,0,0,55,39,16,0,0,0,0,0,0,0,0,0
155973,13,Education,56,11,45,0,0,0,0,0,0,0,0,0,6,1,5,0,0,0,45,8,37,3,1,2,2,1,1,0,0,0
155973,26,Biological Sciences/LifeSciences,25,14,11,0,0,0,1,0,1,0,0,0,2,2,0,0,0,0,15,9,6,7,3,4,0,0,0,0,0,0
155973,27,Mathematics,13,6,7,0,0,0,0,0,0,0,0,0,1,0,1,0,0,0,9,5,4,0,0,0,3,1,2,0,0,0
155973,40,Physical Sciences,1,0,1,0,0,0,0,0,0,0,0,0,0,0,0,0,0,0,1,0,1,0,0,0,0,0,0,0,0,0
155973,52,Business Management and Administrative Services,96,71,25,1,1,0,1,1,0,9,9,0,10,8,2,0,0,0,63,43,20,3,2,1,3,1,2,6,6,0
156082,13,Education,300,104,196,1,0,1,1,0,1,14,5,9,29,11,18,0,0,0,207,70,137,9,3,6,38,15,23,1,0,1
156082,26,Biological Sciences/LifeSciences,158,59,99,2,1,1,4,1,3,2,0,2,12,5,7,0,0,0,109,42,67,6,2,4,23,8,15,0,0,0
156082,27,Mathematics,28,19,9,0,0,0,0,0,0,0,0,0,3,3,0,0,0,0,22,15,7,0,0,0,2,1,1,1,0,1
156082,40,Physical Sciences,56,37,19,0,0,0,1,0,1,1,0,1,3,3,0,0,0,0,43,31,12,2,1,1,3,2,1,3,0,3
156082,52,Business Management and Administrative Services,545,326,219,3,1,2,6,3,3,23,15,8,45,20,25,0,0,0,327,206,121,22,13,9,68,40,28,51,28,23
156125,13,Education,753,190,563,5,1,4,14,6,8,31,4,27,73,14,59,0,0,0,595,153,442,22,6,16,11,6,5,2,0,2
156125,14,Engineering,2084,1727,357,15,11,4,219,158,61,65,51,14,189,158,31,2,0,2,1011,852,159,68,55,13,54,49,5,461,393,68
156125,26,Biological Sciences/LifeSciences,357,135,222,1,0,1,67,25,42,12,4,8,34,9,25,0,0,0,199,75,124,18,11,7,10,6,4,16,5,11
156125,27,Mathematics,51,37,14,0,0,0,4,3,1,1,1,0,3,3,0,0,0,0,38,27,11,1,1,0,1,1,0,3,1,2
156125,40,Physical Sciences,291,181,110,1,1,0,42,23,19,11,6,5,40,24,16,0,0,0,158,99,59,15,9,6,9,7,2,15,12,3
156125,52,Business Management and Administrative Services,2064,1186,878,11,6,5,152,67,85,105,54,51,232,132,100,1,0,1,1285,757,528,77,42,35,46,29,17,155,99,56
156189,13,Education,108,50,58,0,0,0,0,0,0,0,0,0,0,0,0,0,0,0,108,50,58,0,0,0,0,0,0,0,0,0
156189,26,Biological Sciences/LifeSciences,182,61,121,0,0,0,0,0,0,1,0,1,4,2,2,1,0,1,174,58,116,0,0,0,2,1,1,0,0,0
156189,52,Business Management and Administrative Services,64,42,22,1,1,0,0,0,0,2,1,1,2,2,0,0,0,0,54,35,19,1,1,0,3,1,2,1,1,0
156213,13,Education,207,28,179,1,0,1,5,2,3,4,0,4,3,1,2,0,0,0,182,24,158,1,0,1,7,1,6,4,0,4
156213,14,Engineering,11,10,1,0,0,0,0,0,0,0,0,0,0,0,0,0,0,0,8,7,1,0,0,0,2,2,0,1,1,0
156213,26,Biological Sciences/LifeSciences,54,17,37,0,0,0,2,0,2,1,0,1,0,0,0,0,0,0,44,13,31,1,0,1,1,1,0,5,3,2
156213,27,Mathematics,25,12,13,0,0,0,0,0,0,1,1,0,0,0,0,0,0,0,22,9,13,0,0,0,0,0,0,2,2,0
156213,40,Physical Sciences,1,1,0,0,0,0,0,0,0,0,0,0,0,0,0,0,0,0,0,0,0,0,0,0,1,1,0,0,0,0
156213,52,Business Management and Administrative Services,37,18,19,0,0,0,1,1,0,2,0,2,1,0,1,0,0,0,28,14,14,1,1,0,4,2,2,0,0,0
156286,13,Education,147,22,125,0,0,0,2,0,2,2,0,2,6,1,5,0,0,0,123,20,103,6,0,6,8,1,7,0,0,0
156286,14,Engineering,21,15,6,0,0,0,0,0,0,1,1,0,0,0,0,0,0,0,20,14,6,0,0,0,0,0,0,0,0,0
156286,26,Biological Sciences/LifeSciences,249,79,170,0,0,0,8,3,5,9,2,7,9,3,6,0,0,0,203,63,140,6,2,4,13,6,7,1,0,1
156286,27,Mathematics,12,5,7,0,0,0,0,0,0,1,0,1,0,0,0,0,0,0,11,5,6,0,0,0,0,0,0,0,0,0
156286,40,Physical Sciences,49,30,19,0,0,0,1,0,1,2,0,2,1,1,0,0,0,0,42,26,16,1,1,0,1,1,0,1,1,0
156286,52,Business Management and Administrative Services,353,243,110,0,0,0,8,3,5,9,8,1,8,5,3,0,0,0,306,214,92,7,4,3,10,5,5,5,4,1
156295,13,Education,84,18,66,0,0,0,2,2,0,8,2,6,6,1,5,1,0,1,62,12,50,4,1,3,0,0,0,1,0,1
156295,26,Biological Sciences/LifeSciences,151,60,91,0,0,0,8,4,4,18,2,16,22,11,11,0,0,0,85,35,50,8,3,5,1,1,0,9,4,5
156295,27,Mathematics,73,57,16,0,0,0,0,0,0,2,2,0,7,5,2,0,0,0,46,35,11,2,1,1,0,0,0,16,14,2
156295,40,Physical Sciences,99,55,44,0,0,0,1,0,1,15,5,10,17,14,3,0,0,0,41,22,19,7,3,4,1,1,0,17,10,7
156295,52,Business Management and Administrative Services,123,62,61,0,0,0,2,0,2,23,7,16,16,10,6,0,0,0,55,33,22,7,2,5,2,1,1,18,9,9
156356,13,Education,37,5,32,0,0,0,0,0,0,3,1,2,1,0,1,1,1,0,27,2,25,0,0,0,4,0,4,1,1,0
156356,14,Engineering,3,3,0,0,0,0,0,0,0,0,0,0,1,1,0,0,0,0,1,1,0,0,0,0,0,0,0,1,1,0
156356,26,Biological Sciences/LifeSciences,39,17,22,1,1,0,1,0,1,3,1,2,2,2,0,0,0,0,30,13,17,0,0,0,2,0,2,0,0,0
156356,27,Mathematics,1,0,1,0,0,0,0,0,0,0,0,0,0,0,0,0,0,0,0,0,0,0,0,0,0,0,0,1,0,1
156356,40,Physical Sciences,3,2,1,0,0,0,0,0,0,0,0,0,0,0,0,0,0,0,1,1,0,0,0,0,0,0,0,2,1,1
156356,52,Business Management and Administrative Services,74,41,33,0,0,0,1,0,1,6,3,3,2,2,0,0,0,0,55,29,26,0,0,0,6,3,3,4,4,0
156365,13,Education,306,60,246,2,0,2,1,0,1,25,7,18,3,1,2,0,0,0,262,48,214,5,0,5,4,1,3,4,3,1
156365,26,Biological Sciences/LifeSciences,111,48,63,0,0,0,1,1,0,10,7,3,2,1,1,0,0,0,84,32,52,2,2,0,0,0,0,12,5,7
156365,27,Mathematics,45,30,15,0,0,0,0,0,0,3,3,0,2,2,0,0,0,0,33,19,14,1,1,0,0,0,0,6,5,1
156365,40,Physical Sciences,19,10,9,0,0,0,1,0,1,2,1,1,1,1,0,0,0,0,15,8,7,0,0,0,0,0,0,0,0,0
156365,52,Business Management and Administrative Services,384,233,151,0,0,0,1,1,0,49,34,15,10,6,4,0,0,0,232,126,106,5,3,2,2,1,1,85,62,23
156408,26,Biological Sciences/LifeSciences,69,31,38,0,0,0,1,0,1,3,2,1,2,1,1,1,0,1,59,27,32,0,0,0,1,1,0,2,0,2
156408,27,Mathematics,46,19,27,0,0,0,1,0,1,0,0,0,0,0,0,0,0,0,32,16,16,0,0,0,0,0,0,13,3,10
156408,40,Physical Sciences,36,25,11,0,0,0,5,3,2,1,0,1,0,0,0,0,0,0,25,20,5,2,1,1,0,0,0,3,1,2
156541,13,Education,304,85,219,0,0,0,1,0,1,6,4,2,3,0,3,0,0,0,261,73,188,4,1,3,27,5,22,2,2,0
156541,14,Engineering,10,9,1,0,0,0,1,1,0,0,0,0,1,0,1,0,0,0,7,7,0,0,0,0,0,0,0,1,1,0
156541,26,Biological Sciences/LifeSciences,251,94,157,0,0,0,1,0,1,6,4,2,8,3,5,1,0,1,209,78,131,5,0,5,17,9,8,4,0,4
156541,27,Mathematics,32,20,12,0,0,0,1,1,0,1,1,0,0,0,0,0,0,0,26,14,12,0,0,0,2,2,0,2,2,0
156541,40,Physical Sciences,48,27,21,0,0,0,0,0,0,2,2,0,0,0,0,0,0,0,37,21,16,2,1,1,1,0,1,6,3,3
156541,52,Business Management and Administrative Services,347,225,122,5,3,2,1,0,1,21,19,2,6,5,1,0,0,0,250,155,95,2,1,1,29,16,13,33,26,7
156620,13,Education,1200,309,891,5,1,4,6,2,4,36,18,18,32,7,25,1,1,0,1090,264,826,16,8,8,11,6,5,3,2,1
156620,14,Engineering,5,5,0,0,0,0,0,0,0,0,0,0,0,0,0,0,0,0,4,4,0,1,1,0,0,0,0,0,0,0
156620,26,Biological Sciences/LifeSciences,394,147,247,1,0,1,4,0,4,11,3,8,12,4,8,1,0,1,343,132,211,16,5,11,4,2,2,2,1,1
156620,27,Mathematics,65,39,26,0,0,0,1,0,1,3,2,1,3,2,1,0,0,0,52,32,20,2,0,2,2,1,1,2,2,0
156620,40,Physical Sciences,273,159,114,0,0,0,5,2,3,10,4,6,5,5,0,0,0,0,242,142,100,5,3,2,3,2,1,3,1,2
156620,52,Business Management and Administrative Services,1295,845,450,1,1,0,13,5,8,65,41,24,26,18,8,0,0,0,1110,726,384,25,16,9,18,13,5,37,25,12
156745,13,Education,41,2,39,0,0,0,0,0,0,1,0,1,0,0,0,0,0,0,39,1,38,0,0,0,1,1,0,0,0,0
156745,26,Biological Sciences/LifeSciences,64,24,40,0,0,0,1,1,0,1,1,0,0,0,0,0,0,0,58,20,38,1,1,0,2,0,2,1,1,0
156745,27,Mathematics,7,5,2,0,0,0,0,0,0,0,0,0,0,0,0,0,0,0,7,5,2,0,0,0,0,0,0,0,0,0
156745,40,Physical Sciences,1,0,1,0,0,0,0,0,0,0,0,0,0,0,0,0,0,0,1,0,1,0,0,0,0,0,0,0,0,0
156745,52,Business Management and Administrative Services,24,18,6,1,1,0,0,0,0,2,2,0,2,2,0,0,0,0,17,11,6,0,0,0,2,2,0,0,0,0
157021,52,Business Management and Administrative Services,97,34,63,0,0,0,1,1,0,43,17,26,4,2,2,0,0,0,37,10,27,2,1,1,10,3,7,0,0,0
157030,13,Education,5,1,4,0,0,0,0,0,0,0,0,0,0,0,0,0,0,0,5,1,4,0,0,0,0,0,0,0,0,0
157058,13,Education,133,74,59,2,0,2,2,1,1,78,48,30,5,1,4,0,0,0,39,20,19,3,1,2,3,3,0,1,0,1
157058,26,Biological Sciences/LifeSciences,62,15,47,0,0,0,0,0,0,37,8,29,0,0,0,0,0,0,17,5,12,6,1,5,2,1,1,0,0,0
157058,27,Mathematics,32,22,10,0,0,0,1,0,1,19,12,7,0,0,0,0,0,0,11,9,2,0,0,0,1,1,0,0,0,0
157058,40,Physical Sciences,11,5,6,0,0,0,0,0,0,6,1,5,0,0,0,0,0,0,5,4,1,0,0,0,0,0,0,0,0,0
157058,52,Business Management and Administrative Services,136,78,58,0,0,0,2,1,1,90,52,38,3,1,2,0,0,0,32,19,13,6,2,4,2,2,0,1,1,0
157076,13,Education,72,36,36,0,0,0,0,0,0,8,5,3,0,0,0,0,0,0,58,29,29,0,0,0,6,2,4,0,0,0
157076,26,Biological Sciences/LifeSciences,80,23,57,2,0,2,2,0,2,4,2,2,1,0,1,0,0,0,64,16,48,2,2,0,5,3,2,0,0,0
157076,27,Mathematics,9,3,6,0,0,0,0,0,0,1,1,0,0,0,0,0,0,0,7,2,5,1,0,1,0,0,0,0,0,0
157076,40,Physical Sciences,28,11,17,0,0,0,0,0,0,2,1,1,0,0,0,0,0,0,23,10,13,0,0,0,3,0,3,0,0,0
157076,52,Business Management and Administrative Services,102,69,33,0,0,0,1,1,0,17,14,3,0,0,0,0,0,0,78,48,30,0,0,0,6,6,0,0,0,0
157085,13,Education,2006,593,1413,3,1,2,28,10,18,176,59,117,86,34,52,3,0,3,1566,434,1132,82,31,51,53,18,35,9,6,3
157085,14,Engineering,2803,2234,569,3,2,1,86,62,24,104,74,30,96,77,19,2,2,0,2163,1739,424,80,62,18,85,66,19,184,150,34
157085,26,Biological Sciences/LifeSciences,1822,703,1119,4,1,3,127,53,74,137,39,98,94,45,49,0,0,0,1289,498,791,81,34,47,50,15,35,40,18,22
157085,27,Mathematics,182,112,70,0,0,0,7,4,3,13,7,6,7,5,2,0,0,0,125,75,50,7,6,1,8,5,3,15,10,5
157085,40,Physical Sciences,460,256,204,0,0,0,24,14,10,30,10,20,30,16,14,0,0,0,325,182,143,19,8,11,14,13,1,18,13,5
157085,52,Business Management and Administrative Services,3368,2051,1317,4,4,0,78,42,36,169,102,67,116,60,56,3,3,0,2650,1626,1024,92,53,39,99,61,38,157,100,57
157100,13,Education,65,28,37,0,0,0,0,0,0,2,2,0,1,0,1,0,0,0,55,24,31,0,0,0,7,2,5,0,0,0
157100,26,Biological Sciences/LifeSciences,32,15,17,0,0,0,0,0,0,2,2,0,2,2,0,0,0,0,21,7,14,0,0,0,6,4,2,1,0,1
157100,52,Business Management and Administrative Services,115,92,23,0,0,0,0,0,0,30,30,0,4,4,0,0,0,0,65,45,20,1,1,0,7,6,1,8,6,2
157216,13,Education,187,73,114,0,0,0,2,0,2,11,7,4,1,1,0,0,0,0,125,45,80,3,3,0,45,17,28,0,0,0
157216,14,Engineering,1,1,0,0,0,0,0,0,0,0,0,0,0,0,0,0,0,0,1,1,0,0,0,0,0,0,0,0,0,0
157216,26,Biological Sciences/LifeSciences,80,23,57,0,0,0,0,0,0,2,1,1,1,1,0,0,0,0,60,19,41,0,0,0,17,2,15,0,0,0
157216,27,Mathematics,20,16,4,0,0,0,0,0,0,1,1,0,0,0,0,0,0,0,14,12,2,0,0,0,5,3,2,0,0,0
157216,52,Business Management and Administrative Services,293,201,92,2,2,0,0,0,0,37,34,3,6,4,2,0,0,0,167,112,55,6,6,0,75,43,32,0,0,0
157270,14,Engineering,86,79,7,0,0,0,1,1,0,13,11,2,5,4,1,0,0,0,55,51,4,7,7,0,5,5,0,0,0,0
157289,13,Education,1249,491,758,4,3,1,14,6,8,171,75,96,75,46,29,0,0,0,940,342,598,39,14,25,4,4,0,2,1,1
157289,14,Engineering,2045,1629,416,2,2,0,118,97,21,82,55,27,70,56,14,0,0,0,1644,1324,320,84,58,26,4,4,0,41,33,8
157289,26,Biological Sciences/LifeSciences,937,386,551,1,0,1,87,43,44,80,23,57,51,20,31,0,0,0,670,282,388,39,15,24,1,0,1,8,3,5
157289,27,Mathematics,122,86,36,0,0,0,7,7,0,13,6,7,4,1,3,0,0,0,91,68,23,6,3,3,0,0,0,1,1,0
157289,40,Physical Sciences,338,202,136,0,0,0,25,19,6,30,12,18,14,7,7,0,0,0,243,151,92,22,10,12,0,0,0,4,3,1
157289,52,Business Management and Administrative Services,1707,1075,632,0,0,0,70,40,30,112,63,49,64,40,24,1,1,0,1348,864,484,62,39,23,0,0,0,50,28,22
157377,13,Education,160,22,138,0,0,0,0,0,0,11,2,9,1,0,1,0,0,0,145,20,125,2,0,2,1,0,1,0,0,0
157377,26,Biological Sciences/LifeSciences,39,2,37,0,0,0,0,0,0,5,1,4,5,0,5,0,0,0,26,1,25,1,0,1,0,0,0,2,0,2
157377,27,Mathematics,2,2,0,0,0,0,0,0,0,0,0,0,0,0,0,0,0,0,0,0,0,0,0,0,0,0,0,2,2,0
157377,52,Business Management and Administrative Services,189,63,126,0,0,0,1,0,1,21,5,16,12,2,10,0,0,0,124,42,82,2,1,1,16,3,13,13,10,3
157386,13,Education,653,102,551,0,0,0,2,1,1,21,6,15,8,4,4,0,0,0,608,90,518,7,0,7,6,0,6,1,1,0
157386,26,Biological Sciences/LifeSciences,528,196,332,3,2,1,3,1,2,9,4,5,6,0,6,0,0,0,487,178,309,14,7,7,6,4,2,0,0,0
157386,27,Mathematics,85,43,42,0,0,0,3,1,2,2,1,1,2,0,2,0,0,0,74,39,35,3,2,1,0,0,0,1,0,1
157386,40,Physical Sciences,227,163,64,0,0,0,0,0,0,3,2,1,1,0,1,0,0,0,215,155,60,4,3,1,2,1,1,2,2,0
157386,52,Business Management and Administrative Services,834,441,393,1,0,1,6,4,2,24,14,10,17,10,7,1,0,1,688,339,349,16,4,12,11,8,3,70,62,8
157401,13,Education,667,100,567,1,0,1,2,0,2,40,9,31,19,4,15,0,0,0,569,78,491,18,4,14,17,5,12,1,0,1
157401,14,Engineering,140,124,16,1,1,0,1,1,0,5,4,1,2,2,0,0,0,0,116,105,11,3,2,1,7,5,2,5,4,1
157401,26,Biological Sciences/LifeSciences,281,118,163,1,1,0,7,6,1,14,2,12,7,1,6,0,0,0,215,99,116,15,5,10,6,1,5,16,3,13
157401,27,Mathematics,59,28,31,0,0,0,1,1,0,2,2,0,3,1,2,0,0,0,48,23,25,1,0,1,1,1,0,3,0,3
157401,40,Physical Sciences,172,86,86,2,1,1,4,3,1,6,2,4,0,0,0,1,0,1,143,71,72,3,1,2,5,2,3,8,6,2
157401,52,Business Management and Administrative Services,816,421,395,1,1,0,10,3,7,68,38,30,10,6,4,0,0,0,633,322,311,16,7,9,16,8,8,62,36,26
157447,13,Education,842,192,650,4,0,4,5,1,4,56,12,44,20,3,17,0,0,0,735,167,568,16,6,10,4,1,3,2,2,0
157447,26,Biological Sciences/LifeSciences,453,151,302,2,1,1,9,3,6,29,8,21,21,6,15,0,0,0,370,123,247,4,2,2,5,2,3,13,6,7
157447,27,Mathematics,98,56,42,2,1,1,1,0,1,3,3,0,3,1,2,0,0,0,85,48,37,2,1,1,0,0,0,2,2,0
157447,40,Physical Sciences,258,157,101,0,0,0,6,5,1,13,4,9,10,6,4,0,0,0,215,134,81,8,5,3,0,0,0,6,3,3
157447,52,Business Management and Administrative Services,2139,1229,910,5,4,1,21,6,15,138,71,67,65,33,32,1,1,0,1757,1006,751,42,25,17,11,7,4,99,76,23
157465,52,Business Management and Administrative Services,1,1,0,0,0,0,0,0,0,1,1,0,0,0,0,0,0,0,0,0,0,0,0,0,0,0,0,0,0,0
157535,13,Education,126,36,90,0,0,0,0,0,0,6,5,1,1,0,1,0,0,0,119,31,88,0,0,0,0,0,0,0,0,0
157535,26,Biological Sciences/LifeSciences,219,102,117,1,1,0,1,0,1,9,6,3,2,1,1,0,0,0,202,94,108,0,0,0,0,0,0,4,0,4
157535,27,Mathematics,19,15,4,0,0,0,1,1,0,2,2,0,2,1,1,0,0,0,14,11,3,0,0,0,0,0,0,0,0,0
157535,40,Physical Sciences,30,17,13,0,0,0,0,0,0,0,0,0,0,0,0,0,0,0,30,17,13,0,0,0,0,0,0,0,0,0
157535,52,Business Management and Administrative Services,218,171,47,0,0,0,1,0,1,38,37,1,8,7,1,1,1,0,155,114,41,0,0,0,0,0,0,15,12,3
157599,52,Business Management and Administrative Services,54,23,31,2,0,2,0,0,0,31,16,15,1,0,1,0,0,0,19,7,12,0,0,0,1,0,1,0,0,0
157748,13,Education,62,8,54,0,0,0,4,0,4,1,1,0,4,1,3,0,0,0,52,6,46,0,0,0,1,0,1,0,0,0
157748,52,Business Management and Administrative Services,72,51,21,2,2,0,2,1,1,4,4,0,5,4,1,0,0,0,57,39,18,0,0,0,2,1,1,0,0,0
157757,13,Education,63,18,45,0,0,0,0,0,0,14,5,9,4,1,3,0,0,0,43,10,33,1,1,0,1,1,0,0,0,0
157757,52,Business Management and Administrative Services,194,100,94,0,0,0,2,1,1,51,19,32,10,7,3,1,1,0,120,66,54,4,2,2,3,1,2,3,3,0
157793,13,Education,16,0,16,0,0,0,0,0,0,3,0,3,0,0,0,0,0,0,7,0,7,1,0,1,5,0,5,0,0,0
157793,52,Business Management and Administrative Services,1106,397,709,8,2,6,10,7,3,187,61,126,1,1,0,5,1,4,564,198,366,121,32,89,205,91,114,5,4,1
157809,13,Education,117,37,80,0,0,0,1,0,1,3,1,2,4,1,3,0,0,0,101,29,72,5,4,1,3,2,1,0,0,0
157809,26,Biological Sciences/LifeSciences,153,70,83,0,0,0,3,1,2,5,3,2,2,1,1,0,0,0,136,62,74,6,2,4,1,1,0,0,0,0
157809,27,Mathematics,11,6,5,0,0,0,0,0,0,0,0,0,0,0,0,0,0,0,10,6,4,0,0,0,1,0,1,0,0,0
157809,40,Physical Sciences,39,28,11,0,0,0,0,0,0,2,2,0,1,1,0,1,0,1,34,24,10,0,0,0,1,1,0,0,0,0
157809,52,Business Management and Administrative Services,455,289,166,0,0,0,2,1,1,41,30,11,8,5,3,1,1,0,305,196,109,14,10,4,77,41,36,7,5,2
157818,13,Education,18,2,16,0,0,0,0,0,0,1,0,1,0,0,0,0,0,0,16,2,14,0,0,0,1,0,1,0,0,0
157818,26,Biological Sciences/LifeSciences,93,32,61,0,0,0,5,2,3,2,1,1,5,1,4,0,0,0,73,24,49,5,2,3,3,2,1,0,0,0
157818,27,Mathematics,23,13,10,0,0,0,1,0,1,0,0,0,1,1,0,0,0,0,17,12,5,0,0,0,4,0,4,0,0,0
157818,40,Physical Sciences,27,16,11,0,0,0,1,0,1,1,1,0,3,2,1,0,0,0,19,11,8,1,0,1,2,2,0,0,0,0
157818,52,Business Management and Administrative Services,112,66,46,0,0,0,1,1,0,2,0,2,2,2,0,0,0,0,85,54,31,5,1,4,17,8,9,0,0,0
157863,13,Education,106,46,60,0,0,0,0,0,0,10,9,1,4,2,2,0,0,0,84,28,56,3,2,1,1,1,0,4,4,0
157863,26,Biological Sciences/LifeSciences,59,22,37,1,1,0,0,0,0,6,4,2,1,0,1,0,0,0,43,14,29,6,2,4,0,0,0,2,1,1
157863,27,Mathematics,12,7,5,0,0,0,0,0,0,1,1,0,0,0,0,0,0,0,11,6,5,0,0,0,0,0,0,0,0,0
157863,52,Business Management and Administrative Services,141,97,44,1,0,1,1,1,0,22,19,3,5,4,1,1,0,1,78,47,31,0,0,0,3,3,0,30,23,7
157951,13,Education,1171,180,991,2,0,2,7,2,5,101,31,70,25,2,23,2,1,1,996,139,857,25,4,21,10,1,9,3,0,3
157951,14,Engineering,674,611,63,0,0,0,8,8,0,15,13,2,14,12,2,0,0,0,448,396,52,13,12,1,5,5,0,171,165,6
157951,26,Biological Sciences/LifeSciences,709,286,423,1,0,1,25,12,13,40,15,25,25,4,21,0,0,0,567,234,333,17,4,13,3,2,1,31,15,16
157951,27,Mathematics,118,50,68,0,0,0,2,0,2,7,5,2,3,1,2,0,0,0,97,40,57,2,0,2,2,0,2,5,4,1
157951,40,Physical Sciences,285,164,121,1,0,1,6,5,1,17,8,9,6,5,1,0,0,0,238,134,104,4,2,2,1,1,0,12,9,3
157951,52,Business Management and Administrative Services,2366,1336,1030,1,0,1,39,18,21,162,98,64,83,46,37,5,2,3,1772,957,815,61,36,25,16,8,8,227,171,56
158477,26,Biological Sciences/LifeSciences,64,22,42,1,0,1,7,0,7,7,2,5,3,0,3,1,1,0,37,17,20,7,2,5,0,0,0,1,0,1
158477,27,Mathematics,6,4,2,0,0,0,0,0,0,0,0,0,0,0,0,0,0,0,5,3,2,1,1,0,0,0,0,0,0,0
158477,40,Physical Sciences,11,6,5,0,0,0,0,0,0,1,0,1,0,0,0,0,0,0,10,6,4,0,0,0,0,0,0,0,0,0
158477,52,Business Management and Administrative Services,47,27,20,1,0,1,1,0,1,8,4,4,4,3,1,0,0,0,30,19,11,3,1,2,0,0,0,0,0,0
158802,26,Biological Sciences/LifeSciences,184,22,162,0,0,0,0,0,0,167,19,148,0,0,0,1,0,1,0,0,0,1,0,1,15,3,12,0,0,0
158802,27,Mathematics,16,8,8,0,0,0,0,0,0,16,8,8,0,0,0,0,0,0,0,0,0,0,0,0,0,0,0,0,0,0
158802,40,Physical Sciences,65,29,36,0,0,0,0,0,0,57,24,33,0,0,0,0,0,0,3,1,2,0,0,0,5,4,1,0,0,0
158802,52,Business Management and Administrative Services,158,69,89,1,1,0,0,0,0,149,62,87,0,0,0,0,0,0,2,1,1,0,0,0,6,5,1,0,0,0
159009,13,Education,369,171,198,0,0,0,0,0,0,353,164,189,5,4,1,0,0,0,4,3,1,3,0,3,1,0,1,3,0,3
159009,26,Biological Sciences/LifeSciences,361,84,277,0,0,0,0,0,0,331,81,250,4,1,3,0,0,0,1,0,1,3,0,3,9,0,9,13,2,11
159009,27,Mathematics,15,4,11,0,0,0,0,0,0,13,4,9,0,0,0,0,0,0,0,0,0,1,0,1,0,0,0,1,0,1
159009,40,Physical Sciences,47,13,34,0,0,0,0,0,0,44,13,31,2,0,2,0,0,0,0,0,0,1,0,1,0,0,0,0,0,0
159009,52,Business Management and Administrative Services,586,328,258,1,1,0,0,0,0,480,260,220,7,4,3,0,0,0,4,0,4,8,2,6,4,1,3,82,60,22
159382,13,Education,143,12,131,7,0,7,1,0,1,12,2,10,4,1,3,0,0,0,115,9,106,4,0,4,0,0,0,0,0,0
159382,26,Biological Sciences/LifeSciences,194,73,121,13,7,6,4,0,4,29,11,18,5,2,3,0,0,0,133,51,82,5,0,5,1,0,1,4,2,2
159382,27,Mathematics,27,13,14,1,1,0,1,0,1,2,1,1,1,0,1,0,0,0,19,8,11,1,1,0,0,0,0,2,2,0
159382,52,Business Management and Administrative Services,348,214,134,17,13,4,7,2,5,75,32,43,12,7,5,0,0,0,173,122,51,11,1,10,7,3,4,46,34,12
159391,13,Education,2026,464,1562,10,2,8,59,23,36,275,63,212,89,20,69,2,0,2,1528,345,1183,39,4,35,11,2,9,13,5,8
159391,14,Engineering,5031,3848,1183,9,7,2,301,227,74,421,278,143,330,248,82,4,3,1,3590,2780,810,91,65,26,27,23,4,258,217,41
159391,26,Biological Sciences/LifeSciences,2268,857,1411,7,3,4,221,96,125,257,63,194,169,68,101,3,1,2,1543,610,933,50,12,38,5,2,3,13,2,11
159391,27,Mathematics,154,79,75,0,0,0,7,1,6,9,3,6,7,6,1,0,0,0,119,61,58,7,4,3,2,2,0,3,2,1
159391,40,Physical Sciences,445,266,179,2,1,1,13,9,4,44,17,27,28,12,16,1,1,0,338,209,129,8,7,1,2,2,0,9,8,1
159391,52,Business Management and Administrative Services,4659,2771,1888,16,5,11,130,68,62,448,194,254,267,160,107,6,3,3,3621,2249,1372,72,41,31,23,10,13,76,41,35
159416,13,Education,238,44,194,1,0,1,4,0,4,30,5,25,9,1,8,0,0,0,165,33,132,7,1,6,21,3,18,1,1,0
159416,26,Biological Sciences/LifeSciences,271,81,190,2,0,2,16,5,11,46,10,36,22,8,14,1,0,1,137,43,94,16,6,10,26,8,18,5,1,4
159416,27,Mathematics,22,19,3,0,0,0,1,1,0,2,1,1,0,0,0,0,0,0,16,14,2,1,1,0,1,1,0,1,1,0
159416,40,Physical Sciences,66,30,36,0,0,0,3,2,1,13,1,12,1,1,0,0,0,0,29,21,8,12,2,10,4,2,2,4,1,3
159416,52,Business Management and Administrative Services,467,216,251,3,1,2,6,3,3,103,26,77,15,8,7,0,0,0,276,147,129,14,8,6,35,17,18,15,6,9
159568,13,Education,101,48,53,0,0,0,0,0,0,29,21,8,1,0,1,0,0,0,69,26,43,2,1,1,0,0,0,0,0,0
159568,26,Biological Sciences/LifeSciences,48,21,27,0,0,0,0,0,0,8,4,4,0,0,0,0,0,0,34,13,21,2,0,2,0,0,0,4,4,0
159568,27,Mathematics,13,9,4,0,0,0,0,0,0,5,4,1,0,0,0,0,0,0,7,4,3,0,0,0,1,1,0,0,0,0
159568,40,Physical Sciences,16,9,7,0,0,0,0,0,0,3,2,1,0,0,0,0,0,0,12,6,6,0,0,0,0,0,0,1,1,0
159568,52,Business Management and Administrative Services,108,81,27,0,0,0,0,0,0,37,31,6,5,5,0,0,0,0,57,40,17,1,0,1,0,0,0,8,5,3
159647,13,Education,637,161,476,1,0,1,5,2,3,62,17,45,9,1,8,0,0,0,432,102,330,10,1,9,118,38,80,0,0,0
159647,14,Engineering,1925,1534,391,7,5,2,30,24,6,210,162,48,90,69,21,0,0,0,1319,1065,254,46,36,10,139,114,25,84,59,25
159647,26,Biological Sciences/LifeSciences,523,208,315,2,0,2,11,6,5,84,25,59,18,7,11,0,0,0,354,149,205,21,11,10,28,8,20,5,2,3
159647,27,Mathematics,96,52,44,0,0,0,0,0,0,12,4,8,6,4,2,0,0,0,72,42,30,0,0,0,6,2,4,0,0,0
159647,40,Physical Sciences,112,74,38,1,0,1,2,2,0,16,8,8,4,2,2,0,0,0,74,54,20,4,0,4,11,8,3,0,0,0
159647,52,Business Management and Administrative Services,1130,733,397,3,3,0,18,14,4,167,96,71,35,25,10,2,1,1,762,510,252,35,20,15,76,49,27,32,15,17
159656,13,Education,33,20,13,0,0,0,2,1,1,4,4,0,2,0,2,0,0,0,21,13,8,1,0,1,3,2,1,0,0,0
159656,26,Biological Sciences/LifeSciences,166,59,107,0,0,0,10,4,6,22,5,17,39,14,25,0,0,0,79,33,46,7,2,5,4,0,4,5,1,4
159656,27,Mathematics,16,5,11,1,0,1,2,1,1,4,1,3,3,2,1,0,0,0,5,1,4,0,0,0,0,0,0,1,0,1
159656,40,Physical Sciences,61,29,32,1,1,0,3,1,2,11,4,7,9,4,5,0,0,0,31,17,14,2,1,1,4,1,3,0,0,0
159656,52,Business Management and Administrative Services,404,234,170,0,0,0,13,6,7,66,27,39,71,44,27,0,0,0,201,120,81,9,5,4,9,8,1,35,24,11
159717,13,Education,430,60,370,2,0,2,2,0,2,51,10,41,5,1,4,0,0,0,361,47,314,7,0,7,0,0,0,2,2,0
159717,14,Engineering,726,575,151,3,3,0,12,7,5,59,46,13,25,22,3,0,0,0,424,322,102,19,13,6,0,0,0,184,162,22
159717,26,Biological Sciences/LifeSciences,294,101,193,0,0,0,11,6,5,47,12,35,12,0,12,0,0,0,196,76,120,15,2,13,0,0,0,13,5,8
159717,27,Mathematics,48,18,30,0,0,0,1,1,0,2,0,2,2,2,0,0,0,0,39,11,28,0,0,0,0,0,0,4,4,0
159717,40,Physical Sciences,94,38,56,0,0,0,5,2,3,18,4,14,1,1,0,0,0,0,58,27,31,6,1,5,0,0,0,6,3,3
159717,52,Business Management and Administrative Services,920,510,410,1,1,0,19,9,10,157,78,79,21,8,13,1,1,0,598,325,273,25,14,11,0,0,0,98,74,24
159939,13,Education,238,41,197,1,0,1,7,2,5,33,7,26,31,1,30,0,0,0,158,31,127,4,0,4,3,0,3,1,0,1
159939,14,Engineering,768,652,116,1,1,0,66,58,8,54,39,15,77,60,17,0,0,0,431,372,59,27,22,5,11,9,2,101,91,10
159939,26,Biological Sciences/LifeSciences,680,212,468,1,0,1,127,52,75,100,21,79,90,21,69,1,1,0,288,93,195,40,12,28,11,2,9,22,10,12
159939,27,Mathematics,40,25,15,0,0,0,5,3,2,3,1,2,6,6,0,0,0,0,19,12,7,6,3,3,0,0,0,1,0,1
159939,40,Physical Sciences,219,105,114,0,0,0,20,12,8,27,15,12,27,16,11,0,0,0,118,54,64,11,1,10,5,2,3,11,5,6
159939,52,Business Management and Administrative Services,1427,706,721,4,0,4,130,58,72,245,103,142,179,95,84,1,1,0,752,379,373,44,25,19,18,7,11,54,38,16
159966,13,Education,442,50,392,7,1,6,3,0,3,42,8,34,8,1,7,0,0,0,362,37,325,14,3,11,2,0,2,4,0,4
159966,26,Biological Sciences/LifeSciences,466,164,302,7,3,4,10,3,7,95,24,71,27,9,18,0,0,0,302,118,184,19,5,14,2,2,0,4,0,4
159966,27,Mathematics,59,38,21,1,0,1,1,0,1,11,8,3,3,2,1,0,0,0,38,25,13,1,0,1,0,0,0,4,3,1
159966,40,Physical Sciences,58,25,33,2,2,0,1,1,0,8,2,6,1,0,1,0,0,0,41,16,25,2,1,1,0,0,0,3,3,0
159966,52,Business Management and Administrative Services,1109,583,526,19,10,9,15,9,6,196,95,101,41,22,19,1,1,0,773,413,360,30,10,20,6,5,1,28,18,10
159993,13,Education,398,34,364,1,0,1,4,0,4,63,6,57,7,3,4,0,0,0,309,24,285,7,1,6,5,0,5,2,0,2
159993,26,Biological Sciences/LifeSciences,457,168,289,1,0,1,26,12,14,101,26,75,13,5,8,1,1,0,264,107,157,11,3,8,12,3,9,28,11,17
159993,27,Mathematics,48,27,21,0,0,0,0,0,0,3,1,2,0,0,0,0,0,0,27,10,17,1,0,1,0,0,0,17,16,1
159993,40,Physical Sciences,35,22,13,1,1,0,0,0,0,5,4,1,0,0,0,0,0,0,25,15,10,0,0,0,2,1,1,2,1,1
159993,52,Business Management and Administrative Services,1011,582,429,2,0,2,13,9,4,197,100,97,18,14,4,0,0,0,693,410,283,23,13,10,25,13,12,40,23,17
160038,13,Education,630,183,447,10,3,7,6,3,3,116,37,79,54,18,36,2,2,0,401,108,293,23,6,17,8,1,7,10,5,5
160038,26,Biological Sciences/LifeSciences,506,137,369,6,2,4,2,0,2,175,32,143,40,8,32,1,0,1,262,89,173,15,6,9,3,0,3,2,0,2
160038,27,Mathematics,21,8,13,0,0,0,0,0,0,6,2,4,2,2,0,0,0,0,13,4,9,0,0,0,0,0,0,0,0,0
160038,40,Physical Sciences,7,3,4,0,0,0,0,0,0,3,1,2,0,0,0,0,0,0,4,2,2,0,0,0,0,0,0,0,0,0
160038,52,Business Management and Administrative Services,922,350,572,18,8,10,3,2,1,282,102,180,51,21,30,0,0,0,493,188,305,38,15,23,19,9,10,18,5,13
160065,13,Education,88,15,73,0,0,0,1,1,0,7,2,5,1,0,1,0,0,0,32,3,29,0,0,0,47,9,38,0,0,0
160065,26,Biological Sciences/LifeSciences,11,1,10,2,0,2,0,0,0,1,0,1,1,0,1,0,0,0,6,1,5,0,0,0,1,0,1,0,0,0
160065,52,Business Management and Administrative Services,64,15,49,0,0,0,3,0,3,15,2,13,2,0,2,0,0,0,19,7,12,0,0,0,25,6,19,0,0,0
160074,26,Biological Sciences/LifeSciences,62,20,42,1,0,1,9,5,4,13,4,9,4,1,3,0,0,0,35,10,25,0,0,0,0,0,0,0,0,0
160612,13,Education,1652,417,1235,5,1,4,6,0,6,306,81,225,102,19,83,2,1,1,1138,288,850,75,18,57,12,6,6,6,3,3
160612,26,Biological Sciences/LifeSciences,781,204,577,4,3,1,10,2,8,149,24,125,68,16,52,0,0,0,486,140,346,49,12,37,12,5,7,3,2,1
160612,27,Mathematics,57,26,31,1,0,1,0,0,0,2,0,2,8,2,6,0,0,0,42,21,21,1,0,1,0,0,0,3,3,0
160612,40,Physical Sciences,161,89,72,0,0,0,2,1,1,15,7,8,12,6,6,0,0,0,111,65,46,10,5,5,0,0,0,11,5,6
160612,52,Business Management and Administrative Services,1708,878,830,3,2,1,17,12,5,276,124,152,164,82,82,1,0,1,1087,574,513,109,60,49,13,6,7,38,18,20
160621,13,Education,138,18,120,0,0,0,0,0,0,133,18,115,0,0,0,0,0,0,3,0,3,1,0,1,0,0,0,1,0,1
160621,14,Engineering,421,336,85,2,2,0,3,2,1,398,317,81,4,4,0,0,0,0,10,9,1,2,1,1,2,1,1,0,0,0
160621,26,Biological Sciences/LifeSciences,285,72,213,1,1,0,0,0,0,264,65,199,3,1,2,0,0,0,5,3,2,8,2,6,4,0,4,0,0,0
160621,27,Mathematics,59,36,23,0,0,0,0,0,0,52,30,22,2,2,0,0,0,0,4,4,0,0,0,0,0,0,0,1,0,1
160621,40,Physical Sciences,59,22,37,0,0,0,0,0,0,54,20,34,0,0,0,0,0,0,0,0,0,4,1,3,0,0,0,1,1,0
160621,52,Business Management and Administrative Services,632,311,321,1,1,0,3,2,1,587,286,301,6,5,1,0,0,0,12,5,7,17,9,8,2,1,1,4,2,2
160630,13,Education,178,28,150,0,0,0,0,0,0,144,24,120,0,0,0,0,0,0,8,0,8,1,0,1,24,4,20,1,0,1
160630,26,Biological Sciences/LifeSciences,205,39,166,1,0,1,1,0,1,166,33,133,0,0,0,0,0,0,1,0,1,0,0,0,33,6,27,3,0,3
160630,27,Mathematics,53,24,29,0,0,0,0,0,0,44,21,23,0,0,0,0,0,0,1,1,0,0,0,0,7,2,5,1,0,1
160630,52,Business Management and Administrative Services,275,125,150,1,1,0,0,0,0,239,105,134,0,0,0,0,0,0,1,1,0,0,0,0,29,13,16,5,5,0
160658,13,Education,1811,507,1304,2,2,0,19,5,14,390,140,250,80,26,54,0,0,0,1190,290,900,32,14,18,84,25,59,14,5,9
160658,14,Engineering,2169,1783,386,0,0,0,70,54,16,229,191,38,102,84,18,0,0,0,1436,1189,247,24,19,5,154,124,30,154,122,32
160658,26,Biological Sciences/LifeSciences,890,257,633,0,0,0,37,14,23,199,40,159,50,16,34,0,0,0,517,158,359,17,5,12,67,23,44,3,1,2
160658,27,Mathematics,70,39,31,0,0,0,2,1,1,8,3,5,3,1,2,0,0,0,52,31,21,1,1,0,1,0,1,3,2,1
160658,40,Physical Sciences,194,122,72,1,1,0,3,1,2,22,6,16,9,5,4,0,0,0,141,99,42,4,2,2,9,5,4,5,3,2
160658,52,Business Management and Administrative Services,2040,1013,1027,0,0,0,38,14,24,379,165,214,98,59,39,0,0,0,1338,688,650,22,9,13,124,55,69,41,23,18
160755,13,Education,45,4,41,0,0,0,0,0,0,1,0,1,1,1,0,0,0,0,42,3,39,1,0,1,0,0,0,0,0,0
160755,14,Engineering,351,202,149,1,1,0,22,10,12,24,13,11,16,10,6,0,0,0,253,144,109,12,6,6,3,3,0,20,15,5
160755,26,Biological Sciences/LifeSciences,778,259,519,1,0,1,73,22,51,37,14,23,57,16,41,0,0,0,538,183,355,29,8,21,12,4,8,31,12,19
160755,27,Mathematics,68,33,35,0,0,0,2,1,1,2,1,1,4,2,2,0,0,0,40,20,20,8,2,6,2,2,0,10,5,5
160755,40,Physical Sciences,87,43,44,0,0,0,6,2,4,6,2,4,6,2,4,0,0,0,62,33,29,3,1,2,1,1,0,3,2,1
160755,52,Business Management and Administrative Services,1974,1132,842,0,0,0,58,30,28,66,37,29,88,42,46,2,2,0,1516,890,626,46,27,19,39,25,14,159,79,80
160904,13,Education,33,9,24,0,0,0,1,0,1,26,8,18,0,0,0,0,0,0,0,0,0,5,1,4,1,0,1,0,0,0
160904,26,Biological Sciences/LifeSciences,878,198,680,2,2,0,81,31,50,703,139,564,25,9,16,3,1,2,13,4,9,36,7,29,5,2,3,10,3,7
160904,27,Mathematics,17,8,9,0,0,0,1,0,1,12,6,6,1,1,0,0,0,0,1,0,1,1,0,1,0,0,0,1,1,0
160904,40,Physical Sciences,557,176,381,0,0,0,77,41,36,388,104,284,21,12,9,0,0,0,39,8,31,13,4,9,5,3,2,14,4,10
160904,52,Business Management and Administrative Services,123,62,61,0,0,0,1,0,1,104,50,54,3,2,1,0,0,0,1,1,0,4,2,2,0,0,0,10,7,3
160940,13,Education,57,2,55,0,0,0,1,0,1,1,0,1,1,0,1,0,0,0,50,2,48,1,0,1,3,0,3,0,0,0
160940,52,Business Management and Administrative Services,141,46,95,1,0,1,1,1,0,7,3,4,6,2,4,0,0,0,117,36,81,1,0,1,8,4,4,0,0,0
160977,14,Engineering,5,5,0,0,0,0,0,0,0,1,1,0,0,0,0,0,0,0,2,2,0,0,0,0,0,0,0,2,2,0
160977,26,Biological Sciences/LifeSciences,135,51,84,0,0,0,14,8,6,9,1,8,10,2,8,0,0,0,87,36,51,8,2,6,0,0,0,7,2,5
160977,27,Mathematics,68,45,23,0,0,0,1,0,1,4,4,0,4,4,0,0,0,0,37,23,14,2,2,0,1,1,0,19,11,8
160977,40,Physical Sciences,66,45,21,0,0,0,0,0,0,2,2,0,5,2,3,0,0,0,46,34,12,0,0,0,0,0,0,13,7,6
161004,13,Education,11,3,8,1,0,1,2,1,1,1,0,1,3,1,2,0,0,0,4,1,3,0,0,0,0,0,0,0,0,0
161004,26,Biological Sciences/LifeSciences,152,69,83,1,0,1,13,8,5,5,4,1,19,10,9,0,0,0,101,42,59,10,4,6,0,0,0,3,1,2
161004,27,Mathematics,78,49,29,0,0,0,3,0,3,1,0,1,7,4,3,0,0,0,51,33,18,5,4,1,1,1,0,10,7,3
161004,40,Physical Sciences,88,51,37,0,0,0,9,4,5,1,1,0,8,5,3,0,0,0,61,34,27,6,5,1,1,0,1,2,2,0
161086,13,Education,33,5,28,1,0,1,2,0,2,2,1,1,8,2,6,0,0,0,16,1,15,2,0,2,0,0,0,2,1,1
161086,26,Biological Sciences/LifeSciences,172,64,108,0,0,0,17,9,8,11,1,10,8,4,4,0,0,0,103,31,72,5,4,1,12,7,5,16,8,8
161086,27,Mathematics,96,59,37,0,0,0,6,5,1,1,0,1,1,1,0,0,0,0,45,27,18,6,3,3,2,2,0,35,21,14
161086,40,Physical Sciences,107,58,49,2,1,1,8,4,4,2,0,2,4,3,1,0,0,0,58,35,23,2,1,1,2,2,0,29,12,17
161217,13,Education,26,6,20,0,0,0,0,0,0,0,0,0,1,0,1,0,0,0,22,5,17,1,0,1,2,1,1,0,0,0
161217,26,Biological Sciences/LifeSciences,88,27,61,1,0,1,1,0,1,2,1,1,1,0,1,0,0,0,78,24,54,2,0,2,3,2,1,0,0,0
161217,52,Business Management and Administrative Services,511,149,362,11,3,8,5,0,5,8,5,3,10,4,6,0,0,0,449,124,325,12,3,9,14,8,6,2,2,0
161226,13,Education,643,129,514,4,1,3,5,1,4,3,1,2,3,0,3,0,0,0,586,116,470,9,3,6,30,5,25,3,2,1
161226,26,Biological Sciences/LifeSciences,69,21,48,0,0,0,1,0,1,2,2,0,3,1,2,0,0,0,60,17,43,1,0,1,1,0,1,1,1,0
161226,27,Mathematics,12,6,6,0,0,0,0,0,0,1,0,1,0,0,0,0,0,0,9,5,4,0,0,0,2,1,1,0,0,0
161226,40,Physical Sciences,17,15,2,0,0,0,0,0,0,0,0,0,0,0,0,0,0,0,17,15,2,0,0,0,0,0,0,0,0,0
161226,52,Business Management and Administrative Services,161,110,51,0,0,0,2,1,1,4,3,1,4,2,2,0,0,0,137,92,45,5,4,1,5,5,0,4,3,1
161235,13,Education,40,15,25,0,0,0,0,0,0,1,1,0,2,0,2,0,0,0,14,1,13,1,0,1,2,0,2,20,13,7
161235,26,Biological Sciences/LifeSciences,36,13,23,0,0,0,0,0,0,1,0,1,4,3,1,0,0,0,21,8,13,1,1,0,2,0,2,7,1,6
161235,52,Business Management and Administrative Services,112,56,56,3,2,1,0,0,0,7,2,5,2,1,1,0,0,0,57,24,33,3,1,2,2,0,2,38,26,12
161244,13,Education,70,12,58,3,0,3,0,0,0,1,0,1,2,0,2,0,0,0,62,11,51,0,0,0,2,1,1,0,0,0
161244,26,Biological Sciences/LifeSciences,107,33,74,3,0,3,0,0,0,0,0,0,11,6,5,0,0,0,85,25,60,4,2,2,3,0,3,1,0,1
161244,52,Business Management and Administrative Services,73,36,37,4,1,3,0,0,0,9,9,0,9,7,2,0,0,0,47,17,30,1,0,1,3,2,1,0,0,0
161253,13,Education,697,268,429,11,5,6,12,7,5,8,7,1,14,4,10,0,0,0,597,224,373,15,6,9,27,10,17,13,5,8
161253,14,Engineering,1363,1101,262,5,5,0,31,20,11,17,11,6,34,27,7,0,0,0,1178,951,227,15,14,1,48,42,6,35,31,4
161253,26,Biological Sciences/LifeSciences,612,226,386,9,2,7,13,6,7,14,7,7,34,14,20,0,0,0,489,182,307,22,5,17,23,6,17,8,4,4
161253,27,Mathematics,58,43,15,0,0,0,0,0,0,2,1,1,1,0,1,0,0,0,47,35,12,5,5,0,3,2,1,0,0,0
161253,40,Physical Sciences,138,90,48,1,1,0,2,1,1,2,2,0,4,3,1,0,0,0,119,77,42,3,2,1,4,3,1,3,1,2
161253,52,Business Management and Administrative Services,1116,767,349,7,3,4,18,10,8,42,38,4,18,10,8,0,0,0,916,636,280,31,21,10,42,26,16,42,23,19
161299,14,Engineering,569,544,25,1,1,0,7,6,1,4,4,0,2,2,0,1,1,0,515,492,23,0,0,0,39,38,1,0,0,0
161299,26,Biological Sciences/LifeSciences,67,16,51,0,0,0,2,1,1,0,0,0,2,0,2,0,0,0,56,14,42,0,0,0,7,1,6,0,0,0
161299,52,Business Management and Administrative Services,120,71,49,2,1,1,1,0,1,3,3,0,4,3,1,1,0,1,99,57,42,0,0,0,10,7,3,0,0,0
161341,13,Education,122,31,91,0,0,0,0,0,0,4,4,0,2,1,1,0,0,0,99,22,77,5,1,4,4,1,3,8,2,6
161341,26,Biological Sciences/LifeSciences,42,16,26,2,0,2,1,1,0,3,1,2,0,0,0,0,0,0,30,13,17,2,0,2,2,0,2,2,1,1
161341,27,Mathematics,10,7,3,0,0,0,4,3,1,0,0,0,1,1,0,0,0,0,2,2,0,1,1,0,0,0,0,2,0,2
161341,52,Business Management and Administrative Services,121,63,58,6,1,5,1,1,0,2,1,1,2,1,1,0,0,0,87,47,40,4,2,2,4,4,0,15,6,9
161457,13,Education,54,5,49,0,0,0,3,0,3,0,0,0,0,0,0,0,0,0,47,5,42,0,0,0,4,0,4,0,0,0
161457,26,Biological Sciences/LifeSciences,684,204,480,2,0,2,31,13,18,14,6,8,2,0,2,0,0,0,565,161,404,8,1,7,58,21,37,4,2,2
161457,27,Mathematics,9,4,5,1,0,1,0,0,0,0,0,0,0,0,0,0,0,0,6,4,2,0,0,0,2,0,2,0,0,0
161457,40,Physical Sciences,17,7,10,1,0,1,2,2,0,0,0,0,0,0,0,0,0,0,13,4,9,0,0,0,1,1,0,0,0,0
161457,52,Business Management and Administrative Services,102,71,31,2,1,1,2,1,1,3,3,0,1,1,0,0,0,0,82,55,27,2,1,1,8,7,1,2,2,0
161509,13,Education,459,123,336,14,4,10,10,3,7,7,3,4,22,5,17,0,0,0,367,102,265,4,0,4,24,5,19,11,1,10
161518,13,Education,107,22,85,1,0,1,1,1,0,0,0,0,0,0,0,1,0,1,72,15,57,0,0,0,32,6,26,0,0,0
161518,26,Biological Sciences/LifeSciences,96,25,71,0,0,0,3,0,3,2,0,2,1,1,0,0,0,0,62,15,47,0,0,0,28,9,19,0,0,0
161518,27,Mathematics,7,3,4,0,0,0,0,0,0,0,0,0,0,0,0,0,0,0,4,1,3,0,0,0,3,2,1,0,0,0
161518,40,Physical Sciences,4,1,3,0,0,0,0,0,0,0,0,0,0,0,0,0,0,0,1,0,1,0,0,0,3,1,2,0,0,0
161518,52,Business Management and Administrative Services,202,121,81,4,3,1,3,2,1,0,0,0,6,4,2,0,0,0,119,67,52,0,0,0,70,45,25,0,0,0
161554,13,Education,100,44,56,0,0,0,0,0,0,0,0,0,2,1,1,0,0,0,90,40,50,4,1,3,4,2,2,0,0,0
161554,14,Engineering,189,169,20,1,1,0,3,3,0,12,12,0,4,4,0,0,0,0,148,130,18,7,6,1,6,6,0,8,7,1
161554,26,Biological Sciences/LifeSciences,315,117,198,0,0,0,12,5,7,22,11,11,11,5,6,0,0,0,246,85,161,10,4,6,9,4,5,5,3,2
161554,27,Mathematics,57,30,27,0,0,0,2,1,1,1,1,0,1,1,0,0,0,0,49,26,23,1,0,1,2,1,1,1,0,1
161554,40,Physical Sciences,67,30,37,2,0,2,4,2,2,2,1,1,3,2,1,0,0,0,49,23,26,3,0,3,3,2,1,1,0,1
161554,52,Business Management and Administrative Services,926,529,397,5,2,3,33,14,19,33,22,11,26,14,12,1,1,0,741,428,313,29,20,9,42,17,25,16,11,5
161563,13,Education,90,14,76,1,0,1,0,0,0,3,1,2,1,1,0,0,0,0,75,11,64,6,1,5,4,0,4,0,0,0
161563,52,Business Management and Administrative Services,395,231,164,0,0,0,4,3,1,16,10,6,5,4,1,0,0,0,297,161,136,30,22,8,25,17,8,18,14,4
161572,13,Education,5,2,3,0,0,0,1,1,0,0,0,0,0,0,0,0,0,0,3,1,2,0,0,0,1,0,1,0,0,0
161572,26,Biological Sciences/LifeSciences,158,52,106,3,1,2,1,0,1,0,0,0,6,2,4,0,0,0,132,45,87,4,1,3,12,3,9,0,0,0
161873,52,Business Management and Administrative Services,1234,575,659,4,1,3,76,37,39,545,211,334,45,25,20,5,1,4,451,258,193,37,17,20,40,14,26,31,11,20
162007,13,Education,213,19,194,0,0,0,6,0,6,156,17,139,10,0,10,0,0,0,24,0,24,13,1,12,3,0,3,1,1,0
162007,26,Biological Sciences/LifeSciences,355,98,257,0,0,0,5,0,5,298,84,214,12,5,7,1,0,1,6,1,5,19,3,16,8,4,4,6,1,5
162007,27,Mathematics,48,29,19,0,0,0,0,0,0,40,23,17,2,2,0,0,0,0,2,1,1,1,0,1,2,2,0,1,1,0
162007,52,Business Management and Administrative Services,816,426,390,0,0,0,15,10,5,708,366,342,20,7,13,0,0,0,13,7,6,23,14,9,15,7,8,22,15,7
162061,14,Engineering,130,116,14,1,1,0,7,6,1,34,29,5,12,10,2,0,0,0,67,62,5,4,4,0,4,3,1,1,1,0
162061,52,Business Management and Administrative Services,37,27,10,0,0,0,3,1,2,19,14,5,5,3,2,0,0,0,4,4,0,0,0,0,6,5,1,0,0,0
162210,13,Education,87,17,70,1,0,1,3,1,2,42,8,34,14,2,12,0,0,0,10,2,8,5,1,4,8,2,6,4,1,3
162210,26,Biological Sciences/LifeSciences,95,41,54,1,0,1,5,2,3,31,12,19,16,5,11,1,1,0,6,2,4,0,0,0,6,3,3,29,16,13
162210,27,Mathematics,9,4,5,0,0,0,0,0,0,4,3,1,2,0,2,0,0,0,1,0,1,0,0,0,0,0,0,2,1,1
162210,40,Physical Sciences,2,1,1,0,0,0,1,1,0,0,0,0,0,0,0,0,0,0,1,0,1,0,0,0,0,0,0,0,0,0
162210,52,Business Management and Administrative Services,57,34,23,2,1,1,1,0,1,30,16,14,9,6,3,0,0,0,2,1,1,0,0,0,8,6,2,5,4,1
162283,13,Education,150,9,141,0,0,0,1,0,1,125,8,117,2,0,2,0,0,0,1,0,1,3,1,2,3,0,3,15,0,15
162283,26,Biological Sciences/LifeSciences,100,21,79,0,0,0,1,0,1,74,15,59,3,0,3,0,0,0,1,1,0,2,0,2,3,0,3,16,5,11
162283,27,Mathematics,33,16,17,0,0,0,0,0,0,23,12,11,2,0,2,0,0,0,0,0,0,2,0,2,1,0,1,5,4,1
162283,52,Business Management and Administrative Services,282,110,172,0,0,0,1,0,1,227,80,147,5,3,2,0,0,0,3,1,2,4,2,2,6,5,1,36,19,17
162584,13,Education,332,61,271,1,0,1,3,0,3,61,13,48,18,3,15,0,0,0,235,41,194,7,2,5,7,2,5,0,0,0
162584,14,Engineering,174,161,13,0,0,0,3,2,1,52,43,9,11,11,0,0,0,0,92,89,3,7,7,0,0,0,0,9,9,0
162584,26,Biological Sciences/LifeSciences,324,145,179,1,0,1,9,4,5,98,40,58,11,2,9,0,0,0,182,90,92,18,7,11,2,1,1,3,1,2
162584,27,Mathematics,32,18,14,0,0,0,1,0,1,4,1,3,0,0,0,0,0,0,27,17,10,0,0,0,0,0,0,0,0,0
162584,40,Physical Sciences,92,62,30,0,0,0,3,1,2,23,11,12,5,5,0,0,0,0,56,41,15,1,1,0,1,1,0,3,2,1
162584,52,Business Management and Administrative Services,627,401,226,3,1,2,8,4,4,226,151,75,36,14,22,0,0,0,303,192,111,31,23,8,4,4,0,16,12,4
162654,13,Education,20,1,19,0,0,0,0,0,0,4,1,3,0,0,0,0,0,0,12,0,12,2,0,2,2,0,2,0,0,0
162654,26,Biological Sciences/LifeSciences,58,12,46,0,0,0,5,1,4,4,0,4,7,2,5,0,0,0,33,6,27,3,1,2,3,2,1,3,0,3
162654,27,Mathematics,12,3,9,0,0,0,0,0,0,0,0,0,1,1,0,0,0,0,10,2,8,0,0,0,1,0,1,0,0,0
162654,40,Physical Sciences,31,18,13,0,0,0,2,1,1,5,3,2,2,1,1,0,0,0,16,9,7,0,0,0,3,1,2,3,3,0
162654,52,Business Management and Administrative Services,57,29,28,0,0,0,3,0,3,4,3,1,7,2,5,1,1,0,41,23,18,1,0,1,0,0,0,0,0,0
162681,13,Education,20,0,20,0,0,0,0,0,0,3,0,3,1,0,1,0,0,0,15,0,15,0,0,0,1,0,1,0,0,0
162681,52,Business Management and Administrative Services,114,27,87,0,0,0,0,0,0,17,5,12,3,0,3,0,0,0,78,21,57,3,0,3,13,1,12,0,0,0
162760,13,Education,93,14,79,0,0,0,3,0,3,14,0,14,8,2,6,0,0,0,61,10,51,2,0,2,5,2,3,0,0,0
162760,26,Biological Sciences/LifeSciences,69,14,55,0,0,0,5,0,5,6,2,4,4,2,2,2,0,2,43,8,35,4,0,4,3,1,2,2,1,1
162760,27,Mathematics,20,11,9,0,0,0,0,0,0,2,1,1,3,2,1,0,0,0,14,8,6,1,0,1,0,0,0,0,0,0
162760,40,Physical Sciences,11,7,4,0,0,0,0,0,0,1,1,0,0,0,0,0,0,0,9,5,4,1,1,0,0,0,0,0,0,0
162760,52,Business Management and Administrative Services,141,87,54,0,0,0,2,0,2,12,9,3,11,5,6,0,0,0,98,63,35,3,2,1,8,4,4,7,4,3
162928,13,Education,7,3,4,0,0,0,0,0,0,0,0,0,1,0,1,0,0,0,5,2,3,1,1,0,0,0,0,0,0,0
162928,14,Engineering,1323,849,474,1,1,0,383,265,118,62,33,29,188,107,81,0,0,0,439,288,151,64,42,22,41,27,14,145,86,59
162928,26,Biological Sciences/LifeSciences,772,344,428,4,1,3,251,101,150,63,27,36,154,84,70,0,0,0,178,85,93,41,18,23,20,8,12,61,20,41
162928,27,Mathematics,193,110,83,0,0,0,36,19,17,4,1,3,14,7,7,0,0,0,68,44,24,13,10,3,9,7,2,49,22,27
162928,40,Physical Sciences,137,87,50,0,0,0,32,17,15,8,5,3,20,15,5,0,0,0,58,36,22,5,2,3,2,1,1,12,11,1
162928,52,Business Management and Administrative Services,57,44,13,0,0,0,2,2,0,16,12,4,2,2,0,0,0,0,18,17,1,2,2,0,0,0,0,17,9,8
163046,13,Education,114,4,110,0,0,0,5,1,4,3,0,3,6,0,6,1,0,1,99,3,96,0,0,0,0,0,0,0,0,0
163046,14,Engineering,181,142,39,0,0,0,8,5,3,13,10,3,21,21,0,0,0,0,133,102,31,5,3,2,1,1,0,0,0,0
163046,26,Biological Sciences/LifeSciences,299,110,189,0,0,0,10,5,5,19,6,13,32,16,16,0,0,0,218,72,146,18,10,8,0,0,0,2,1,1
163046,27,Mathematics,74,32,42,0,0,0,4,3,1,3,0,3,6,3,3,0,0,0,58,26,32,3,0,3,0,0,0,0,0,0
163046,40,Physical Sciences,46,22,24,0,0,0,2,0,2,2,2,0,8,4,4,0,0,0,31,14,17,2,1,1,0,0,0,1,1,0
163046,52,Business Management and Administrative Services,1255,716,539,2,2,0,47,18,29,51,30,21,102,56,46,2,0,2,1001,579,422,34,20,14,4,3,1,12,8,4
163204,26,Biological Sciences/LifeSciences,142,55,87,1,0,1,9,2,7,47,19,28,12,7,5,2,1,1,50,21,29,7,1,6,8,3,5,6,1,5
163204,52,Business Management and Administrative Services,11707,5464,6243,45,27,18,527,241,286,3503,1401,2102,1328,667,661,104,40,64,4561,2352,2209,456,216,240,975,446,529,208,74,134
163268,13,Education,23,12,11,0,0,0,7,3,4,7,4,3,3,1,2,0,0,0,5,4,1,1,0,1,0,0,0,0,0,0
163268,14,Engineering,1395,1089,306,3,3,0,221,169,52,215,152,63,69,53,16,1,0,1,701,566,135,44,36,8,59,49,10,82,61,21
163268,26,Biological Sciences/LifeSciences,2007,791,1216,2,2,0,637,246,391,410,141,269,124,50,74,3,1,2,628,278,350,72,23,49,55,23,32,76,27,49
163268,27,Mathematics,319,194,125,0,0,0,47,27,20,43,23,20,23,15,8,0,0,0,166,102,64,18,12,6,14,10,4,8,5,3
163268,40,Physical Sciences,234,175,59,1,0,1,31,17,14,26,15,11,15,12,3,0,0,0,132,110,22,7,5,2,15,11,4,7,5,2
163268,52,Business Management and Administrative Services,23,13,10,0,0,0,1,1,0,6,2,4,2,2,0,0,0,0,10,5,5,1,1,0,1,1,0,2,1,1
163286,13,Education,587,96,491,0,0,0,66,11,55,41,5,36,71,11,60,0,0,0,375,67,308,19,2,17,8,0,8,7,0,7
163286,14,Engineering,4079,3079,1000,0,0,0,772,572,200,325,251,74,271,188,83,4,2,2,2295,1767,528,183,132,51,64,42,22,165,125,40
163286,26,Biological Sciences/LifeSciences,2119,845,1274,3,0,3,617,265,352,261,81,180,176,65,111,1,1,0,927,396,531,82,25,57,24,4,20,28,8,20
163286,27,Mathematics,444,273,171,0,0,0,82,49,33,25,12,13,28,13,15,0,0,0,208,135,73,14,6,8,10,6,4,77,52,25
163286,40,Physical Sciences,603,432,171,1,1,0,60,43,17,41,29,12,60,44,16,0,0,0,361,258,103,32,26,6,11,5,6,37,26,11
163286,52,Business Management and Administrative Services,2780,1607,1173,1,1,0,500,238,262,247,118,129,322,166,156,3,3,0,1448,958,490,85,45,40,48,28,20,126,50,76
163338,13,Education,96,37,59,0,0,0,0,0,0,58,27,31,5,1,4,0,0,0,24,6,18,9,3,6,0,0,0,0,0,0
163338,14,Engineering,170,144,26,0,0,0,3,3,0,111,92,19,5,4,1,0,0,0,22,22,0,14,11,3,0,0,0,15,12,3
163338,26,Biological Sciences/LifeSciences,423,125,298,1,1,0,4,1,3,310,87,223,11,6,5,0,0,0,56,22,34,22,2,20,2,1,1,17,5,12
163338,27,Mathematics,31,13,18,0,0,0,0,0,0,24,9,15,1,0,1,0,0,0,2,1,1,3,3,0,0,0,0,1,0,1
163338,40,Physical Sciences,45,17,28,0,0,0,3,2,1,32,10,22,2,1,1,0,0,0,6,3,3,0,0,0,0,0,0,2,1,1
163338,52,Business Management and Administrative Services,474,249,225,3,3,0,13,5,8,341,172,169,17,11,6,0,0,0,56,36,20,21,13,8,5,4,1,18,5,13
163453,13,Education,525,167,358,3,2,1,2,0,2,454,146,308,18,4,14,0,0,0,9,4,5,22,6,16,10,1,9,7,4,3
163453,14,Engineering,1169,965,204,0,0,0,23,21,2,660,502,158,24,13,11,1,1,0,30,25,5,26,21,5,30,28,2,375,354,21
163453,26,Biological Sciences/LifeSciences,339,84,255,0,0,0,1,1,0,291,70,221,11,1,10,0,0,0,3,1,2,6,3,3,9,2,7,18,6,12
163453,27,Mathematics,14,4,10,0,0,0,0,0,0,14,4,10,0,0,0,0,0,0,0,0,0,0,0,0,0,0,0,0,0,0
163453,40,Physical Sciences,61,18,43,0,0,0,0,0,0,46,11,35,3,1,2,0,0,0,1,0,1,3,1,2,2,1,1,6,4,2
163453,52,Business Management and Administrative Services,1224,686,538,2,2,0,8,8,0,923,451,472,39,23,16,0,0,0,14,12,2,39,19,20,16,7,9,183,164,19
163462,13,Education,73,7,66,0,0,0,0,0,0,4,0,4,7,1,6,0,0,0,59,5,54,2,0,2,1,1,0,0,0,0
163462,26,Biological Sciences/LifeSciences,77,27,50,0,0,0,6,2,4,14,6,8,8,2,6,0,0,0,44,15,29,4,2,2,0,0,0,1,0,1
163462,27,Mathematics,12,2,10,0,0,0,1,0,1,2,0,2,0,0,0,0,0,0,9,2,7,0,0,0,0,0,0,0,0,0
163462,40,Physical Sciences,9,6,3,0,0,0,1,0,1,1,1,0,1,1,0,0,0,0,6,4,2,0,0,0,0,0,0,0,0,0
163462,52,Business Management and Administrative Services,274,168,106,1,1,0,4,2,2,25,10,15,29,16,13,1,1,0,200,128,72,5,3,2,7,5,2,2,2,0
163578,26,Biological Sciences/LifeSciences,51,0,51,1,0,1,12,0,12,13,0,13,4,0,4,0,0,0,18,0,18,0,0,0,2,0,2,1,0,1
163578,27,Mathematics,7,0,7,1,0,1,1,0,1,3,0,3,0,0,0,0,0,0,2,0,2,0,0,0,0,0,0,0,0,0
163578,40,Physical Sciences,23,0,23,0,0,0,3,0,3,5,0,5,5,0,5,0,0,0,9,0,9,0,0,0,0,0,0,1,0,1
163578,52,Business Management and Administrative Services,41,3,38,1,0,1,4,1,3,13,1,12,3,0,3,0,0,0,15,1,14,0,0,0,0,0,0,5,0,5
163851,13,Education,773,133,640,3,0,3,15,1,14,78,14,64,22,2,20,1,1,0,614,104,510,20,7,13,18,3,15,2,1,1
163851,26,Biological Sciences/LifeSciences,569,212,357,8,3,5,27,16,11,81,29,52,25,6,19,2,1,1,390,142,248,8,4,4,19,8,11,9,3,6
163851,27,Mathematics,125,58,67,1,0,1,5,0,5,7,3,4,3,3,0,0,0,0,98,45,53,4,3,1,5,3,2,2,1,1
163851,40,Physical Sciences,276,176,100,4,3,1,15,6,9,33,17,16,15,7,8,1,0,1,187,129,58,5,1,4,12,9,3,4,4,0
163851,52,Business Management and Administrative Services,1465,987,478,9,5,4,53,34,19,142,88,54,52,39,13,4,3,1,1080,735,345,42,29,13,55,38,17,28,16,12
163912,26,Biological Sciences/LifeSciences,258,85,173,0,0,0,16,5,11,25,9,16,36,11,25,0,0,0,159,51,108,11,4,7,11,5,6,0,0,0
163912,27,Mathematics,80,41,39,0,0,0,4,1,3,3,3,0,2,2,0,0,0,0,62,30,32,4,3,1,3,2,1,2,0,2
163912,40,Physical Sciences,77,40,37,1,1,0,2,2,0,4,3,1,6,4,2,0,0,0,58,29,29,4,0,4,2,1,1,0,0,0
164076,13,Education,1691,269,1422,4,0,4,62,12,50,142,24,118,117,10,107,1,1,0,1222,179,1043,68,13,55,67,28,39,8,2,6
164076,26,Biological Sciences/LifeSciences,1141,359,782,0,0,0,107,42,65,319,77,242,104,35,69,1,0,1,514,177,337,62,19,43,22,7,15,12,2,10
164076,27,Mathematics,225,114,111,0,0,0,8,5,3,17,11,6,13,4,9,1,0,1,154,80,74,14,6,8,9,4,5,9,4,5
164076,40,Physical Sciences,340,186,154,3,3,0,29,15,14,59,24,35,19,10,9,0,0,0,201,121,80,18,8,10,6,3,3,5,2,3
164076,52,Business Management and Administrative Services,3068,1884,1184,4,2,2,226,115,111,500,255,245,199,126,73,3,2,1,1836,1203,633,123,81,42,85,47,38,92,53,39
164155,14,Engineering,1355,1089,266,3,1,2,107,78,29,62,48,14,135,116,19,3,3,0,909,733,176,98,76,22,16,15,1,22,19,3
164155,27,Mathematics,91,62,29,0,0,0,11,7,4,0,0,0,11,5,6,0,0,0,59,44,15,9,5,4,1,1,0,0,0,0
164155,40,Physical Sciences,378,216,162,4,1,3,25,14,11,25,18,7,50,30,20,3,0,3,223,132,91,35,16,19,8,2,6,5,3,2
164173,13,Education,212,8,204,0,0,0,4,1,3,45,1,44,9,0,9,2,0,2,139,6,133,5,0,5,8,0,8,0,0,0
164173,26,Biological Sciences/LifeSciences,302,84,218,1,0,1,11,4,7,100,33,67,19,3,16,1,1,0,141,38,103,22,3,19,6,2,4,1,0,1
164173,27,Mathematics,20,13,7,0,0,0,0,0,0,4,2,2,1,1,0,0,0,0,14,9,5,1,1,0,0,0,0,0,0,0
164173,40,Physical Sciences,52,23,29,0,0,0,1,1,0,11,3,8,4,0,4,0,0,0,30,17,13,5,1,4,1,1,0,0,0,0
164173,52,Business Management and Administrative Services,807,424,383,1,1,0,22,8,14,209,84,125,53,31,22,0,0,0,455,260,195,37,21,16,22,14,8,8,5,3
164216,26,Biological Sciences/LifeSciences,172,50,122,2,0,2,10,1,9,6,1,5,8,1,7,0,0,0,131,40,91,4,2,2,6,2,4,5,3,2
164216,27,Mathematics,14,8,6,0,0,0,0,0,0,0,0,0,1,1,0,0,0,0,8,3,5,0,0,0,1,0,1,4,4,0
164216,40,Physical Sciences,31,18,13,0,0,0,1,0,1,3,2,1,0,0,0,0,0,0,21,14,7,1,0,1,1,1,0,4,1,3
164216,52,Business Management and Administrative Services,129,83,46,0,0,0,2,1,1,7,4,3,4,1,3,0,0,0,80,56,24,2,1,1,1,1,0,33,19,14
164270,26,Biological Sciences/LifeSciences,59,16,43,0,0,0,5,1,4,14,3,11,1,0,1,1,0,1,36,11,25,0,0,0,1,1,0,1,0,1
164270,27,Mathematics,21,8,13,0,0,0,0,0,0,1,1,0,0,0,0,0,0,0,19,7,12,0,0,0,1,0,1,0,0,0
164270,40,Physical Sciences,36,24,12,0,0,0,2,2,0,3,1,2,2,1,1,0,0,0,24,19,5,0,0,0,2,1,1,3,0,3
164270,52,Business Management and Administrative Services,94,64,30,0,0,0,5,3,2,13,7,6,3,2,1,0,0,0,68,47,21,0,0,0,5,5,0,0,0,0
164368,52,Business Management and Administrative Services,481,295,186,0,0,0,10,7,3,1,1,0,6,2,4,0,0,0,5,3,2,3,2,1,11,3,8,445,277,168
164438,52,Business Management and Administrative Services,910,226,684,4,1,3,18,5,13,66,16,50,100,31,69,3,1,2,288,63,225,241,59,182,182,48,134,8,2,6
164447,26,Biological Sciences/LifeSciences,49,16,33,0,0,0,2,1,1,15,3,12,6,2,4,0,0,0,16,6,10,2,1,1,7,2,5,1,1,0
164447,40,Physical Sciences,8,1,7,0,0,0,0,0,0,2,0,2,0,0,0,0,0,0,3,0,3,0,0,0,3,1,2,0,0,0
164447,52,Business Management and Administrative Services,189,134,55,0,0,0,1,1,0,57,43,14,27,22,5,1,1,0,58,43,15,4,1,3,17,9,8,24,14,10
164465,26,Biological Sciences/LifeSciences,115,56,59,0,0,0,29,14,15,7,4,3,12,9,3,0,0,0,44,18,26,5,2,3,5,2,3,13,7,6
164465,27,Mathematics,146,74,72,0,0,0,26,15,11,10,3,7,16,6,10,0,0,0,62,36,26,1,1,0,5,1,4,26,12,14
164465,40,Physical Sciences,74,44,30,0,0,0,16,9,7,3,2,1,7,3,4,0,0,0,37,23,14,1,1,0,3,2,1,7,4,3
164492,13,Education,21,4,17,0,0,0,0,0,0,1,0,1,2,2,0,0,0,0,16,2,14,0,0,0,2,0,2,0,0,0
164492,52,Business Management and Administrative Services,91,70,21,1,1,0,0,0,0,26,21,5,6,4,2,0,0,0,51,37,14,1,1,0,6,6,0,0,0,0
164562,13,Education,65,7,58,0,0,0,0,0,0,0,0,0,1,0,1,0,0,0,60,7,53,1,0,1,3,0,3,0,0,0
164562,26,Biological Sciences/LifeSciences,91,35,56,0,0,0,4,3,1,4,1,3,9,2,7,0,0,0,64,26,38,1,0,1,7,2,5,2,1,1
164562,27,Mathematics,25,11,14,0,0,0,0,0,0,2,2,0,1,1,0,0,0,0,20,7,13,2,1,1,0,0,0,0,0,0
164562,40,Physical Sciences,14,2,12,0,0,0,1,0,1,0,0,0,0,0,0,0,0,0,10,1,9,0,0,0,2,1,1,1,0,1
164562,52,Business Management and Administrative Services,209,119,90,0,0,0,5,3,2,17,15,2,19,11,8,0,0,0,144,77,67,7,5,2,9,5,4,8,3,5
164580,52,Business Management and Administrative Services,2283,1198,1085,3,0,3,273,118,155,118,67,51,231,124,107,2,0,2,874,513,361,49,26,23,125,67,58,608,283,325
164632,13,Education,184,0,184,0,0,0,2,0,2,13,0,13,36,0,36,0,0,0,122,0,122,4,0,4,7,0,7,0,0,0
164632,26,Biological Sciences/LifeSciences,134,0,134,0,0,0,11,0,11,11,0,11,21,0,21,0,0,0,78,0,78,3,0,3,9,0,9,1,0,1
164632,52,Business Management and Administrative Services,514,0,514,0,0,0,5,0,5,89,0,89,96,0,96,2,0,2,282,0,282,18,0,18,18,0,18,4,0,4
164641,52,Business Management and Administrative Services,365,83,282,0,0,0,22,8,14,68,12,56,64,13,51,0,0,0,139,29,110,24,3,21,29,4,25,19,14,5
164720,13,Education,64,2,62,0,0,0,0,0,0,2,0,2,10,1,9,0,0,0,46,1,45,3,0,3,3,0,3,0,0,0
164720,26,Biological Sciences/LifeSciences,60,14,46,0,0,0,0,0,0,5,3,2,5,1,4,0,0,0,44,9,35,3,1,2,3,0,3,0,0,0
164720,52,Business Management and Administrative Services,202,93,109,0,0,0,4,3,1,19,13,6,31,10,21,1,0,1,123,58,65,9,3,6,13,5,8,2,1,1
164739,27,Mathematics,19,12,7,0,0,0,2,2,0,1,0,1,0,0,0,0,0,0,12,7,5,0,0,0,1,1,0,3,2,1
164739,52,Business Management and Administrative Services,3927,2354,1573,0,0,0,299,148,151,120,65,55,299,182,117,3,1,2,2461,1540,921,69,35,34,138,74,64,538,309,229
164748,13,Education,53,29,24,1,1,0,4,1,3,6,4,2,6,3,3,0,0,0,18,11,7,4,1,3,7,4,3,7,4,3
164924,13,Education,231,12,219,0,0,0,19,3,16,6,2,4,8,0,8,0,0,0,173,5,168,6,1,5,14,0,14,5,1,4
164924,26,Biological Sciences/LifeSciences,953,429,524,0,0,0,172,96,76,12,4,8,36,8,28,0,0,0,668,294,374,13,4,9,44,22,22,8,1,7
164924,27,Mathematics,187,98,89,0,0,0,132,69,63,1,1,0,3,1,2,0,0,0,33,15,18,1,0,1,5,3,2,12,9,3
164924,40,Physical Sciences,188,106,82,0,0,0,16,11,5,6,4,2,17,9,8,0,0,0,118,71,47,8,2,6,6,1,5,17,8,9
164924,52,Business Management and Administrative Services,1781,1181,600,1,1,0,174,117,57,62,43,19,146,84,62,0,0,0,1154,783,371,53,31,22,87,55,32,104,67,37
164988,13,Education,278,27,251,0,0,0,30,4,26,4,0,4,30,3,27,0,0,0,160,16,144,9,0,9,9,0,9,36,4,32
164988,14,Engineering,1662,1104,558,2,1,1,304,199,105,56,33,23,167,109,58,0,0,0,639,418,221,55,32,23,76,51,25,363,261,102
164988,26,Biological Sciences/LifeSciences,1544,462,1082,1,1,0,340,103,237,101,18,83,203,66,137,3,0,3,588,172,416,74,21,53,69,24,45,165,57,108
164988,27,Mathematics,303,132,171,0,0,0,29,14,15,3,2,1,17,9,8,0,0,0,63,25,38,5,0,5,8,5,3,178,77,101
164988,40,Physical Sciences,303,163,140,1,0,1,36,20,16,11,3,8,31,19,12,0,0,0,133,77,56,13,7,6,20,6,14,58,31,27
164988,52,Business Management and Administrative Services,2977,1425,1552,2,1,1,487,216,271,75,30,45,279,129,150,7,2,5,992,531,461,72,33,39,102,44,58,961,439,522
165015,13,Education,88,13,75,0,0,0,11,1,10,7,2,5,7,0,7,0,0,0,58,9,49,1,0,1,1,0,1,3,1,2
165015,26,Biological Sciences/LifeSciences,448,188,260,0,0,0,103,47,56,23,4,19,24,11,13,0,0,0,186,80,106,9,4,5,32,11,21,71,31,40
165015,27,Mathematics,152,79,73,0,0,0,16,5,11,1,1,0,3,1,2,0,0,0,35,23,12,1,0,1,7,7,0,89,42,47
165015,40,Physical Sciences,131,76,55,0,0,0,20,12,8,2,0,2,4,4,0,0,0,0,59,42,17,5,2,3,11,5,6,30,11,19
165015,52,Business Management and Administrative Services,409,208,201,2,0,2,62,28,34,15,7,8,26,18,8,0,0,0,130,77,53,6,4,2,17,10,7,151,64,87
165024,13,Education,2463,480,1983,6,2,4,36,10,26,133,37,96,114,35,79,1,0,1,2075,374,1701,67,17,50,27,4,23,4,1,3
165024,26,Biological Sciences/LifeSciences,442,132,310,1,1,0,14,4,10,85,23,62,32,6,26,1,0,1,276,86,190,21,7,14,7,3,4,5,2,3
165024,27,Mathematics,166,74,92,0,0,0,2,2,0,14,6,8,6,5,1,0,0,0,132,52,80,8,5,3,2,2,0,2,2,0
165024,40,Physical Sciences,188,110,78,0,0,0,2,1,1,21,5,16,15,9,6,0,0,0,135,87,48,11,5,6,4,3,1,0,0,0
165024,52,Business Management and Administrative Services,1449,899,550,5,3,2,46,25,21,193,124,69,117,65,52,0,0,0,1009,629,380,42,25,17,22,15,7,15,13,2
165167,13,Education,86,7,79,0,0,0,0,0,0,18,2,16,32,4,28,1,0,1,30,0,30,2,1,1,1,0,1,2,0,2
165167,52,Business Management and Administrative Services,274,141,133,1,0,1,12,8,4,85,33,52,62,26,36,0,0,0,42,25,17,11,7,4,0,0,0,61,42,19
165334,26,Biological Sciences/LifeSciences,133,38,95,0,0,0,16,1,15,10,5,5,8,2,6,0,0,0,74,25,49,1,0,1,5,1,4,19,4,15
165334,27,Mathematics,22,15,7,0,0,0,1,0,1,0,0,0,0,0,0,0,0,0,6,6,0,2,0,2,2,2,0,11,7,4
165334,40,Physical Sciences,76,41,35,0,0,0,6,3,3,3,2,1,4,3,1,0,0,0,48,27,21,5,2,3,1,0,1,9,4,5
165334,52,Business Management and Administrative Services,84,51,33,0,0,0,8,3,5,1,1,0,5,4,1,0,0,0,42,28,14,3,2,1,3,0,3,22,13,9
165529,13,Education,154,23,131,0,0,0,2,0,2,5,0,5,7,1,6,0,0,0,123,20,103,3,0,3,13,1,12,1,1,0
165529,26,Biological Sciences/LifeSciences,123,47,76,0,0,0,6,4,2,33,9,24,17,6,11,0,0,0,55,23,32,6,1,5,5,3,2,1,1,0
165529,52,Business Management and Administrative Services,418,304,114,0,0,0,11,7,4,44,31,13,24,13,11,1,0,1,270,197,73,13,12,1,24,14,10,31,30,1
165574,13,Education,55,14,41,0,0,0,0,0,0,3,1,2,4,0,4,2,0,2,33,3,30,2,1,1,11,9,2,0,0,0
165574,26,Biological Sciences/LifeSciences,8,7,1,0,0,0,0,0,0,1,1,0,0,0,0,0,0,0,1,1,0,0,0,0,1,1,0,5,4,1
165574,27,Mathematics,6,5,1,0,0,0,0,0,0,0,0,0,1,0,1,0,0,0,1,1,0,0,0,0,0,0,0,4,4,0
165574,52,Business Management and Administrative Services,400,280,120,1,1,0,4,2,2,66,56,10,29,24,5,3,3,0,160,107,53,11,9,2,92,54,38,34,24,10
165644,13,Education,150,12,138,1,0,1,4,0,4,24,0,24,13,0,13,2,1,1,97,9,88,5,1,4,4,1,3,0,0,0
165644,14,Engineering,38,36,2,0,0,0,0,0,0,10,9,1,5,5,0,0,0,0,17,16,1,3,3,0,1,1,0,2,2,0
165644,26,Biological Sciences/LifeSciences,99,26,73,0,0,0,3,1,2,29,5,24,16,4,12,1,0,1,40,15,25,4,1,3,3,0,3,3,0,3
165644,27,Mathematics,11,5,6,0,0,0,0,0,0,0,0,0,1,1,0,0,0,0,9,3,6,0,0,0,0,0,0,1,1,0
165644,40,Physical Sciences,14,10,4,0,0,0,0,0,0,0,0,0,2,0,2,0,0,0,9,7,2,0,0,0,1,1,0,2,2,0
165644,52,Business Management and Administrative Services,263,115,148,0,0,0,7,3,4,83,25,58,32,16,16,0,0,0,121,60,61,7,4,3,8,4,4,5,3,2
165662,13,Education,38,5,33,0,0,0,0,0,0,4,1,3,2,0,2,0,0,0,31,4,27,0,0,0,0,0,0,1,0,1
165662,52,Business Management and Administrative Services,370,116,254,0,0,0,20,5,15,7,3,4,40,10,30,0,0,0,215,78,137,14,6,8,3,1,2,71,13,58
165671,13,Education,82,12,70,0,0,0,1,1,0,2,0,2,6,1,5,0,0,0,67,10,57,3,0,3,3,0,3,0,0,0
165671,26,Biological Sciences/LifeSciences,181,39,142,0,0,0,9,3,6,4,1,3,14,1,13,0,0,0,140,32,108,4,0,4,6,0,6,4,2,2
165671,27,Mathematics,17,4,13,0,0,0,1,1,0,0,0,0,0,0,0,0,0,0,16,3,13,0,0,0,0,0,0,0,0,0
165671,40,Physical Sciences,27,11,16,0,0,0,1,0,1,1,0,1,1,0,1,0,0,0,21,9,12,0,0,0,3,2,1,0,0,0
165671,52,Business Management and Administrative Services,119,54,65,0,0,0,9,5,4,8,6,2,16,3,13,0,0,0,74,33,41,1,0,1,8,5,3,3,2,1
165699,13,Education,228,17,211,0,0,0,3,0,3,2,1,1,6,0,6,0,0,0,207,16,191,0,0,0,10,0,10,0,0,0
165699,14,Engineering,19,9,10,1,0,1,2,0,2,0,0,0,0,0,0,0,0,0,13,8,5,2,1,1,1,0,1,0,0,0
165699,26,Biological Sciences/LifeSciences,89,32,57,0,0,0,1,1,0,2,2,0,0,0,0,0,0,0,72,26,46,6,1,5,4,0,4,4,2,2
165699,27,Mathematics,20,6,14,0,0,0,0,0,0,0,0,0,3,0,3,0,0,0,15,4,11,0,0,0,0,0,0,2,2,0
165699,52,Business Management and Administrative Services,966,539,427,0,0,0,11,5,6,28,19,9,46,27,19,0,0,0,773,423,350,12,6,6,60,33,27,36,26,10
165802,13,Education,75,0,75,0,0,0,1,0,1,7,0,7,8,0,8,0,0,0,18,0,18,1,0,1,40,0,40,0,0,0
165802,26,Biological Sciences/LifeSciences,19,5,14,0,0,0,0,0,0,3,0,3,1,0,1,0,0,0,3,1,2,0,0,0,11,3,8,1,1,0
165802,52,Business Management and Administrative Services,464,222,242,0,0,0,11,3,8,44,23,21,51,29,22,1,0,1,99,32,67,8,4,4,145,53,92,105,78,27
165820,13,Education,493,123,370,1,1,0,9,2,7,9,1,8,42,6,36,0,0,0,404,107,297,18,1,17,6,2,4,4,3,1
165820,26,Biological Sciences/LifeSciences,453,161,292,1,0,1,17,6,11,78,27,51,68,23,45,0,0,0,263,95,168,17,6,11,6,2,4,3,2,1
165820,27,Mathematics,16,10,6,0,0,0,0,0,0,1,1,0,0,0,0,0,0,0,14,8,6,0,0,0,1,1,0,0,0,0
165820,40,Physical Sciences,45,27,18,0,0,0,4,2,2,5,1,4,4,4,0,0,0,0,30,19,11,0,0,0,2,1,1,0,0,0
165820,52,Business Management and Administrative Services,491,299,192,0,0,0,22,10,12,59,38,21,62,32,30,0,0,0,325,202,123,15,11,4,4,3,1,4,3,1
165866,13,Education,349,15,334,0,0,0,2,0,2,14,1,13,26,1,25,0,0,0,298,13,285,8,0,8,1,0,1,0,0,0
165866,14,Engineering,34,33,1,0,0,0,1,1,0,6,6,0,5,5,0,0,0,0,19,18,1,1,1,0,2,2,0,0,0,0
165866,26,Biological Sciences/LifeSciences,227,69,158,0,0,0,15,5,10,38,13,25,36,15,21,0,0,0,120,34,86,15,2,13,3,0,3,0,0,0
165866,27,Mathematics,68,27,41,0,0,0,2,1,1,5,4,1,6,2,4,0,0,0,53,19,34,2,1,1,0,0,0,0,0,0
165866,40,Physical Sciences,61,32,29,0,0,0,4,3,1,5,3,2,7,2,5,0,0,0,38,21,17,5,3,2,0,0,0,2,0,2
165866,52,Business Management and Administrative Services,763,478,285,1,1,0,36,14,22,98,72,26,97,56,41,0,0,0,477,301,176,24,17,7,22,13,9,8,4,4
165884,52,Business Management and Administrative Services,14,8,6,0,0,0,0,0,0,4,2,2,5,4,1,0,0,0,2,0,2,2,1,1,1,1,0,0,0,0
165936,13,Education,219,25,194,1,0,1,10,1,9,6,1,5,17,2,15,0,0,0,168,16,152,7,1,6,0,0,0,10,4,6
165936,26,Biological Sciences/LifeSciences,227,72,155,0,0,0,10,2,8,18,8,10,25,3,22,0,0,0,147,54,93,6,0,6,0,0,0,21,5,16
165936,27,Mathematics,25,15,10,0,0,0,1,0,1,1,0,1,0,0,0,0,0,0,14,9,5,1,1,0,0,0,0,8,5,3
165936,40,Physical Sciences,64,38,26,0,0,0,2,1,1,2,0,2,4,2,2,0,0,0,38,26,12,5,1,4,0,0,0,13,8,5
165936,52,Business Management and Administrative Services,188,114,74,0,0,0,16,10,6,5,5,0,13,5,8,0,0,0,126,80,46,5,3,2,0,0,0,23,11,12
166027,14,Engineering,252,158,94,0,0,0,50,23,27,18,11,7,30,18,12,0,0,0,91,60,31,20,14,6,4,2,2,39,30,9
166027,26,Biological Sciences/LifeSciences,711,264,447,3,0,3,174,57,117,66,23,43,86,32,54,0,0,0,258,100,158,46,21,25,8,2,6,70,29,41
166027,27,Mathematics,558,396,162,1,0,1,159,110,49,18,9,9,44,29,15,0,0,0,204,156,48,22,13,9,19,13,6,91,66,25
166027,40,Physical Sciences,318,208,110,0,0,0,74,51,23,18,9,9,31,20,11,0,0,0,139,89,50,19,13,6,5,4,1,32,22,10
166054,13,Education,4,0,4,0,0,0,0,0,0,0,0,0,0,0,0,0,0,0,3,0,3,0,0,0,1,0,1,0,0,0
166054,52,Business Management and Administrative Services,15,7,8,0,0,0,0,0,0,0,0,0,0,0,0,0,0,0,14,6,8,0,0,0,1,1,0,0,0,0
166124,26,Biological Sciences/LifeSciences,116,46,70,0,0,0,11,2,9,1,0,1,8,4,4,0,0,0,89,39,50,2,1,1,5,0,5,0,0,0
166124,27,Mathematics,120,62,58,0,0,0,11,5,6,2,2,0,9,3,6,0,0,0,80,41,39,3,2,1,8,5,3,7,4,3
166124,40,Physical Sciences,140,89,51,0,0,0,16,8,8,2,1,1,7,7,0,0,0,0,100,65,35,6,3,3,5,3,2,4,2,2
166391,13,Education,83,4,79,0,0,0,0,0,0,2,1,1,1,0,1,0,0,0,74,3,71,0,0,0,5,0,5,1,0,1
166391,27,Mathematics,10,5,5,0,0,0,0,0,0,0,0,0,0,0,0,0,0,0,8,4,4,0,0,0,0,0,0,2,1,1
166391,52,Business Management and Administrative Services,533,171,362,0,0,0,15,4,11,28,16,12,54,23,31,1,1,0,372,99,273,14,4,10,30,12,18,19,12,7
166452,13,Education,216,29,187,0,0,0,6,2,4,7,1,6,17,1,16,0,0,0,167,25,142,11,0,11,5,0,5,3,0,3
166452,26,Biological Sciences/LifeSciences,28,6,22,0,0,0,0,0,0,3,0,3,7,0,7,0,0,0,17,5,12,0,0,0,0,0,0,1,1,0
166452,27,Mathematics,37,9,28,0,0,0,3,0,3,2,0,2,7,3,4,0,0,0,22,6,16,0,0,0,2,0,2,1,0,1
166452,52,Business Management and Administrative Services,200,91,109,0,0,0,10,3,7,17,9,8,31,13,18,1,0,1,113,52,61,4,2,2,14,6,8,10,6,4
166513,14,Engineering,2786,2341,445,1,1,0,319,256,63,164,132,32,228,188,40,0,0,0,1703,1472,231,81,67,14,113,91,22,177,134,43
166513,26,Biological Sciences/LifeSciences,614,251,363,2,2,0,122,43,79,44,23,21,79,32,47,0,0,0,286,116,170,24,7,17,28,11,17,29,17,12
166513,27,Mathematics,192,127,65,0,0,0,20,13,7,6,4,2,12,6,6,0,0,0,140,93,47,4,3,1,4,3,1,6,5,1
166513,40,Physical Sciences,306,202,104,0,0,0,21,13,8,13,9,4,33,20,13,0,0,0,218,145,73,5,3,2,10,8,2,6,4,2
166513,52,Business Management and Administrative Services,2358,1538,820,3,2,1,219,116,103,141,87,54,269,159,110,1,0,1,1431,1002,429,58,28,30,98,66,32,138,78,60
166629,13,Education,145,29,116,0,0,0,11,4,7,2,1,1,5,1,4,0,0,0,110,21,89,3,0,3,6,0,6,8,2,6
166629,14,Engineering,2108,1762,346,1,1,0,264,219,45,58,49,9,73,57,16,1,1,0,1384,1179,205,41,30,11,156,120,36,130,106,24
166629,26,Biological Sciences/LifeSciences,2748,1224,1524,2,0,2,427,198,229,151,70,81,167,77,90,0,0,0,1644,715,929,92,44,48,171,72,99,94,48,46
166629,27,Mathematics,556,370,186,0,0,0,109,74,35,9,7,2,17,16,1,1,1,0,263,173,90,8,5,3,42,29,13,107,65,42
166629,40,Physical Sciences,487,334,153,0,0,0,46,28,18,7,4,3,27,20,7,1,1,0,312,221,91,16,8,8,44,28,16,34,24,10
166629,52,Business Management and Administrative Services,3174,1771,1403,2,0,2,283,134,149,71,39,32,155,88,67,1,1,0,2190,1266,924,70,40,30,220,120,100,182,83,99
166638,13,Education,253,23,230,4,1,3,20,1,19,63,6,57,46,5,41,0,0,0,92,10,82,4,0,4,17,0,17,7,0,7
166638,14,Engineering,219,195,24,1,1,0,40,37,3,32,26,6,31,29,2,0,0,0,64,58,6,6,6,0,14,10,4,31,28,3
166638,26,Biological Sciences/LifeSciences,1391,483,908,1,0,1,246,94,152,271,73,198,222,54,168,0,0,0,447,194,253,40,12,28,72,26,46,92,30,62
166638,27,Mathematics,124,74,50,0,0,0,26,18,8,21,11,10,11,5,6,0,0,0,39,24,15,3,2,1,3,2,1,21,12,9
166638,40,Physical Sciences,502,286,216,1,0,1,104,57,47,78,31,47,75,41,34,0,0,0,149,99,50,16,4,12,14,9,5,65,45,20
166638,52,Business Management and Administrative Services,1984,1131,853,4,0,4,265,108,157,186,93,93,216,111,105,0,0,0,470,286,184,44,28,16,117,68,49,682,437,245
166656,26,Biological Sciences/LifeSciences,138,45,93,0,0,0,35,14,21,18,4,14,14,2,12,0,0,0,41,12,29,2,0,2,10,4,6,18,9,9
166674,13,Education,85,16,69,0,0,0,3,0,3,3,1,2,8,2,6,1,0,1,60,13,47,4,0,4,5,0,5,1,0,1
166683,14,Engineering,1428,709,719,2,1,1,286,79,207,108,68,40,234,146,88,0,0,0,559,276,283,101,51,50,22,12,10,116,76,40
166683,26,Biological Sciences/LifeSciences,223,67,156,0,0,0,70,20,50,13,4,9,30,12,18,0,0,0,83,20,63,11,3,8,1,0,1,15,8,7
166683,27,Mathematics,197,137,60,0,0,0,50,32,18,4,3,1,19,13,6,0,0,0,67,47,20,9,9,0,6,5,1,42,28,14
166683,40,Physical Sciences,254,163,91,0,0,0,42,26,16,7,7,0,33,25,8,0,0,0,107,59,48,20,14,6,4,2,2,41,30,11
166683,52,Business Management and Administrative Services,70,36,34,0,0,0,18,3,15,5,4,1,9,6,3,0,0,0,29,17,12,4,3,1,0,0,0,5,3,2
166692,14,Engineering,745,679,66,1,1,0,9,6,3,5,4,1,22,20,2,0,0,0,657,600,57,22,20,2,27,26,1,2,2,0
166692,52,Business Management and Administrative Services,212,189,23,1,0,1,2,1,1,4,4,0,10,9,1,0,0,0,180,161,19,4,4,0,11,10,1,0,0,0
166850,13,Education,206,32,174,0,0,0,1,0,1,0,0,0,11,0,11,0,0,0,184,32,152,3,0,3,7,0,7,0,0,0
166850,14,Engineering,329,282,47,0,0,0,9,7,2,15,14,1,28,23,5,0,0,0,216,184,32,3,3,0,25,23,2,33,28,5
166850,26,Biological Sciences/LifeSciences,147,45,102,0,0,0,9,2,7,2,1,1,20,8,12,0,0,0,99,31,68,6,2,4,7,1,6,4,0,4
166850,27,Mathematics,32,15,17,0,0,0,0,0,0,0,0,0,0,0,0,0,0,0,14,11,3,13,0,13,2,1,1,3,3,0
166850,40,Physical Sciences,25,13,12,0,0,0,1,0,1,0,0,0,4,2,2,0,0,0,16,8,8,0,0,0,1,0,1,3,3,0
166850,52,Business Management and Administrative Services,1034,646,388,1,0,1,12,5,7,31,27,4,47,24,23,0,0,0,813,508,305,13,8,5,76,42,34,41,32,9
166911,13,Education,3,0,3,0,0,0,0,0,0,0,0,0,0,0,0,0,0,0,3,0,3,0,0,0,0,0,0,0,0,0
166939,13,Education,29,0,29,0,0,0,2,0,2,2,0,2,3,0,3,0,0,0,17,0,17,1,0,1,1,0,1,3,0,3
166939,26,Biological Sciences/LifeSciences,199,0,199,1,0,1,29,0,29,14,0,14,20,0,20,0,0,0,76,0,76,6,0,6,0,0,0,53,0,53
166939,27,Mathematics,87,0,87,0,0,0,5,0,5,3,0,3,4,0,4,0,0,0,15,0,15,3,0,3,3,0,3,54,0,54
166939,40,Physical Sciences,74,0,74,0,0,0,6,0,6,2,0,2,3,0,3,0,0,0,36,0,36,4,0,4,0,0,0,23,0,23
166948,13,Education,37,5,32,0,0,0,0,0,0,4,1,3,5,0,5,0,0,0,22,3,19,2,1,1,3,0,3,1,0,1
166948,26,Biological Sciences/LifeSciences,65,16,49,0,0,0,4,0,4,7,4,3,9,3,6,0,0,0,38,5,33,4,1,3,0,0,0,3,3,0
166948,52,Business Management and Administrative Services,230,141,89,2,2,0,3,2,1,32,26,6,31,20,11,0,0,0,118,65,53,9,6,3,3,2,1,32,18,14
167251,52,Business Management and Administrative Services,233,105,128,1,1,0,22,15,7,69,36,33,37,15,22,0,0,0,83,26,57,7,2,5,0,0,0,14,10,4
167260,13,Education,5,2,3,0,0,0,0,0,0,0,0,0,0,0,0,0,0,0,5,2,3,0,0,0,0,0,0,0,0,0
167260,27,Mathematics,10,3,7,0,0,0,0,0,0,1,0,1,0,0,0,0,0,0,9,3,6,0,0,0,0,0,0,0,0,0
167260,52,Business Management and Administrative Services,687,389,298,0,0,0,13,6,7,50,32,18,49,20,29,0,0,0,544,312,232,21,11,10,0,0,0,10,8,2
167288,13,Education,166,50,116,0,0,0,1,0,1,9,3,6,8,0,8,0,0,0,141,46,95,1,0,1,6,1,5,0,0,0
167288,26,Biological Sciences/LifeSciences,104,31,73,1,0,1,7,2,5,15,5,10,11,2,9,0,0,0,67,22,45,1,0,1,2,0,2,0,0,0
167288,27,Mathematics,19,9,10,0,0,0,1,0,1,3,1,2,3,3,0,0,0,0,8,2,6,1,1,0,3,2,1,0,0,0
167288,40,Physical Sciences,29,17,12,0,0,0,0,0,0,2,0,2,3,3,0,0,0,0,21,12,9,1,1,0,2,1,1,0,0,0
167288,52,Business Management and Administrative Services,209,112,97,0,0,0,6,3,3,22,14,8,10,6,4,0,0,0,157,86,71,4,1,3,7,2,5,3,0,3
167321,52,Business Management and Administrative Services,8,2,6,0,0,0,0,0,0,5,2,3,2,0,2,0,0,0,0,0,0,0,0,0,0,0,0,1,0,1
167358,13,Education,1,0,1,0,0,0,0,0,0,0,0,0,0,0,0,0,0,0,0,0,0,0,0,0,0,0,0,1,0,1
167358,14,Engineering,2641,1897,744,0,0,0,288,192,96,80,49,31,177,127,50,0,0,0,1417,1014,403,122,82,40,136,106,30,421,327,94
167358,26,Biological Sciences/LifeSciences,1079,335,744,1,0,1,190,57,133,71,21,50,83,24,59,0,0,0,540,176,364,69,19,50,52,19,33,73,19,54
167358,27,Mathematics,216,129,87,0,0,0,19,15,4,0,0,0,15,7,8,0,0,0,94,58,36,7,5,2,10,6,4,71,38,33
167358,40,Physical Sciences,245,148,97,1,1,0,37,21,16,9,6,3,16,12,4,0,0,0,138,83,55,5,3,2,15,10,5,24,12,12
167358,52,Business Management and Administrative Services,3011,1638,1373,1,1,0,352,166,186,72,31,41,167,91,76,0,0,0,1057,647,410,88,35,53,147,78,69,1127,589,538
167394,13,Education,98,17,81,0,0,0,1,0,1,3,2,1,11,3,8,0,0,0,63,12,51,0,0,0,20,0,20,0,0,0
167394,26,Biological Sciences/LifeSciences,64,16,48,0,0,0,2,0,2,8,2,6,8,2,6,0,0,0,40,9,31,0,0,0,6,3,3,0,0,0
167394,27,Mathematics,4,2,2,0,0,0,0,0,0,0,0,0,0,0,0,0,0,0,2,1,1,0,0,0,2,1,1,0,0,0
167394,40,Physical Sciences,5,2,3,0,0,0,0,0,0,0,0,0,0,0,0,0,0,0,5,2,3,0,0,0,0,0,0,0,0,0
167394,52,Business Management and Administrative Services,123,76,47,0,0,0,3,2,1,14,11,3,15,9,6,0,0,0,67,39,28,0,0,0,19,12,7,5,3,2
167455,13,Education,19,4,15,0,0,0,0,0,0,10,2,8,2,1,1,0,0,0,3,0,3,0,0,0,3,1,2,1,0,1
167455,26,Biological Sciences/LifeSciences,22,4,18,0,0,0,0,0,0,5,2,3,4,0,4,0,0,0,1,0,1,6,0,6,2,0,2,4,2,2
167455,52,Business Management and Administrative Services,14,2,12,1,0,1,0,0,0,4,1,3,1,0,1,0,0,0,0,0,0,3,0,3,2,0,2,3,1,2
167598,13,Education,6,1,5,0,0,0,1,0,1,1,0,1,0,0,0,0,0,0,3,0,3,0,0,0,1,1,0,0,0,0
167598,26,Biological Sciences/LifeSciences,86,23,63,0,0,0,4,2,2,27,6,21,21,4,17,0,0,0,29,11,18,1,0,1,3,0,3,1,0,1
167598,52,Business Management and Administrative Services,60,37,23,0,0,0,2,0,2,10,4,6,14,9,5,0,0,0,32,22,10,0,0,0,1,1,0,1,1,0
167729,13,Education,624,78,546,0,0,0,10,2,8,20,3,17,84,4,80,0,0,0,481,66,415,12,1,11,6,0,6,11,2,9
167729,26,Biological Sciences/LifeSciences,511,152,359,5,1,4,24,4,20,59,20,39,84,23,61,0,0,0,292,86,206,21,8,13,9,5,4,17,5,12
167729,27,Mathematics,69,30,39,0,0,0,3,2,1,3,1,2,6,3,3,0,0,0,54,21,33,2,2,0,0,0,0,1,1,0
167729,40,Physical Sciences,127,60,67,0,0,0,8,3,5,8,4,4,15,5,10,0,0,0,80,38,42,6,3,3,5,4,1,5,3,2
167729,52,Business Management and Administrative Services,1398,758,640,2,1,1,76,26,50,126,75,51,206,106,100,0,0,0,862,480,382,28,16,12,26,14,12,72,40,32
167783,13,Education,1,0,1,0,0,0,0,0,0,0,0,0,0,0,0,0,0,0,1,0,1,0,0,0,0,0,0,0,0,0
167783,26,Biological Sciences/LifeSciences,44,0,44,1,0,1,12,0,12,2,0,2,4,0,4,0,0,0,21,0,21,1,0,1,2,0,2,1,0,1
167783,27,Mathematics,10,0,10,0,0,0,2,0,2,0,0,0,1,0,1,0,0,0,5,0,5,0,0,0,1,0,1,1,0,1
167783,40,Physical Sciences,3,0,3,0,0,0,1,0,1,1,0,1,1,0,1,0,0,0,0,0,0,0,0,0,0,0,0,0,0,0
167783,52,Business Management and Administrative Services,49,0,49,0,0,0,5,0,5,5,0,5,5,0,5,0,0,0,24,0,24,2,0,2,6,0,6,2,0,2
167792,14,Engineering,9,6,3,0,0,0,3,2,1,0,0,0,0,0,0,0,0,0,1,1,0,0,0,0,0,0,0,5,3,2
167792,26,Biological Sciences/LifeSciences,5,3,2,0,0,0,1,1,0,0,0,0,0,0,0,0,0,0,2,1,1,0,0,0,0,0,0,2,1,1
167792,27,Mathematics,9,5,4,0,0,0,0,0,0,0,0,0,1,1,0,0,0,0,5,4,1,0,0,0,0,0,0,3,0,3
167792,40,Physical Sciences,10,7,3,0,0,0,2,2,0,0,0,0,0,0,0,0,0,0,5,4,1,0,0,0,0,0,0,3,1,2
167835,13,Education,42,0,42,0,0,0,10,0,10,2,0,2,7,0,7,0,0,0,17,0,17,4,0,4,2,0,2,0,0,0
167835,14,Engineering,99,0,99,0,0,0,16,0,16,3,0,3,8,0,8,0,0,0,37,0,37,4,0,4,5,0,5,26,0,26
167835,26,Biological Sciences/LifeSciences,177,0,177,0,0,0,26,0,26,8,0,8,20,0,20,0,0,0,78,0,78,2,0,2,18,0,18,25,0,25
167835,27,Mathematics,59,0,59,0,0,0,9,0,9,0,0,0,3,0,3,0,0,0,16,0,16,0,0,0,2,0,2,29,0,29
167835,40,Physical Sciences,108,0,108,0,0,0,16,0,16,3,0,3,13,0,13,0,0,0,53,0,53,2,0,2,5,0,5,16,0,16
167899,13,Education,217,97,120,0,0,0,0,0,0,8,1,7,10,4,6,0,0,0,191,86,105,1,1,0,6,4,2,1,1,0
167899,26,Biological Sciences/LifeSciences,147,70,77,0,0,0,3,2,1,3,1,2,16,11,5,0,0,0,118,51,67,4,2,2,3,3,0,0,0,0
167899,27,Mathematics,22,12,10,0,0,0,0,0,0,2,2,0,1,1,0,1,1,0,17,7,10,0,0,0,0,0,0,1,1,0
167899,52,Business Management and Administrative Services,108,86,22,0,0,0,0,0,0,14,11,3,12,10,2,1,1,0,79,63,16,1,1,0,0,0,0,1,0,1
167987,13,Education,36,6,30,0,0,0,1,0,1,0,0,0,1,0,1,0,0,0,31,6,25,1,0,1,2,0,2,0,0,0
167987,14,Engineering,918,763,155,2,2,0,48,32,16,112,98,14,64,55,9,1,1,0,600,499,101,25,19,6,39,34,5,27,23,4
167987,26,Biological Sciences/LifeSciences,290,98,192,0,0,0,17,6,11,41,9,32,26,7,19,0,0,0,179,64,115,8,5,3,18,7,11,1,0,1
167987,27,Mathematics,64,34,30,0,0,0,0,0,0,4,1,3,5,1,4,0,0,0,49,28,21,2,2,0,3,1,2,1,1,0
167987,40,Physical Sciences,120,63,57,0,0,0,9,2,7,20,6,14,8,3,5,0,0,0,72,46,26,4,3,1,6,2,4,1,1,0
167987,52,Business Management and Administrative Services,1514,957,557,1,1,0,65,33,32,206,113,93,139,84,55,0,0,0,929,627,302,51,33,18,78,44,34,45,22,23
167996,13,Education,150,5,145,0,0,0,3,1,2,0,0,0,5,0,5,0,0,0,134,3,131,2,1,1,5,0,5,1,0,1
167996,26,Biological Sciences/LifeSciences,331,83,248,0,0,0,8,3,5,27,7,20,18,5,13,0,0,0,261,62,199,9,2,7,6,2,4,2,2,0
167996,27,Mathematics,47,13,34,0,0,0,1,0,1,1,0,1,2,2,0,0,0,0,41,10,31,2,1,1,0,0,0,0,0,0
167996,40,Physical Sciences,56,36,20,0,0,0,0,0,0,2,1,1,2,2,0,0,0,0,46,30,16,2,2,0,3,1,2,1,0,1
167996,52,Business Management and Administrative Services,535,312,223,1,1,0,16,5,11,17,15,2,31,19,12,1,0,1,440,253,187,12,7,5,11,7,4,6,5,1
168005,14,Engineering,48,45,3,0,0,0,3,3,0,3,3,0,8,8,0,0,0,0,6,5,1,0,0,0,1,1,0,27,25,2
168005,26,Biological Sciences/LifeSciences,250,65,185,1,1,0,22,5,17,40,7,33,31,10,21,0,0,0,100,25,75,5,3,2,19,1,18,32,13,19
168005,27,Mathematics,40,25,15,0,0,0,4,4,0,3,3,0,3,2,1,0,0,0,10,6,4,1,0,1,3,2,1,16,8,8
168005,40,Physical Sciences,88,38,50,0,0,0,11,2,9,8,2,6,10,4,6,0,0,0,33,16,17,0,0,0,5,0,5,21,14,7
168005,52,Business Management and Administrative Services,2331,1330,1001,2,1,1,233,93,140,98,54,44,237,120,117,0,0,0,845,474,371,40,17,23,119,69,50,757,502,255
168148,13,Education,11,4,7,0,0,0,0,0,0,3,2,1,4,1,3,0,0,0,2,1,1,0,0,0,0,0,0,2,0,2
168148,14,Engineering,735,488,247,0,0,0,82,52,30,16,9,7,42,33,9,0,0,0,434,289,145,25,13,12,32,20,12,104,72,32
168148,26,Biological Sciences/LifeSciences,303,127,176,0,0,0,65,29,36,11,5,6,16,6,10,0,0,0,160,69,91,17,6,11,15,4,11,19,8,11
168148,27,Mathematics,77,45,32,0,0,0,7,4,3,0,0,0,3,2,1,0,0,0,51,31,20,4,3,1,2,1,1,10,4,6
168148,40,Physical Sciences,74,48,26,0,0,0,10,4,6,3,3,0,2,1,1,0,0,0,46,32,14,5,2,3,4,2,2,4,4,0
168218,26,Biological Sciences/LifeSciences,193,0,193,1,0,1,59,0,59,10,0,10,12,0,12,0,0,0,78,0,78,13,0,13,5,0,5,15,0,15
168218,27,Mathematics,64,0,64,0,0,0,24,0,24,1,0,1,1,0,1,0,0,0,22,0,22,0,0,0,0,0,0,16,0,16
168218,40,Physical Sciences,85,0,85,0,0,0,18,0,18,2,0,2,7,0,7,0,0,0,40,0,40,8,0,8,2,0,2,8,0,8
168227,14,Engineering,1550,1271,279,4,4,0,95,75,20,50,38,12,38,32,6,0,0,0,993,811,182,99,88,11,124,98,26,147,125,22
168227,27,Mathematics,60,36,24,0,0,0,4,3,1,3,2,1,2,2,0,0,0,0,41,21,20,3,2,1,1,1,0,6,5,1
168227,52,Business Management and Administrative Services,781,665,116,3,3,0,22,17,5,37,28,9,27,23,4,0,0,0,549,487,62,27,21,6,52,35,17,64,51,13
168254,13,Education,58,16,42,0,0,0,0,0,0,0,0,0,6,1,5,0,0,0,50,14,36,0,0,0,2,1,1,0,0,0
168254,14,Engineering,685,574,111,1,1,0,16,13,3,15,14,1,39,32,7,1,1,0,536,449,87,8,7,1,33,24,9,36,33,3
168254,26,Biological Sciences/LifeSciences,85,30,55,0,0,0,9,1,8,7,5,2,9,2,7,0,0,0,54,20,34,1,0,1,4,2,2,1,0,1
168254,27,Mathematics,16,10,6,0,0,0,0,0,0,2,0,2,1,1,0,0,0,0,12,8,4,0,0,0,0,0,0,1,1,0
168254,40,Physical Sciences,38,15,23,0,0,0,3,2,1,1,0,1,4,1,3,0,0,0,27,11,16,1,0,1,1,0,1,1,1,0
168254,52,Business Management and Administrative Services,806,535,271,1,0,1,17,7,10,53,35,18,53,32,21,0,0,0,599,400,199,13,10,3,37,25,12,33,26,7
168263,13,Education,579,56,523,1,0,1,2,0,2,7,0,7,23,0,23,0,0,0,508,52,456,26,1,25,9,2,7,3,1,2
168263,26,Biological Sciences/LifeSciences,227,66,161,0,0,0,8,3,5,20,3,17,30,7,23,0,0,0,148,44,104,13,5,8,7,3,4,1,1,0
168263,27,Mathematics,82,42,40,0,0,0,2,1,1,3,2,1,6,4,2,0,0,0,62,30,32,5,2,3,3,2,1,1,1,0
168263,40,Physical Sciences,33,18,15,0,0,0,5,1,4,2,1,1,2,1,1,0,0,0,22,13,9,1,1,0,1,1,0,0,0,0
168263,52,Business Management and Administrative Services,837,531,306,0,0,0,15,8,7,30,19,11,60,26,34,1,1,0,652,418,234,38,27,11,31,23,8,10,9,1
168281,13,Education,34,6,28,0,0,0,1,0,1,2,0,2,1,0,1,0,0,0,27,5,22,2,0,2,1,1,0,0,0,0
168281,26,Biological Sciences/LifeSciences,142,41,101,0,0,0,9,1,8,9,2,7,6,2,4,0,0,0,98,30,68,4,3,1,3,1,2,13,2,11
168281,27,Mathematics,37,11,26,0,0,0,0,0,0,3,0,3,0,0,0,1,0,1,11,4,7,1,0,1,1,0,1,20,7,13
168281,40,Physical Sciences,36,15,21,0,0,0,3,0,3,3,2,1,2,2,0,0,0,0,17,8,9,1,0,1,1,0,1,9,3,6
168281,52,Business Management and Administrative Services,99,63,36,0,0,0,8,4,4,8,7,1,7,3,4,0,0,0,61,41,20,3,3,0,2,0,2,10,5,5
168290,13,Education,172,12,160,0,0,0,6,0,6,12,2,10,19,1,18,0,0,0,119,7,112,3,0,3,12,1,11,1,1,0
168290,27,Mathematics,37,4,33,0,0,0,2,0,2,3,0,3,2,2,0,0,0,0,28,2,26,0,0,0,2,0,2,0,0,0
168290,40,Physical Sciences,4,2,2,0,0,0,0,0,0,1,0,1,1,1,0,0,0,0,2,1,1,0,0,0,0,0,0,0,0,0
168342,26,Biological Sciences/LifeSciences,117,45,72,0,0,0,17,9,8,5,2,3,17,6,11,0,0,0,60,23,37,8,0,8,0,0,0,10,5,5
168342,27,Mathematics,85,51,34,0,0,0,18,10,8,2,1,1,10,5,5,0,0,0,41,25,16,6,4,2,0,0,0,8,6,2
168342,40,Physical Sciences,98,55,43,0,0,0,18,7,11,6,6,0,16,9,7,0,0,0,45,26,19,6,4,2,0,0,0,7,3,4
168421,14,Engineering,3028,2005,1023,10,8,2,108,64,44,83,54,29,286,160,126,0,0,0,1951,1309,642,75,47,28,209,133,76,306,230,76
168421,26,Biological Sciences/LifeSciences,233,68,165,1,0,1,12,7,5,5,2,3,21,6,15,0,0,0,157,44,113,6,1,5,18,5,13,13,3,10
168421,27,Mathematics,113,63,50,1,1,0,2,1,1,2,2,0,6,3,3,0,0,0,72,43,29,2,1,1,11,5,6,17,7,10
168421,40,Physical Sciences,82,54,28,0,0,0,3,3,0,1,1,0,6,4,2,0,0,0,50,29,21,2,1,1,5,4,1,15,12,3
168421,52,Business Management and Administrative Services,113,76,37,0,0,0,4,3,1,7,4,3,8,5,3,0,0,0,60,40,20,7,3,4,16,13,3,11,8,3
168430,13,Education,342,23,319,1,0,1,6,2,4,7,1,6,27,0,27,0,0,0,282,19,263,7,0,7,12,1,11,0,0,0
168430,26,Biological Sciences/LifeSciences,486,186,300,2,1,1,44,16,28,56,27,29,67,30,37,0,0,0,266,96,170,14,3,11,21,9,12,16,4,12
168430,27,Mathematics,85,48,37,0,0,0,3,3,0,4,4,0,9,5,4,0,0,0,55,27,28,2,0,2,8,6,2,4,3,1
168430,40,Physical Sciences,138,63,75,1,1,0,11,5,6,18,5,13,8,4,4,0,0,0,80,40,40,11,5,6,5,0,5,4,3,1
168430,52,Business Management and Administrative Services,756,471,285,2,2,0,55,30,25,59,41,18,77,41,36,1,0,1,500,318,182,23,14,9,33,21,12,6,4,2
168528,13,Education,87,29,58,0,0,0,0,0,0,0,0,0,3,1,2,0,0,0,75,22,53,3,2,1,6,4,2,0,0,0
168528,26,Biological Sciences/LifeSciences,179,53,126,1,0,1,1,0,1,11,3,8,13,3,10,0,0,0,128,36,92,7,1,6,18,10,8,0,0,0
168528,27,Mathematics,24,12,12,0,0,0,0,0,0,0,0,0,1,1,0,0,0,0,17,8,9,0,0,0,6,3,3,0,0,0
168528,40,Physical Sciences,50,32,18,0,0,0,1,1,0,5,4,1,2,1,1,0,0,0,38,23,15,0,0,0,4,3,1,0,0,0
168528,52,Business Management and Administrative Services,325,216,109,1,1,0,4,2,2,16,12,4,18,11,7,1,0,1,234,151,83,9,7,2,42,32,10,0,0,0
168546,13,Education,44,16,28,0,0,0,1,1,0,2,0,2,0,0,0,0,0,0,37,13,24,0,0,0,3,2,1,1,0,1
168546,26,Biological Sciences/LifeSciences,137,45,92,0,0,0,11,5,6,6,3,3,10,5,5,0,0,0,96,29,67,4,1,3,5,0,5,5,2,3
168546,27,Mathematics,20,9,11,0,0,0,0,0,0,1,1,0,1,0,1,0,0,0,16,7,9,0,0,0,1,1,0,1,0,1
168546,40,Physical Sciences,64,44,20,0,0,0,1,1,0,2,2,0,2,2,0,0,0,0,48,32,16,2,1,1,4,2,2,5,4,1
168546,52,Business Management and Administrative Services,137,88,49,0,0,0,3,2,1,7,4,3,1,1,0,1,1,0,107,67,40,4,3,1,12,10,2,2,0,2
168591,13,Education,79,20,59,0,0,0,1,0,1,0,0,0,3,1,2,0,0,0,73,19,54,1,0,1,1,0,1,0,0,0
168591,26,Biological Sciences/LifeSciences,61,23,38,0,0,0,1,0,1,0,0,0,1,0,1,0,0,0,56,22,34,0,0,0,3,1,2,0,0,0
168591,27,Mathematics,15,7,8,0,0,0,1,0,1,1,0,1,1,0,1,0,0,0,10,6,4,0,0,0,2,1,1,0,0,0
168591,40,Physical Sciences,24,12,12,0,0,0,1,0,1,0,0,0,0,0,0,0,0,0,21,12,9,2,0,2,0,0,0,0,0,0
168591,52,Business Management and Administrative Services,84,56,28,0,0,0,1,1,0,2,2,0,1,1,0,0,0,0,75,48,27,2,2,0,1,1,0,2,1,1
168607,52,Business Management and Administrative Services,180,71,109,0,0,0,2,0,2,1,1,0,0,0,0,0,0,0,177,70,107,0,0,0,0,0,0,0,0,0
168740,13,Education,60,12,48,0,0,0,7,3,4,8,3,5,8,2,6,0,0,0,27,3,24,4,0,4,2,0,2,4,1,3
168740,14,Engineering,79,66,13,1,1,0,8,6,2,14,11,3,11,10,1,0,0,0,29,28,1,4,3,1,0,0,0,12,7,5
168740,26,Biological Sciences/LifeSciences,177,75,102,0,0,0,47,33,14,35,13,22,21,4,17,0,0,0,24,11,13,10,3,7,8,2,6,32,9,23
168740,27,Mathematics,12,5,7,0,0,0,2,2,0,2,1,1,2,1,1,0,0,0,6,1,5,0,0,0,0,0,0,0,0,0
168740,40,Physical Sciences,16,10,6,0,0,0,3,3,0,3,2,1,1,1,0,0,0,0,6,4,2,1,0,1,0,0,0,2,0,2
168740,52,Business Management and Administrative Services,166,105,61,2,2,0,19,13,6,32,18,14,14,11,3,1,1,0,41,29,12,6,2,4,5,1,4,46,28,18
168786,13,Education,66,11,55,0,0,0,0,0,0,0,0,0,4,1,3,0,0,0,60,10,50,0,0,0,2,0,2,0,0,0
168786,26,Biological Sciences/LifeSciences,88,34,54,0,0,0,2,1,1,3,0,3,4,4,0,0,0,0,76,28,48,2,0,2,1,1,0,0,0,0
168786,27,Mathematics,23,7,16,0,0,0,0,0,0,0,0,0,2,0,2,0,0,0,20,7,13,1,0,1,0,0,0,0,0,0
168786,40,Physical Sciences,7,5,2,0,0,0,0,0,0,0,0,0,2,1,1,0,0,0,5,4,1,0,0,0,0,0,0,0,0,0
168786,52,Business Management and Administrative Services,201,89,112,1,0,1,4,1,3,5,4,1,13,7,6,0,0,0,161,70,91,6,2,4,5,3,2,6,2,4
168847,13,Education,362,76,286,0,0,0,1,1,0,25,4,21,9,3,6,0,0,0,313,65,248,14,3,11,0,0,0,0,0,0
168847,14,Engineering,170,143,27,0,0,0,2,1,1,7,5,2,7,6,1,1,1,0,148,128,20,4,2,2,1,0,1,0,0,0
168847,52,Business Management and Administrative Services,4494,1482,3012,20,7,13,40,13,27,644,197,447,197,69,128,11,4,7,3332,1112,2220,215,66,149,35,14,21,0,0,0
169080,13,Education,399,101,298,0,0,0,14,4,10,2,0,2,15,3,12,0,0,0,318,84,234,11,2,9,5,2,3,34,6,28
169080,14,Engineering,453,367,86,0,0,0,13,8,5,8,5,3,10,7,3,0,0,0,331,281,50,22,17,5,12,9,3,57,40,17
169080,26,Biological Sciences/LifeSciences,309,148,161,0,0,0,20,8,12,7,2,5,10,2,8,0,0,0,211,107,104,16,8,8,4,4,0,41,17,24
169080,27,Mathematics,81,42,39,0,0,0,4,3,1,0,0,0,3,0,3,0,0,0,58,29,29,3,3,0,1,0,1,12,7,5
169080,40,Physical Sciences,81,59,22,0,0,0,2,0,2,3,2,1,3,1,2,0,0,0,62,47,15,1,1,0,2,2,0,8,6,2
169080,52,Business Management and Administrative Services,502,330,172,0,0,0,21,16,5,9,5,4,12,9,3,0,0,0,363,248,115,17,8,9,10,7,3,70,37,33
169248,13,Education,1069,266,803,9,3,6,5,0,5,12,3,9,32,11,21,0,0,0,974,240,734,11,3,8,25,6,19,1,0,1
169248,14,Engineering,369,308,61,1,1,0,3,2,1,18,15,3,23,21,2,0,0,0,277,227,50,7,6,1,5,5,0,35,31,4
169248,26,Biological Sciences/LifeSciences,698,275,423,3,3,0,13,3,10,44,15,29,30,13,17,0,0,0,564,228,336,23,5,18,10,6,4,11,2,9
169248,27,Mathematics,35,19,16,1,0,1,2,0,2,0,0,0,0,0,0,0,0,0,27,16,11,0,0,0,3,2,1,2,1,1
169248,40,Physical Sciences,132,96,36,0,0,0,2,1,1,2,1,1,7,4,3,0,0,0,110,81,29,6,4,2,5,5,0,0,0,0
169248,52,Business Management and Administrative Services,3447,1823,1624,26,9,17,41,22,19,317,129,188,132,75,57,0,0,0,2663,1440,1223,85,39,46,92,51,41,91,58,33
169327,52,Business Management and Administrative Services,473,230,243,2,0,2,6,1,5,24,9,15,10,6,4,0,0,0,368,173,195,0,0,0,52,30,22,11,11,0
169363,13,Education,155,39,116,0,0,0,0,0,0,2,0,2,3,1,2,0,0,0,140,33,107,7,3,4,3,2,1,0,0,0
169363,26,Biological Sciences/LifeSciences,76,30,46,2,1,1,0,0,0,9,6,3,1,1,0,1,0,1,59,22,37,3,0,3,1,0,1,0,0,0
169363,27,Mathematics,6,5,1,0,0,0,0,0,0,1,1,0,0,0,0,0,0,0,5,4,1,0,0,0,0,0,0,0,0,0
169363,52,Business Management and Administrative Services,209,152,57,0,0,0,0,0,0,25,22,3,6,4,2,0,0,0,157,109,48,14,12,2,7,5,2,0,0,0
169442,13,Education,7,1,6,0,0,0,0,0,0,0,0,0,0,0,0,0,0,0,5,1,4,0,0,0,1,0,1,1,0,1
169479,26,Biological Sciences/LifeSciences,4,4,0,0,0,0,0,0,0,0,0,0,0,0,0,0,0,0,3,3,0,0,0,0,1,1,0,0,0,0
169479,52,Business Management and Administrative Services,2557,1213,1344,18,8,10,58,24,34,303,118,185,74,29,45,2,1,1,1790,877,913,84,35,49,152,78,74,76,43,33
169716,13,Education,3,1,2,0,0,0,0,0,0,1,0,1,1,0,1,0,0,0,1,1,0,0,0,0,0,0,0,0,0,0
169716,14,Engineering,219,170,49,0,0,0,10,7,3,15,9,6,25,14,11,0,0,0,129,105,24,5,4,1,13,11,2,22,20,2
169716,26,Biological Sciences/LifeSciences,428,154,274,1,0,1,57,28,29,34,5,29,16,7,9,1,0,1,258,94,164,15,9,6,23,4,19,23,7,16
169716,27,Mathematics,6,5,1,0,0,0,0,0,0,1,1,0,1,0,1,0,0,0,4,4,0,0,0,0,0,0,0,0,0,0
169716,40,Physical Sciences,170,97,73,0,0,0,10,5,5,10,5,5,12,11,1,0,0,0,86,50,36,5,1,4,10,7,3,37,18,19
169716,52,Business Management and Administrative Services,270,171,99,0,0,0,7,6,1,38,17,21,16,9,7,0,0,0,173,115,58,6,5,1,8,6,2,22,13,9
169798,13,Education,1517,395,1122,2,2,0,21,6,15,127,34,93,58,14,44,0,0,0,1242,313,929,44,20,24,20,5,15,3,1,2
169798,14,Engineering,42,36,6,0,0,0,1,1,0,7,6,1,2,2,0,0,0,0,27,22,5,2,2,0,1,1,0,2,2,0
169798,26,Biological Sciences/LifeSciences,610,217,393,5,1,4,30,10,20,121,29,92,32,12,20,0,0,0,362,148,214,27,7,20,22,4,18,11,6,5
169798,27,Mathematics,78,58,20,0,0,0,1,1,0,5,2,3,6,6,0,0,0,0,53,42,11,5,3,2,0,0,0,8,4,4
169798,40,Physical Sciences,189,91,98,0,0,0,5,2,3,22,10,12,9,4,5,0,0,0,129,66,63,9,5,4,7,2,5,8,2,6
169798,52,Business Management and Administrative Services,2949,1654,1295,7,3,4,89,41,48,572,275,297,152,87,65,1,1,0,1870,1107,763,100,51,49,47,27,20,111,62,49
169910,13,Education,464,124,340,3,2,1,2,0,2,22,10,12,16,2,14,0,0,0,405,106,299,11,1,10,5,3,2,0,0,0
169910,14,Engineering,182,165,17,0,0,0,1,1,0,4,2,2,5,4,1,0,0,0,161,147,14,3,3,0,1,1,0,7,7,0
169910,26,Biological Sciences/LifeSciences,491,170,321,2,0,2,9,2,7,12,3,9,17,10,7,0,0,0,427,146,281,12,6,6,2,1,1,10,2,8
169910,27,Mathematics,29,26,3,0,0,0,0,0,0,0,0,0,3,3,0,0,0,0,25,22,3,1,1,0,0,0,0,0,0,0
169910,40,Physical Sciences,27,15,12,0,0,0,2,2,0,1,1,0,0,0,0,0,0,0,20,10,10,2,0,2,2,2,0,0,0,0
169910,52,Business Management and Administrative Services,1960,1178,782,17,8,9,17,9,8,142,80,62,87,48,39,0,0,0,1548,944,604,73,41,32,25,18,7,51,30,21
169983,14,Engineering,1565,1298,267,5,4,1,53,44,9,45,29,16,76,57,19,1,0,1,1176,992,184,48,43,5,90,73,17,71,56,15
169983,26,Biological Sciences/LifeSciences,50,24,26,0,0,0,2,2,0,3,0,3,2,1,1,0,0,0,39,18,21,0,0,0,1,1,0,3,2,1
169983,27,Mathematics,14,11,3,0,0,0,0,0,0,0,0,0,0,0,0,0,0,0,13,11,2,0,0,0,1,0,1,0,0,0
169983,40,Physical Sciences,27,18,9,3,3,0,1,1,0,0,0,0,1,1,0,0,0,0,21,12,9,0,0,0,1,1,0,0,0,0
169983,52,Business Management and Administrative Services,56,36,20,1,1,0,6,3,3,3,1,2,2,1,1,0,0,0,42,28,14,0,0,0,2,2,0,0,0,0
170000,13,Education,4,0,4,0,0,0,0,0,0,0,0,0,0,0,0,0,0,0,4,0,4,0,0,0,0,0,0,0,0,0
170000,52,Business Management and Administrative Services,57,43,14,1,1,0,2,1,1,5,4,1,1,1,0,0,0,0,42,32,10,4,3,1,0,0,0,2,1,1
170037,13,Education,196,46,150,1,0,1,6,0,6,8,2,6,1,0,1,1,0,1,172,42,130,2,1,1,0,0,0,5,1,4
170037,26,Biological Sciences/LifeSciences,25,13,12,0,0,0,0,0,0,2,1,1,0,0,0,0,0,0,22,11,11,0,0,0,0,0,0,1,1,0
170037,27,Mathematics,10,7,3,0,0,0,1,0,1,0,0,0,0,0,0,0,0,0,9,7,2,0,0,0,0,0,0,0,0,0
170037,52,Business Management and Administrative Services,581,257,324,5,0,5,0,0,0,97,41,56,29,11,18,0,0,0,429,192,237,1,1,0,0,0,0,20,12,8
170082,13,Education,2880,935,1945,11,4,7,36,14,22,106,56,50,135,41,94,1,1,0,2482,772,1710,91,38,53,5,2,3,13,7,6
170082,14,Engineering,1182,1008,174,3,2,1,31,24,7,42,33,9,51,38,13,1,1,0,989,857,132,26,21,5,5,4,1,34,28,6
170082,26,Biological Sciences/LifeSciences,950,337,613,1,0,1,12,3,9,48,12,36,50,18,32,1,1,0,793,290,503,36,10,26,1,1,0,8,2,6
170082,27,Mathematics,429,186,243,1,1,0,6,1,5,11,3,8,17,7,10,0,0,0,375,163,212,13,5,8,0,0,0,6,6,0
170082,40,Physical Sciences,263,159,104,3,1,2,8,4,4,6,2,4,14,9,5,0,0,0,212,130,82,15,8,7,3,3,0,2,2,0
170082,52,Business Management and Administrative Services,4135,2331,1804,13,4,9,90,41,49,183,98,85,178,100,78,4,2,2,3459,1976,1483,125,64,61,12,10,2,71,36,35
170240,13,Education,553,52,501,0,0,0,14,1,13,117,4,113,18,2,16,1,0,1,286,33,253,22,1,21,94,10,84,1,1,0
170240,14,Engineering,631,556,75,4,3,1,29,25,4,45,35,10,6,5,1,0,0,0,338,301,37,15,13,2,134,116,18,60,58,2
170240,26,Biological Sciences/LifeSciences,75,31,44,0,0,0,1,1,0,6,1,5,1,0,1,0,0,0,53,24,29,2,1,1,11,3,8,1,1,0
170240,40,Physical Sciences,10,5,5,0,0,0,0,0,0,1,0,1,1,1,0,0,0,0,7,4,3,0,0,0,1,0,1,0,0,0
170240,52,Business Management and Administrative Services,1436,748,688,5,3,2,37,24,13,389,154,235,58,29,29,1,1,0,640,366,274,44,23,21,232,124,108,30,24,6
170286,26,Biological Sciences/LifeSciences,110,39,71,0,0,0,0,0,0,0,0,0,0,0,0,0,0,0,0,0,0,0,0,0,110,39,71,0,0,0
170286,27,Mathematics,28,22,6,0,0,0,0,0,0,0,0,0,0,0,0,0,0,0,0,0,0,0,0,0,28,22,6,0,0,0
170286,40,Physical Sciences,25,18,7,0,0,0,0,0,0,0,0,0,0,0,0,0,0,0,0,0,0,0,0,0,25,18,7,0,0,0
170286,52,Business Management and Administrative Services,105,71,34,0,0,0,0,0,0,0,0,0,0,0,0,0,0,0,0,0,0,0,0,0,105,71,34,0,0,0
170301,13,Education,292,41,251,0,0,0,7,1,6,1,0,1,17,1,16,0,0,0,266,39,227,1,0,1,0,0,0,0,0,0
170301,14,Engineering,153,101,52,0,0,0,3,1,2,5,3,2,7,2,5,0,0,0,129,92,37,2,1,1,1,0,1,6,2,4
170301,26,Biological Sciences/LifeSciences,159,63,96,0,0,0,8,0,8,3,1,2,10,5,5,0,0,0,134,54,80,3,2,1,0,0,0,1,1,0
170301,27,Mathematics,21,13,8,0,0,0,0,0,0,0,0,0,1,0,1,0,0,0,18,12,6,0,0,0,0,0,0,2,1,1
170301,40,Physical Sciences,94,48,46,0,0,0,2,0,2,4,0,4,4,3,1,0,0,0,75,41,34,3,3,0,1,0,1,5,1,4
170301,52,Business Management and Administrative Services,350,201,149,0,0,0,6,4,2,5,2,3,16,9,7,0,0,0,314,181,133,1,1,0,1,1,0,7,3,4
170444,14,Engineering,14,12,2,0,0,0,1,0,1,1,1,0,0,0,0,0,0,0,11,10,1,0,0,0,1,1,0,0,0,0
170444,40,Physical Sciences,541,218,323,1,0,1,7,7,0,77,32,45,36,13,23,0,0,0,362,150,212,32,8,24,26,8,18,0,0,0
170444,52,Business Management and Administrative Services,513,247,266,4,3,1,10,3,7,73,44,29,21,5,16,0,0,0,350,161,189,23,14,9,32,17,15,0,0,0
170532,26,Biological Sciences/LifeSciences,117,47,70,1,1,0,12,7,5,4,1,3,3,1,2,1,1,0,77,25,52,9,5,4,6,4,2,4,2,2
170532,27,Mathematics,42,18,24,0,0,0,7,3,4,0,0,0,3,2,1,0,0,0,18,8,10,1,1,0,1,0,1,12,4,8
170532,40,Physical Sciences,131,76,55,0,0,0,17,7,10,6,4,2,9,5,4,0,0,0,74,45,29,8,5,3,6,3,3,11,7,4
170532,52,Business Management and Administrative Services,109,76,33,0,0,0,7,5,2,10,7,3,9,6,3,0,0,0,66,49,17,6,3,3,4,3,1,7,3,4
170620,13,Education,105,15,90,1,0,1,1,0,1,15,1,14,4,1,3,1,1,0,77,12,65,3,0,3,3,0,3,0,0,0
170620,14,Engineering,73,66,7,0,0,0,0,0,0,8,7,1,11,10,1,0,0,0,49,44,5,1,1,0,4,4,0,0,0,0
170620,26,Biological Sciences/LifeSciences,61,12,49,1,0,1,3,0,3,10,3,7,9,2,7,0,0,0,31,7,24,5,0,5,2,0,2,0,0,0
170620,27,Mathematics,9,4,5,0,0,0,0,0,0,1,0,1,1,0,1,0,0,0,6,3,3,1,1,0,0,0,0,0,0,0
170620,40,Physical Sciences,22,11,11,1,1,0,0,0,0,3,1,2,6,3,3,0,0,0,10,5,5,1,1,0,1,0,1,0,0,0
170620,52,Business Management and Administrative Services,447,174,273,3,0,3,2,1,1,67,25,42,48,27,21,0,0,0,294,110,184,14,5,9,19,6,13,0,0,0
170639,13,Education,123,21,102,4,2,2,2,0,2,0,0,0,3,1,2,0,0,0,110,18,92,0,0,0,0,0,0,4,0,4
170639,14,Engineering,157,135,22,7,7,0,0,0,0,0,0,0,3,3,0,0,0,0,126,106,20,0,0,0,2,1,1,19,18,1
170639,26,Biological Sciences/LifeSciences,123,36,87,11,3,8,0,0,0,1,1,0,2,1,1,0,0,0,97,27,70,0,0,0,0,0,0,12,4,8
170639,27,Mathematics,19,10,9,1,1,0,0,0,0,0,0,0,0,0,0,0,0,0,14,7,7,0,0,0,1,0,1,3,2,1
170639,40,Physical Sciences,76,40,36,5,2,3,0,0,0,1,1,0,1,1,0,0,0,0,61,32,29,0,0,0,3,1,2,5,3,2
170639,52,Business Management and Administrative Services,225,83,142,30,11,19,3,2,1,4,1,3,6,2,4,0,0,0,162,55,107,0,0,0,4,1,3,16,11,5
170675,14,Engineering,933,741,192,3,2,1,29,24,5,38,29,9,35,24,11,0,0,0,608,479,129,18,12,6,29,23,6,173,148,25
170675,26,Biological Sciences/LifeSciences,28,8,20,0,0,0,0,0,0,2,1,1,1,0,1,0,0,0,21,6,15,2,0,2,0,0,0,2,1,1
170675,27,Mathematics,6,3,3,0,0,0,0,0,0,0,0,0,0,0,0,0,0,0,5,3,2,0,0,0,0,0,0,1,0,1
170675,40,Physical Sciences,19,14,5,0,0,0,1,1,0,2,2,0,1,1,0,0,0,0,13,10,3,0,0,0,1,0,1,1,0,1
170675,52,Business Management and Administrative Services,119,80,39,1,0,1,1,1,0,5,2,3,5,5,0,0,0,0,61,43,18,2,1,1,2,2,0,42,26,16
170806,13,Education,131,14,117,0,0,0,1,1,0,10,3,7,11,0,11,0,0,0,102,9,93,2,1,1,3,0,3,2,0,2
170806,26,Biological Sciences/LifeSciences,108,27,81,0,0,0,1,0,1,8,3,5,4,1,3,0,0,0,84,21,63,5,2,3,2,0,2,4,0,4
170806,27,Mathematics,10,3,7,0,0,0,0,0,0,0,0,0,1,0,1,0,0,0,9,3,6,0,0,0,0,0,0,0,0,0
170806,40,Physical Sciences,5,3,2,0,0,0,0,0,0,0,0,0,0,0,0,0,0,0,4,2,2,0,0,0,0,0,0,1,1,0
170806,52,Business Management and Administrative Services,545,265,280,1,0,1,2,1,1,30,19,11,14,8,6,0,0,0,167,80,87,9,6,3,6,3,3,316,148,168
170842,13,Education,13,4,9,0,0,0,0,0,0,5,2,3,4,2,2,0,0,0,2,0,2,0,0,0,2,0,2,0,0,0
170842,26,Biological Sciences/LifeSciences,27,11,16,0,0,0,1,0,1,16,6,10,3,2,1,0,0,0,7,3,4,0,0,0,0,0,0,0,0,0
170842,27,Mathematics,19,12,7,0,0,0,0,0,0,7,4,3,6,3,3,0,0,0,4,3,1,1,1,0,0,0,0,1,1,0
170842,40,Physical Sciences,5,4,1,0,0,0,1,0,1,1,1,0,1,1,0,0,0,0,2,2,0,0,0,0,0,0,0,0,0,0
170842,52,Business Management and Administrative Services,76,41,35,0,0,0,0,0,0,48,21,27,10,7,3,0,0,0,10,10,0,3,1,2,4,2,2,1,0,1
170967,13,Education,145,12,133,2,0,2,1,0,1,27,2,25,2,0,2,0,0,0,101,9,92,2,0,2,10,1,9,0,0,0
170967,26,Biological Sciences/LifeSciences,39,15,24,0,0,0,0,0,0,4,0,4,0,0,0,0,0,0,27,11,16,1,0,1,4,2,2,3,2,1
170967,52,Business Management and Administrative Services,167,91,76,1,1,0,1,0,1,29,14,15,0,0,0,0,0,0,112,60,52,2,1,1,15,8,7,7,7,0
170976,13,Education,149,28,121,0,0,0,10,0,10,6,2,4,6,1,5,0,0,0,114,23,91,5,2,3,4,0,4,4,0,4
170976,14,Engineering,5298,3783,1515,13,9,4,878,628,250,136,89,47,302,232,70,0,0,0,2920,2073,847,209,140,69,266,189,77,574,423,151
170976,26,Biological Sciences/LifeSciences,1332,601,731,2,2,0,263,136,127,37,21,16,60,18,42,0,0,0,783,349,434,51,19,32,94,41,53,42,15,27
170976,27,Mathematics,480,276,204,2,1,1,45,27,18,7,5,2,10,8,2,0,0,0,167,104,63,7,4,3,25,16,9,217,111,106
170976,40,Physical Sciences,323,211,112,2,1,1,28,14,14,7,4,3,16,9,7,0,0,0,212,142,70,9,7,2,20,11,9,29,23,6
170976,52,Business Management and Administrative Services,1855,1085,770,3,1,2,327,173,154,50,18,32,51,31,20,0,0,0,1073,660,413,49,27,22,134,77,57,168,98,70
171100,13,Education,815,102,713,0,0,0,20,0,20,31,4,27,37,6,31,0,0,0,666,84,582,19,2,17,4,2,2,38,4,34
171100,14,Engineering,4385,3420,965,7,5,2,273,218,55,197,134,63,146,102,44,2,2,0,2916,2239,677,102,75,27,37,29,8,705,616,89
171100,26,Biological Sciences/LifeSciences,3755,1500,2255,16,7,9,334,163,171,268,84,184,179,60,119,7,1,6,2652,1069,1583,138,49,89,36,19,17,125,48,77
171100,27,Mathematics,556,368,188,0,0,0,34,29,5,18,7,11,19,11,8,0,0,0,275,181,94,18,14,4,5,4,1,187,122,65
171100,40,Physical Sciences,768,536,232,1,1,0,32,21,11,32,14,18,30,23,7,1,1,0,527,368,159,33,23,10,9,8,1,103,77,26
171100,52,Business Management and Administrative Services,7106,4176,2930,10,3,7,344,200,144,272,137,135,222,131,91,6,3,3,4211,2647,1564,147,88,59,44,23,21,1850,944,906
171128,14,Engineering,3808,2928,880,12,8,4,49,32,17,26,19,7,80,61,19,4,3,1,3360,2596,764,90,59,31,85,68,17,102,82,20
171128,26,Biological Sciences/LifeSciences,166,61,105,1,1,0,4,4,0,1,1,0,1,0,1,1,0,1,148,50,98,7,3,4,1,0,1,2,2,0
171128,27,Mathematics,83,48,35,1,1,0,3,2,1,4,2,2,0,0,0,0,0,0,66,37,29,2,1,1,3,2,1,4,3,1
171128,40,Physical Sciences,148,101,47,2,0,2,0,0,0,1,0,1,3,1,2,0,0,0,121,84,37,6,4,2,3,2,1,12,10,2
171128,52,Business Management and Administrative Services,265,176,89,0,0,0,2,1,1,7,6,1,5,4,1,0,0,0,210,136,74,6,5,1,8,3,5,27,21,6
171137,13,Education,346,34,312,4,1,3,8,1,7,26,1,25,16,2,14,2,2,0,270,26,244,3,1,2,17,0,17,0,0,0
171137,14,Engineering,1368,1110,258,2,2,0,125,107,18,79,51,28,79,66,13,4,3,1,961,784,177,37,34,3,38,29,9,43,34,9
171137,26,Biological Sciences/LifeSciences,898,356,542,8,3,5,98,47,51,67,24,43,39,8,31,1,0,1,599,242,357,37,10,27,41,18,23,8,4,4
171137,27,Mathematics,94,61,33,0,0,0,6,4,2,9,4,5,5,4,1,0,0,0,65,42,23,3,2,1,5,4,1,1,1,0
171137,40,Physical Sciences,99,57,42,0,0,0,5,3,2,6,3,3,5,1,4,0,0,0,78,47,31,3,2,1,0,0,0,2,1,1
171137,52,Business Management and Administrative Services,1324,755,569,2,0,2,106,58,48,111,49,62,81,34,47,0,0,0,911,561,350,40,18,22,29,11,18,44,24,20
171146,13,Education,316,63,253,3,0,3,2,1,1,25,4,21,4,2,2,0,0,0,253,49,204,7,1,6,13,6,7,9,0,9
171146,14,Engineering,304,259,45,0,0,0,7,7,0,26,22,4,5,3,2,0,0,0,194,160,34,14,13,1,10,10,0,48,44,4
171146,26,Biological Sciences/LifeSciences,459,162,297,2,1,1,21,4,17,68,20,48,25,7,18,0,0,0,294,110,184,25,10,15,11,3,8,13,7,6
171146,27,Mathematics,25,20,5,0,0,0,0,0,0,2,1,1,0,0,0,0,0,0,19,15,4,1,1,0,0,0,0,3,3,0
171146,40,Physical Sciences,50,35,15,0,0,0,1,1,0,1,1,0,3,2,1,0,0,0,38,28,10,3,1,2,0,0,0,4,2,2
171146,52,Business Management and Administrative Services,992,564,428,10,5,5,18,11,7,112,53,59,38,18,20,2,1,1,652,358,294,27,10,17,31,21,10,102,87,15
171456,13,Education,425,138,287,6,2,4,0,0,0,3,3,0,20,7,13,0,0,0,379,116,263,10,5,5,6,4,2,1,1,0
171456,26,Biological Sciences/LifeSciences,582,208,374,6,3,3,9,3,6,9,6,3,20,12,8,0,0,0,506,171,335,17,5,12,10,5,5,5,3,2
171456,27,Mathematics,32,19,13,0,0,0,1,0,1,0,0,0,1,1,0,0,0,0,29,17,12,0,0,0,1,1,0,0,0,0
171456,40,Physical Sciences,123,50,73,2,1,1,1,0,1,0,0,0,2,1,1,0,0,0,109,44,65,5,2,3,4,2,2,0,0,0
171456,52,Business Management and Administrative Services,814,492,322,10,4,6,4,1,3,25,15,10,22,16,6,1,1,0,685,408,277,27,16,11,5,4,1,35,27,8
171483,14,Engineering,89,76,13,0,0,0,2,2,0,0,0,0,4,2,2,0,0,0,76,66,10,0,0,0,7,6,1,0,0,0
171483,52,Business Management and Administrative Services,510,230,280,14,5,9,9,5,4,5,2,3,23,12,11,0,0,0,434,196,238,6,1,5,19,9,10,0,0,0
171492,52,Business Management and Administrative Services,2628,1474,1154,11,5,6,22,12,10,261,138,123,168,80,88,7,4,3,1584,934,650,34,16,18,449,227,222,92,58,34
171571,13,Education,755,87,668,4,0,4,14,1,13,28,2,26,21,2,19,1,0,1,650,79,571,17,0,17,17,3,14,3,0,3
171571,14,Engineering,1842,1520,322,4,4,0,106,85,21,81,62,19,52,42,10,0,0,0,1320,1109,211,41,32,9,96,79,17,142,107,35
171571,26,Biological Sciences/LifeSciences,1201,484,717,2,1,1,91,38,53,80,20,60,39,20,19,3,1,2,897,370,527,32,14,18,43,16,27,14,4,10
171571,27,Mathematics,83,47,36,0,0,0,2,0,2,3,2,1,1,0,1,0,0,0,71,41,30,3,2,1,1,0,1,2,2,0
171571,40,Physical Sciences,120,77,43,0,0,0,3,2,1,6,2,4,6,5,1,0,0,0,91,59,32,6,5,1,6,3,3,2,1,1
171571,52,Business Management and Administrative Services,2977,1610,1367,4,3,1,143,69,74,197,85,112,105,55,50,5,4,1,2270,1265,1005,82,43,39,115,58,57,56,28,28
171599,13,Education,7,4,3,0,0,0,0,0,0,0,0,0,0,0,0,0,0,0,7,4,3,0,0,0,0,0,0,0,0,0
171599,26,Biological Sciences/LifeSciences,97,26,71,1,0,1,0,0,0,10,2,8,3,2,1,0,0,0,78,20,58,4,2,2,1,0,1,0,0,0
171599,52,Business Management and Administrative Services,332,236,96,2,2,0,1,1,0,45,34,11,17,11,6,0,0,0,249,172,77,14,12,2,3,3,0,1,1,0
171881,13,Education,16,5,11,0,0,0,0,0,0,0,0,0,0,0,0,0,0,0,16,5,11,0,0,0,0,0,0,0,0,0
171881,52,Business Management and Administrative Services,25,12,13,0,0,0,1,1,0,1,1,0,0,0,0,0,0,0,19,6,13,1,1,0,1,1,0,2,2,0
172051,13,Education,514,138,376,0,0,0,2,0,2,25,12,13,12,4,8,0,0,0,435,110,325,15,3,12,23,8,15,2,1,1
172051,14,Engineering,503,446,57,0,0,0,2,2,0,15,13,2,8,6,2,1,1,0,358,313,45,4,3,1,34,30,4,81,78,3
172051,26,Biological Sciences/LifeSciences,363,134,229,0,0,0,7,1,6,23,5,18,15,5,10,0,0,0,269,103,166,14,2,12,23,9,14,12,9,3
172051,27,Mathematics,59,29,30,0,0,0,1,1,0,1,0,1,2,1,1,0,0,0,48,23,25,0,0,0,2,2,0,5,2,3
172051,40,Physical Sciences,101,65,36,0,0,0,0,0,0,4,2,2,11,9,2,0,0,0,74,45,29,2,0,2,5,4,1,5,5,0
172051,52,Business Management and Administrative Services,1219,739,480,4,3,1,6,5,1,111,73,38,39,27,12,0,0,0,787,441,346,29,17,12,63,38,25,180,135,45
172200,13,Education,160,45,115,0,0,0,6,3,3,18,2,16,2,0,2,0,0,0,115,34,81,2,0,2,15,6,9,2,0,2
172200,14,Engineering,476,426,50,5,5,0,35,31,4,28,25,3,26,25,1,0,0,0,322,288,34,12,11,1,30,27,3,18,14,4
172200,52,Business Management and Administrative Services,1665,884,781,15,11,4,65,35,30,262,107,155,74,41,33,2,0,2,1065,608,457,38,19,19,106,46,60,38,17,21
172264,13,Education,85,26,59,1,0,1,0,0,0,5,3,2,4,0,4,0,0,0,62,19,43,2,0,2,11,4,7,0,0,0
172264,14,Engineering,35,28,7,0,0,0,0,0,0,8,7,1,0,0,0,0,0,0,16,12,4,3,3,0,4,2,2,4,4,0
172264,26,Biological Sciences/LifeSciences,91,27,64,1,0,1,0,0,0,11,4,7,6,1,5,0,0,0,66,21,45,1,0,1,6,1,5,0,0,0
172264,27,Mathematics,23,8,15,0,0,0,0,0,0,0,0,0,1,0,1,0,0,0,21,8,13,0,0,0,1,0,1,0,0,0
172264,40,Physical Sciences,16,7,9,0,0,0,0,0,0,0,0,0,2,0,2,0,0,0,11,6,5,0,0,0,3,1,2,0,0,0
172264,52,Business Management and Administrative Services,422,211,211,1,0,1,13,9,4,46,26,20,15,7,8,0,0,0,188,110,78,78,13,65,65,35,30,16,11,5
172334,13,Education,240,54,186,0,0,0,6,2,4,6,4,2,5,0,5,0,0,0,206,43,163,8,1,7,8,4,4,1,0,1
172334,26,Biological Sciences/LifeSciences,70,23,47,0,0,0,0,0,0,5,2,3,5,1,4,0,0,0,53,17,36,3,0,3,2,2,0,2,1,1
172334,27,Mathematics,3,2,1,0,0,0,0,0,0,0,0,0,0,0,0,0,0,0,3,2,1,0,0,0,0,0,0,0,0,0
172334,40,Physical Sciences,21,11,10,0,0,0,0,0,0,2,0,2,0,0,0,0,0,0,19,11,8,0,0,0,0,0,0,0,0,0
172334,52,Business Management and Administrative Services,454,214,240,5,1,4,3,1,2,63,32,31,18,7,11,2,0,2,324,153,171,15,9,6,21,10,11,3,1,2
172440,26,Biological Sciences/LifeSciences,25,18,7,0,0,0,0,0,0,1,1,0,2,1,1,0,0,0,16,12,4,4,3,1,1,1,0,1,0,1
172440,52,Business Management and Administrative Services,118,89,29,2,2,0,0,0,0,22,20,2,5,5,0,0,0,0,65,46,19,6,5,1,8,6,2,10,5,5
172608,52,Business Management and Administrative Services,847,417,430,3,1,2,32,14,18,48,17,31,16,8,8,2,0,2,700,355,345,11,5,6,17,10,7,18,7,11
172644,13,Education,1148,382,766,2,0,2,45,21,24,212,64,148,49,16,33,2,0,2,744,246,498,37,13,24,37,14,23,20,8,12
172644,14,Engineering,1489,1167,322,3,3,0,177,133,44,149,111,38,83,70,13,2,2,0,892,709,183,38,34,4,55,42,13,90,63,27
172644,26,Biological Sciences/LifeSciences,1649,706,943,1,1,0,231,103,128,141,40,101,70,23,47,1,0,1,1004,457,547,57,18,39,74,27,47,70,37,33
172644,27,Mathematics,113,53,60,0,0,0,9,4,5,28,10,18,7,4,3,0,0,0,54,29,25,5,3,2,5,1,4,5,2,3
172644,40,Physical Sciences,706,410,296,0,0,0,78,42,36,62,27,35,32,21,11,0,0,0,468,284,184,20,7,13,26,16,10,20,13,7
172644,52,Business Management and Administrative Services,2507,1461,1046,6,2,4,205,118,87,498,228,270,120,68,52,0,0,0,1464,922,542,71,30,41,98,60,38,45,33,12
172699,13,Education,1125,336,789,2,1,1,6,2,4,74,18,56,64,17,47,1,0,1,932,277,655,28,14,14,12,5,7,6,2,4
172699,14,Engineering,1867,1615,252,4,4,0,46,38,8,110,80,30,83,68,15,0,0,0,1335,1170,165,47,40,7,18,18,0,224,197,27
172699,26,Biological Sciences/LifeSciences,931,370,561,6,4,2,35,16,19,128,33,95,64,24,40,0,0,0,606,253,353,57,24,33,8,4,4,27,12,15
172699,27,Mathematics,69,47,22,1,1,0,0,0,0,3,2,1,3,1,2,0,0,0,60,42,18,0,0,0,1,1,0,1,0,1
172699,40,Physical Sciences,201,146,55,2,2,0,2,0,2,16,7,9,11,9,2,0,0,0,151,116,35,4,2,2,2,2,0,13,8,5
172699,52,Business Management and Administrative Services,3576,2314,1262,13,10,3,66,44,22,384,232,152,176,108,68,4,3,1,2564,1648,916,110,72,38,30,18,12,229,179,50
172866,52,Business Management and Administrative Services,10,6,4,0,0,0,1,0,1,2,1,1,0,0,0,0,0,0,5,4,1,0,0,0,2,1,1,0,0,0
173045,13,Education,246,92,154,3,1,2,15,7,8,17,7,10,14,4,10,0,0,0,136,50,86,4,1,3,54,21,33,3,1,2
173045,14,Engineering,11,9,2,0,0,0,2,2,0,2,2,0,2,1,1,0,0,0,3,2,1,0,0,0,2,2,0,0,0,0
173045,26,Biological Sciences/LifeSciences,205,85,120,0,0,0,18,5,13,30,12,18,17,10,7,1,0,1,80,33,47,4,1,3,44,21,23,11,3,8
173045,27,Mathematics,31,15,16,0,0,0,6,2,4,3,2,1,1,0,1,0,0,0,13,7,6,0,0,0,6,2,4,2,2,0
173045,40,Physical Sciences,70,45,25,1,1,0,10,6,4,5,2,3,3,3,0,0,0,0,37,25,12,1,1,0,7,4,3,6,3,3
173045,52,Business Management and Administrative Services,451,288,163,6,2,4,31,12,19,37,27,10,35,21,14,2,2,0,210,142,68,7,5,2,102,66,36,21,11,10
173124,13,Education,614,179,435,14,3,11,2,0,2,0,0,0,15,1,14,0,0,0,551,164,387,17,7,10,8,2,6,7,2,5
173124,26,Biological Sciences/LifeSciences,226,117,109,5,2,3,5,1,4,6,3,3,7,4,3,0,0,0,182,98,84,8,3,5,6,5,1,7,1,6
173124,27,Mathematics,27,18,9,0,0,0,0,0,0,2,2,0,0,0,0,0,0,0,24,15,9,1,1,0,0,0,0,0,0,0
173124,40,Physical Sciences,44,19,25,0,0,0,2,0,2,1,1,0,3,0,3,0,0,0,31,16,15,4,1,3,1,0,1,2,1,1
173124,52,Business Management and Administrative Services,914,485,429,23,8,15,8,2,6,11,10,1,16,8,8,0,0,0,777,398,379,31,23,8,18,14,4,30,22,8
173142,13,Education,30,7,23,0,0,0,0,0,0,0,0,0,2,0,2,0,0,0,28,7,21,0,0,0,0,0,0,0,0,0
173142,26,Biological Sciences/LifeSciences,35,14,21,0,0,0,0,0,0,0,0,0,2,2,0,0,0,0,32,11,21,0,0,0,1,1,0,0,0,0
173142,27,Mathematics,5,3,2,0,0,0,0,0,0,0,0,0,1,1,0,0,0,0,3,2,1,1,0,1,0,0,0,0,0,0
173142,40,Physical Sciences,12,8,4,0,0,0,0,0,0,0,0,0,0,0,0,0,0,0,9,7,2,0,0,0,0,0,0,3,1,2
173142,52,Business Management and Administrative Services,53,33,20,0,0,0,0,0,0,1,1,0,0,0,0,0,0,0,47,30,17,2,1,1,0,0,0,3,1,2
173160,13,Education,354,80,274,1,0,1,6,1,5,6,2,4,15,6,9,1,1,0,277,57,220,8,4,4,38,9,29,2,0,2
173160,14,Engineering,59,53,6,0,0,0,1,1,0,1,1,0,4,4,0,0,0,0,43,40,3,0,0,0,10,7,3,0,0,0
173160,26,Biological Sciences/LifeSciences,217,89,128,1,0,1,10,2,8,8,4,4,11,3,8,1,1,0,155,70,85,3,2,1,27,7,20,1,0,1
173160,27,Mathematics,44,24,20,0,0,0,2,1,1,0,0,0,0,0,0,0,0,0,34,17,17,0,0,0,8,6,2,0,0,0
173160,40,Physical Sciences,129,99,30,0,0,0,2,0,2,3,3,0,1,0,1,0,0,0,99,80,19,5,5,0,18,11,7,1,0,1
173160,52,Business Management and Administrative Services,597,342,255,3,0,3,10,4,6,28,16,12,32,19,13,0,0,0,424,258,166,17,11,6,82,33,49,1,1,0
173258,26,Biological Sciences/LifeSciences,100,30,70,0,0,0,21,1,20,1,0,1,3,2,1,0,0,0,63,25,38,5,0,5,3,1,2,4,1,3
173258,27,Mathematics,101,64,37,0,0,0,4,4,0,1,1,0,3,1,2,0,0,0,71,47,24,1,0,1,2,1,1,19,10,9
173258,40,Physical Sciences,161,91,70,0,0,0,12,7,5,7,5,2,9,6,3,0,0,0,104,60,44,8,3,5,4,1,3,17,9,8
173300,13,Education,307,129,178,1,1,0,3,1,2,1,0,1,5,2,3,0,0,0,279,120,159,8,2,6,10,3,7,0,0,0
173300,26,Biological Sciences/LifeSciences,318,126,192,0,0,0,5,0,5,2,1,1,4,2,2,0,0,0,285,117,168,3,2,1,12,2,10,7,2,5
173300,27,Mathematics,82,47,35,1,0,1,1,0,1,0,0,0,1,1,0,0,0,0,76,44,32,0,0,0,3,2,1,0,0,0
173300,40,Physical Sciences,112,66,46,0,0,0,1,0,1,3,3,0,2,1,1,1,0,1,96,59,37,1,0,1,4,1,3,4,2,2
173300,52,Business Management and Administrative Services,400,255,145,4,4,0,4,1,3,8,6,2,9,6,3,0,0,0,317,200,117,8,6,2,23,14,9,27,18,9
173328,13,Education,207,51,156,1,0,1,26,7,19,19,4,15,8,0,8,0,0,0,134,35,99,16,5,11,2,0,2,1,0,1
173328,14,Engineering,4,4,0,0,0,0,1,1,0,1,1,0,0,0,0,0,0,0,1,1,0,1,1,0,0,0,0,0,0,0
173328,26,Biological Sciences/LifeSciences,103,34,69,0,0,0,17,9,8,15,7,8,2,0,2,0,0,0,62,15,47,2,1,1,1,0,1,4,2,2
173328,27,Mathematics,15,11,4,0,0,0,1,1,0,1,1,0,2,2,0,0,0,0,11,7,4,0,0,0,0,0,0,0,0,0
173328,40,Physical Sciences,3,0,3,0,0,0,0,0,0,0,0,0,0,0,0,0,0,0,3,0,3,0,0,0,0,0,0,0,0,0
173328,52,Business Management and Administrative Services,666,320,346,1,0,1,51,15,36,65,30,35,20,6,14,2,1,1,422,192,230,21,11,10,13,3,10,71,62,9
173452,13,Education,557,184,373,1,0,1,4,1,3,9,4,5,6,2,4,0,0,0,520,170,350,2,2,0,2,1,1,13,4,9
173489,52,Business Management and Administrative Services,15,5,10,0,0,0,0,0,0,0,0,0,0,0,0,0,0,0,15,5,10,0,0,0,0,0,0,0,0,0
173647,13,Education,81,29,52,0,0,0,1,0,1,0,0,0,1,1,0,0,0,0,74,27,47,4,1,3,1,0,1,0,0,0
173647,26,Biological Sciences/LifeSciences,204,81,123,0,0,0,17,6,11,1,1,0,8,7,1,0,0,0,166,61,105,8,4,4,1,1,0,3,1,2
173647,27,Mathematics,57,40,17,0,0,0,1,1,0,1,1,0,4,4,0,0,0,0,48,33,15,0,0,0,0,0,0,3,1,2
173647,40,Physical Sciences,93,57,36,0,0,0,2,1,1,1,1,0,3,3,0,0,0,0,82,50,32,3,2,1,0,0,0,2,0,2
173647,52,Business Management and Administrative Services,200,126,74,0,0,0,3,1,2,4,2,2,5,3,2,0,0,0,161,104,57,8,7,1,1,1,0,18,8,10
173665,13,Education,61,24,37,1,1,0,0,0,0,6,4,2,4,1,3,0,0,0,46,16,30,4,2,2,0,0,0,0,0,0
173665,26,Biological Sciences/LifeSciences,75,26,49,0,0,0,2,0,2,2,0,2,2,0,2,0,0,0,58,22,36,8,3,5,3,1,2,0,0,0
173665,27,Mathematics,17,12,5,0,0,0,1,1,0,0,0,0,2,1,1,0,0,0,13,10,3,1,0,1,0,0,0,0,0,0
173665,40,Physical Sciences,45,28,17,0,0,0,2,1,1,1,0,1,2,2,0,0,0,0,35,21,14,2,2,0,2,1,1,1,1,0
173665,52,Business Management and Administrative Services,194,115,79,1,0,1,15,7,8,9,8,1,10,7,3,0,0,0,140,79,61,7,6,1,5,5,0,7,3,4
173887,52,Business Management and Administrative Services,24,4,20,1,0,1,2,0,2,5,0,5,2,0,2,0,0,0,13,4,9,0,0,0,1,0,1,0,0,0
173902,13,Education,35,9,26,0,0,0,4,0,4,0,0,0,1,0,1,0,0,0,23,7,16,3,2,1,0,0,0,4,0,4
173902,26,Biological Sciences/LifeSciences,125,46,79,0,0,0,8,1,7,7,4,3,10,4,6,0,0,0,84,33,51,5,0,5,0,0,0,11,4,7
173902,27,Mathematics,116,63,53,0,0,0,5,1,4,0,0,0,6,3,3,1,0,1,56,34,22,7,5,2,0,0,0,41,20,21
173902,40,Physical Sciences,86,45,41,0,0,0,6,2,4,3,2,1,5,3,2,0,0,0,57,30,27,5,4,1,0,0,0,10,4,6
173920,13,Education,1043,299,744,3,0,3,26,11,15,32,16,16,45,14,31,0,0,0,899,248,651,26,5,21,9,5,4,3,0,3
173920,14,Engineering,728,656,72,1,1,0,25,24,1,35,31,4,33,31,2,0,0,0,441,396,45,11,9,2,7,7,0,175,157,18
173920,26,Biological Sciences/LifeSciences,661,249,412,0,0,0,29,13,16,63,28,35,34,15,19,0,0,0,452,165,287,29,6,23,4,1,3,50,21,29
173920,27,Mathematics,79,51,28,0,0,0,3,1,2,3,3,0,4,4,0,0,0,0,52,35,17,2,1,1,1,0,1,14,7,7
173920,40,Physical Sciences,103,62,41,0,0,0,9,4,5,4,3,1,2,2,0,1,0,1,68,42,26,5,2,3,1,1,0,13,8,5
173920,52,Business Management and Administrative Services,2058,1350,708,4,1,3,63,35,28,77,55,22,84,57,27,2,0,2,1561,1034,527,51,31,20,33,25,8,183,112,71
173984,52,Business Management and Administrative Services,26,6,20,0,0,0,4,1,3,2,1,1,2,1,1,0,0,0,17,3,14,0,0,0,0,0,0,1,0,1
174020,13,Education,284,69,215,5,2,3,38,7,31,86,19,67,24,5,19,0,0,0,113,31,82,17,5,12,0,0,0,1,0,1
174020,26,Biological Sciences/LifeSciences,94,35,59,0,0,0,22,9,13,21,8,13,5,1,4,0,0,0,36,12,24,5,2,3,1,1,0,4,2,2
174020,27,Mathematics,21,15,6,0,0,0,2,1,1,4,4,0,1,1,0,0,0,0,12,7,5,1,1,0,0,0,0,1,1,0
174020,40,Physical Sciences,37,16,21,1,0,1,7,3,4,8,3,5,3,1,2,0,0,0,16,9,7,0,0,0,0,0,0,2,0,2
174020,52,Business Management and Administrative Services,998,466,532,3,0,3,148,56,92,146,102,44,49,17,32,0,0,0,563,251,312,27,16,11,6,4,2,56,20,36
174066,13,Education,717,267,450,1,1,0,63,21,42,53,30,23,30,13,17,0,0,0,519,183,336,23,4,19,2,1,1,26,14,12
174066,14,Engineering,4383,3210,1173,3,1,2,416,282,134,75,63,12,97,65,32,3,3,0,3136,2290,846,139,99,40,34,26,8,480,381,99
174066,26,Biological Sciences/LifeSciences,3140,1248,1892,4,2,2,456,173,283,155,55,100,111,49,62,0,0,0,2167,863,1304,127,58,69,15,5,10,105,43,62
174066,27,Mathematics,647,391,256,1,1,0,45,23,22,6,3,3,12,8,4,0,0,0,326,223,103,19,12,7,3,2,1,235,119,116
174066,40,Physical Sciences,395,279,116,2,2,0,28,15,13,7,5,2,17,12,5,0,0,0,273,193,80,10,7,3,2,1,1,56,44,12
174066,52,Business Management and Administrative Services,1544,675,869,1,1,0,109,33,76,40,14,26,37,16,21,1,0,1,1166,540,626,47,23,24,2,1,1,141,47,94
174075,13,Education,70,15,55,7,1,6,0,0,0,2,2,0,1,0,1,0,0,0,53,12,41,4,0,4,0,0,0,3,0,3
174075,14,Engineering,49,47,2,0,0,0,1,1,0,5,4,1,1,1,0,0,0,0,23,23,0,1,1,0,3,3,0,15,14,1
174075,26,Biological Sciences/LifeSciences,27,13,14,0,0,0,1,1,0,2,2,0,1,1,0,0,0,0,13,6,7,2,0,2,0,0,0,8,3,5
174075,52,Business Management and Administrative Services,754,430,324,4,2,2,27,13,14,49,34,15,25,13,12,0,0,0,571,321,250,12,11,1,18,11,7,48,25,23
174127,52,Business Management and Administrative Services,41,11,30,1,0,1,1,0,1,2,1,1,3,1,2,0,0,0,25,7,18,0,0,0,9,2,7,0,0,0
174154,52,Business Management and Administrative Services,11,5,6,0,0,0,1,0,1,2,0,2,0,0,0,0,0,0,8,5,3,0,0,0,0,0,0,0,0,0
174233,13,Education,677,188,489,4,2,2,11,6,5,2,1,1,16,5,11,0,0,0,620,165,455,22,8,14,2,1,1,0,0,0
174233,14,Engineering,1262,1098,164,4,4,0,32,26,6,21,17,4,25,22,3,2,2,0,1116,979,137,11,8,3,11,10,1,40,30,10
174233,26,Biological Sciences/LifeSciences,866,346,520,1,1,0,53,18,35,44,16,28,21,6,15,0,0,0,697,285,412,33,13,20,4,1,3,13,6,7
174233,27,Mathematics,141,89,52,2,2,0,3,1,2,1,1,0,2,1,1,1,1,0,109,70,39,4,1,3,2,1,1,17,11,6
174233,40,Physical Sciences,262,165,97,2,0,2,17,8,9,4,2,2,8,7,1,0,0,0,219,139,80,5,4,1,0,0,0,7,5,2
174233,52,Business Management and Administrative Services,883,590,293,2,1,1,18,10,8,10,4,6,24,15,9,0,0,0,787,537,250,21,14,7,3,3,0,18,6,12
174251,13,Education,79,17,62,6,3,3,1,0,1,0,0,0,2,0,2,0,0,0,62,14,48,6,0,6,0,0,0,2,0,2
174251,26,Biological Sciences/LifeSciences,277,84,193,8,1,7,12,6,6,14,6,8,11,3,8,0,0,0,195,54,141,28,11,17,1,1,0,8,2,6
174251,27,Mathematics,76,43,33,3,0,3,2,2,0,0,0,0,2,0,2,0,0,0,44,29,15,6,3,3,0,0,0,19,9,10
174251,40,Physical Sciences,134,66,68,8,5,3,3,0,3,1,0,1,9,6,3,0,0,0,89,45,44,19,7,12,0,0,0,5,3,2
174251,52,Business Management and Administrative Services,94,55,39,5,3,2,2,2,0,2,1,1,4,1,3,0,0,0,24,12,12,17,13,4,0,0,0,40,23,17
174358,13,Education,878,205,673,4,3,1,7,2,5,9,4,5,21,6,15,0,0,0,781,178,603,22,6,16,28,6,22,6,0,6
174358,26,Biological Sciences/LifeSciences,250,85,165,5,2,3,5,2,3,7,4,3,13,6,7,2,1,1,157,52,105,10,5,5,6,2,4,45,11,34
174358,27,Mathematics,18,10,8,0,0,0,0,0,0,0,0,0,0,0,0,0,0,0,13,6,7,2,1,1,0,0,0,3,3,0
174358,40,Physical Sciences,94,64,30,1,1,0,1,1,0,4,4,0,2,1,1,0,0,0,58,40,18,7,5,2,2,1,1,19,11,8
174358,52,Business Management and Administrative Services,755,487,268,4,1,3,6,3,3,35,29,6,22,16,6,0,0,0,537,351,186,18,11,7,27,20,7,106,56,50
174385,52,Business Management and Administrative Services,152,51,101,7,3,4,18,10,8,55,16,39,4,1,3,0,0,0,58,19,39,1,0,1,9,2,7,0,0,0
174394,52,Business Management and Administrative Services,1,1,0,0,0,0,0,0,0,1,1,0,0,0,0,0,0,0,0,0,0,0,0,0,0,0,0,0,0,0
174437,13,Education,97,17,80,1,0,1,2,1,1,1,0,1,4,0,4,1,0,1,81,16,65,3,0,3,3,0,3,1,0,1
174437,27,Mathematics,7,6,1,0,0,0,0,0,0,1,1,0,0,0,0,0,0,0,5,5,0,0,0,0,0,0,0,1,0,1
174437,52,Business Management and Administrative Services,140,85,55,0,0,0,2,1,1,5,3,2,14,9,5,0,0,0,110,65,45,2,2,0,7,5,2,0,0,0
174491,13,Education,217,44,173,0,0,0,11,0,11,2,0,2,8,2,6,0,0,0,189,39,150,4,1,3,1,1,0,2,1,1
174491,14,Engineering,42,35,7,0,0,0,1,1,0,3,3,0,4,4,0,0,0,0,31,25,6,1,1,0,1,1,0,1,0,1
174491,26,Biological Sciences/LifeSciences,133,39,94,0,0,0,7,3,4,1,1,0,6,1,5,0,0,0,109,32,77,5,1,4,3,1,2,2,0,2
174491,27,Mathematics,54,46,8,0,0,0,0,0,0,1,1,0,2,2,0,0,0,0,48,41,7,1,0,1,0,0,0,2,2,0
174491,52,Business Management and Administrative Services,342,213,129,1,1,0,10,6,4,10,7,3,13,9,4,0,0,0,290,180,110,6,2,4,7,3,4,5,5,0
174507,26,Biological Sciences/LifeSciences,27,13,14,0,0,0,3,3,0,1,1,0,0,0,0,0,0,0,10,4,6,1,0,1,12,5,7,0,0,0
174525,52,Business Management and Administrative Services,12,6,6,1,1,0,0,0,0,1,1,0,0,0,0,0,0,0,10,4,6,0,0,0,0,0,0,0,0,0
174747,13,Education,148,0,148,1,0,1,7,0,7,1,0,1,8,0,8,0,0,0,130,0,130,0,0,0,0,0,0,1,0,1
174747,26,Biological Sciences/LifeSciences,296,0,296,3,0,3,17,0,17,12,0,12,22,0,22,0,0,0,233,0,233,0,0,0,0,0,0,9,0,9
174747,27,Mathematics,29,0,29,0,0,0,0,0,0,0,0,0,3,0,3,0,0,0,24,0,24,0,0,0,0,0,0,2,0,2
174747,40,Physical Sciences,51,0,51,0,0,0,4,0,4,3,0,3,4,0,4,0,0,0,32,0,32,3,0,3,0,0,0,5,0,5
174747,52,Business Management and Administrative Services,249,0,249,1,0,1,14,0,14,3,0,3,19,0,19,0,0,0,194,0,194,1,0,1,0,0,0,17,0,17
174783,13,Education,1094,326,768,5,2,3,24,6,18,22,6,16,45,16,29,0,0,0,939,274,665,44,18,26,9,1,8,6,3,3
174783,14,Engineering,633,578,55,1,1,0,60,55,5,43,40,3,23,21,2,1,1,0,364,333,31,10,10,0,5,4,1,126,113,13
174783,26,Biological Sciences/LifeSciences,559,239,320,2,1,1,50,24,26,45,14,31,26,15,11,0,0,0,352,145,207,17,8,9,6,3,3,61,29,32
174783,27,Mathematics,67,45,22,1,1,0,3,3,0,4,3,1,1,1,0,0,0,0,46,29,17,4,3,1,1,1,0,7,4,3
174783,40,Physical Sciences,178,122,56,0,0,0,4,3,1,10,8,2,8,5,3,0,0,0,142,101,41,5,2,3,1,0,1,8,3,5
174783,52,Business Management and Administrative Services,1853,1126,727,4,3,1,118,77,41,135,106,29,51,34,17,2,1,1,1107,649,458,39,23,16,6,4,2,391,229,162
174792,13,Education,27,27,0,1,1,0,0,0,0,0,0,0,1,1,0,0,0,0,23,23,0,0,0,0,0,0,0,2,2,0
174792,26,Biological Sciences/LifeSciences,203,203,0,4,4,0,9,9,0,8,8,0,9,9,0,0,0,0,168,168,0,1,1,0,0,0,0,4,4,0
174792,27,Mathematics,59,59,0,1,1,0,2,2,0,1,1,0,5,5,0,0,0,0,43,43,0,0,0,0,0,0,0,7,7,0
174792,40,Physical Sciences,96,96,0,1,1,0,2,2,0,2,2,0,7,7,0,0,0,0,79,79,0,1,1,0,0,0,0,4,4,0
174792,52,Business Management and Administrative Services,544,544,0,0,0,0,8,8,0,19,19,0,33,33,0,3,3,0,462,462,0,1,1,0,0,0,0,18,18,0
174817,13,Education,89,23,66,0,0,0,2,0,2,1,0,1,3,1,2,0,0,0,63,16,47,0,0,0,19,5,14,1,1,0
174817,26,Biological Sciences/LifeSciences,86,30,56,0,0,0,0,0,0,5,1,4,4,2,2,0,0,0,63,23,40,0,0,0,9,2,7,5,2,3
174817,27,Mathematics,12,7,5,0,0,0,0,0,0,0,0,0,0,0,0,0,0,0,9,5,4,0,0,0,3,2,1,0,0,0
174817,40,Physical Sciences,17,11,6,1,1,0,1,0,1,0,0,0,1,1,0,0,0,0,11,8,3,0,0,0,2,0,2,1,1,0
174817,52,Business Management and Administrative Services,446,227,219,2,1,1,4,1,3,26,15,11,17,7,10,0,0,0,241,125,116,6,3,3,135,65,70,15,10,5
174844,13,Education,36,18,18,0,0,0,3,1,2,2,1,1,5,2,3,0,0,0,22,11,11,2,1,1,1,1,0,1,1,0
174844,26,Biological Sciences/LifeSciences,261,88,173,0,0,0,26,8,18,4,1,3,8,2,6,0,0,0,195,67,128,13,3,10,2,1,1,13,6,7
174844,27,Mathematics,186,101,85,0,0,0,7,5,2,1,1,0,2,0,2,0,0,0,147,83,64,2,0,2,4,1,3,23,11,12
174844,40,Physical Sciences,193,101,92,0,0,0,11,4,7,2,0,2,2,1,1,0,0,0,147,83,64,8,2,6,2,0,2,21,11,10
174862,13,Education,82,20,62,0,0,0,2,1,1,2,2,0,4,0,4,0,0,0,73,17,56,0,0,0,0,0,0,1,0,1
174862,26,Biological Sciences/LifeSciences,21,8,13,2,2,0,1,0,1,2,0,2,1,1,0,0,0,0,11,4,7,0,0,0,0,0,0,4,1,3
174862,52,Business Management and Administrative Services,93,53,40,0,0,0,5,2,3,7,3,4,9,4,5,0,0,0,61,36,25,1,1,0,1,0,1,9,7,2
174899,13,Education,122,30,92,1,0,1,1,1,0,1,1,0,3,1,2,0,0,0,110,26,84,4,1,3,1,0,1,1,0,1
174899,26,Biological Sciences/LifeSciences,424,160,264,6,3,3,9,4,5,9,1,8,11,6,5,0,0,0,359,130,229,13,8,5,2,0,2,15,8,7
174899,27,Mathematics,15,10,5,0,0,0,0,0,0,0,0,0,0,0,0,0,0,0,14,9,5,0,0,0,0,0,0,1,1,0
174899,40,Physical Sciences,27,15,12,0,0,0,0,0,0,1,0,1,3,1,2,0,0,0,20,13,7,0,0,0,0,0,0,3,1,2
174899,52,Business Management and Administrative Services,307,153,154,3,0,3,5,2,3,8,5,3,8,4,4,0,0,0,252,122,130,14,8,6,0,0,0,17,12,5
174914,13,Education,170,37,133,0,0,0,3,0,3,1,0,1,7,1,6,0,0,0,154,35,119,4,1,3,1,0,1,0,0,0
174914,14,Engineering,642,548,94,1,1,0,34,29,5,25,23,2,28,26,2,1,1,0,478,400,78,19,15,4,10,8,2,46,45,1
174914,26,Biological Sciences/LifeSciences,553,220,333,0,0,0,31,10,21,23,11,12,24,7,17,0,0,0,444,180,264,18,6,12,7,4,3,6,2,4
174914,27,Mathematics,67,23,44,0,0,0,2,0,2,1,1,0,3,3,0,0,0,0,54,16,38,0,0,0,2,0,2,5,3,2
174914,40,Physical Sciences,105,65,40,0,0,0,3,1,2,1,0,1,4,1,3,0,0,0,87,56,31,5,4,1,1,0,1,4,3,1
174914,52,Business Management and Administrative Services,2315,1420,895,1,1,0,82,39,43,42,31,11,75,46,29,0,0,0,1978,1217,761,55,36,19,25,14,11,57,36,21
175005,13,Education,88,0,88,0,0,0,8,0,8,4,0,4,7,0,7,0,0,0,61,0,61,4,0,4,4,0,4,0,0,0
175005,26,Biological Sciences/LifeSciences,127,0,127,1,0,1,19,0,19,12,0,12,18,0,18,0,0,0,64,0,64,7,0,7,4,0,4,2,0,2
175005,27,Mathematics,15,0,15,0,0,0,3,0,3,2,0,2,2,0,2,0,0,0,6,0,6,0,0,0,0,0,0,2,0,2
175005,40,Physical Sciences,45,0,45,0,0,0,8,0,8,9,0,9,2,0,2,0,0,0,23,0,23,0,0,0,0,0,0,3,0,3
175005,52,Business Management and Administrative Services,264,0,264,2,0,2,45,0,45,15,0,15,23,0,23,1,0,1,163,0,163,6,0,6,8,0,8,1,0,1
175014,13,Education,186,5,181,7,0,7,4,0,4,15,1,14,0,0,0,0,0,0,133,1,132,0,0,0,27,3,24,0,0,0
175014,14,Engineering,24,18,6,0,0,0,0,0,0,3,2,1,0,0,0,1,1,0,18,14,4,0,0,0,2,1,1,0,0,0
175014,52,Business Management and Administrative Services,776,295,481,18,9,9,31,6,25,68,28,40,2,0,2,2,0,2,555,212,343,3,1,2,97,39,58,0,0,0
175078,13,Education,513,91,422,3,0,3,10,2,8,8,3,5,16,1,15,0,0,0,458,82,376,8,1,7,10,2,8,0,0,0
175078,26,Biological Sciences/LifeSciences,145,51,94,2,0,2,9,3,6,14,5,9,10,4,6,0,0,0,84,28,56,3,1,2,1,0,1,22,10,12
175078,27,Mathematics,14,9,5,0,0,0,1,1,0,0,0,0,0,0,0,0,0,0,11,7,4,0,0,0,0,0,0,2,1,1
175078,40,Physical Sciences,16,8,8,0,0,0,2,2,0,1,0,1,1,1,0,0,0,0,10,4,6,1,0,1,0,0,0,1,1,0
175078,52,Business Management and Administrative Services,439,225,214,2,2,0,11,2,9,20,14,6,21,10,11,1,1,0,309,157,152,9,5,4,10,5,5,56,29,27
175227,14,Engineering,77,75,2,0,0,0,16,16,0,5,5,0,0,0,0,0,0,0,50,48,2,2,2,0,4,4,0,0,0,0
175227,52,Business Management and Administrative Services,207,185,22,0,0,0,7,5,2,12,9,3,8,8,0,0,0,0,164,152,12,7,6,1,9,5,4,0,0,0
175272,13,Education,741,179,562,2,0,2,5,2,3,12,7,5,15,6,9,0,0,0,686,161,525,10,3,7,5,0,5,6,0,6
175272,14,Engineering,125,108,17,0,0,0,1,0,1,1,1,0,1,1,0,0,0,0,108,95,13,2,1,1,2,2,0,10,8,2
175272,26,Biological Sciences/LifeSciences,424,160,264,1,1,0,12,4,8,6,3,3,19,5,14,1,0,1,343,129,214,13,4,9,8,5,3,21,9,12
175272,27,Mathematics,37,27,10,0,0,0,0,0,0,2,2,0,0,0,0,0,0,0,32,22,10,0,0,0,0,0,0,3,3,0
175272,40,Physical Sciences,123,81,42,1,0,1,1,0,1,2,2,0,2,2,0,0,0,0,108,71,37,2,1,1,2,1,1,5,4,1
175272,52,Business Management and Administrative Services,1109,657,452,2,1,1,19,6,13,23,17,6,33,22,11,1,1,0,935,554,381,20,13,7,12,8,4,64,35,29
175342,13,Education,127,43,84,0,0,0,0,0,0,120,42,78,1,0,1,1,0,1,3,0,3,0,0,0,0,0,0,2,1,1
175342,26,Biological Sciences/LifeSciences,698,120,578,1,1,0,2,1,1,662,109,553,8,1,7,2,1,1,10,4,6,7,1,6,0,0,0,6,2,4
175342,27,Mathematics,17,8,9,0,0,0,0,0,0,12,6,6,1,1,0,0,0,0,2,0,2,0,0,0,0,0,0,2,1,1
175342,40,Physical Sciences,44,13,31,0,0,0,0,0,0,40,12,28,1,1,0,0,0,0,2,0,2,0,0,0,0,0,0,1,0,1
175342,52,Business Management and Administrative Services,291,137,154,0,0,0,0,0,0,262,120,142,4,3,1,2,0,2,7,2,5,3,2,1,0,0,0,13,10,3
175421,13,Education,44,6,38,3,0,3,0,0,0,12,2,10,3,0,3,0,0,0,22,3,19,0,0,0,3,0,3,1,1,0
175421,26,Biological Sciences/LifeSciences,64,21,43,0,0,0,1,1,0,18,2,16,3,2,1,1,0,1,28,10,18,3,2,1,4,1,3,6,3,3
175421,27,Mathematics,25,19,6,0,0,0,0,0,0,9,6,3,0,0,0,0,0,0,11,8,3,2,2,0,2,2,0,1,1,0
175421,40,Physical Sciences,24,7,17,0,0,0,0,0,0,6,4,2,1,0,1,0,0,0,16,2,14,0,0,0,0,0,0,1,1,0
175421,52,Business Management and Administrative Services,507,194,313,3,0,3,3,1,2,242,73,169,27,10,17,0,0,0,150,76,74,6,2,4,48,12,36,28,20,8
175430,13,Education,188,62,126,0,0,0,0,0,0,13,5,8,3,0,3,0,0,0,170,57,113,2,0,2,0,0,0,0,0,0
175430,26,Biological Sciences/LifeSciences,60,29,31,1,1,0,1,0,1,5,2,3,2,2,0,0,0,0,48,22,26,3,2,1,0,0,0,0,0,0
175430,27,Mathematics,6,3,3,0,0,0,0,0,0,0,0,0,0,0,0,0,0,0,6,3,3,0,0,0,0,0,0,0,0,0
175430,52,Business Management and Administrative Services,85,53,32,1,1,0,0,0,0,14,7,7,3,2,1,0,0,0,59,37,22,0,0,0,0,0,0,8,6,2
175616,13,Education,538,245,293,1,1,0,2,0,2,192,113,79,15,7,8,1,1,0,298,109,189,4,3,1,1,1,0,24,10,14
175616,26,Biological Sciences/LifeSciences,195,66,129,0,0,0,3,2,1,73,24,49,4,4,0,0,0,0,100,30,70,3,1,2,2,1,1,10,4,6
175616,27,Mathematics,22,18,4,1,1,0,1,1,0,4,3,1,1,1,0,0,0,0,13,11,2,0,0,0,0,0,0,2,1,1
175616,40,Physical Sciences,39,17,22,0,0,0,1,0,1,8,2,6,0,0,0,0,0,0,29,15,14,0,0,0,0,0,0,1,0,1
175616,52,Business Management and Administrative Services,393,222,171,1,1,0,3,2,1,136,62,74,7,4,3,0,0,0,193,118,75,4,2,2,2,1,1,47,32,15
175856,13,Education,1184,287,897,8,0,8,1,0,1,1122,271,851,6,3,3,0,0,0,38,9,29,8,3,5,0,0,0,1,1,0
175856,14,Engineering,543,416,127,0,0,0,2,1,1,443,342,101,3,2,1,0,0,0,42,36,6,5,4,1,0,0,0,48,31,17
175856,26,Biological Sciences/LifeSciences,1074,272,802,4,1,3,3,0,3,990,250,740,7,0,7,0,0,0,31,6,25,14,5,9,0,0,0,25,10,15
175856,27,Mathematics,66,29,37,1,0,1,0,0,0,63,29,34,0,0,0,0,0,0,0,0,0,0,0,0,0,0,0,2,0,2
175856,40,Physical Sciences,239,74,165,3,2,1,1,1,0,210,59,151,1,1,0,0,0,0,9,4,5,4,2,2,0,0,0,11,5,6
175856,52,Business Management and Administrative Services,1031,461,570,0,0,0,2,2,0,934,406,528,10,10,0,0,0,0,43,22,21,11,1,10,0,0,0,31,20,11
175980,13,Education,14,1,13,0,0,0,0,0,0,1,0,1,0,0,0,0,0,0,13,1,12,0,0,0,0,0,0,0,0,0
175980,26,Biological Sciences/LifeSciences,107,45,62,2,0,2,9,3,6,11,7,4,6,2,4,0,0,0,73,30,43,1,0,1,3,2,1,2,1,1
175980,27,Mathematics,18,11,7,0,0,0,2,1,1,1,1,0,1,1,0,0,0,0,10,5,5,0,0,0,0,0,0,4,3,1
175980,40,Physical Sciences,19,15,4,0,0,0,0,0,0,1,0,1,1,0,1,0,0,0,14,12,2,0,0,0,1,1,0,2,2,0
175980,52,Business Management and Administrative Services,120,75,45,2,0,2,4,2,2,9,6,3,7,4,3,0,0,0,86,57,29,0,0,0,3,0,3,9,6,3
176017,13,Education,950,132,818,3,0,3,6,0,6,71,15,56,24,2,22,8,8,0,816,104,712,18,2,16,0,0,0,4,1,3
176017,14,Engineering,1241,958,283,3,2,1,19,12,7,90,62,28,42,32,10,1,1,0,928,734,194,36,25,11,0,0,0,122,90,32
176017,26,Biological Sciences/LifeSciences,1117,415,702,2,0,2,63,24,39,215,70,145,40,12,28,0,0,0,768,303,465,19,4,15,0,0,0,10,2,8
176017,27,Mathematics,85,36,49,1,1,0,2,0,2,13,7,6,1,0,1,1,1,0,64,26,38,1,0,1,0,0,0,2,1,1
176017,40,Physical Sciences,412,181,231,1,0,1,13,7,6,36,8,28,17,6,11,2,1,1,319,151,168,14,6,8,0,0,0,10,2,8
176017,52,Business Management and Administrative Services,3857,2254,1603,11,7,4,51,32,19,267,109,158,120,69,51,5,3,2,3242,1939,1303,73,42,31,0,0,0,88,53,35
176035,13,Education,128,9,119,0,0,0,0,0,0,42,3,39,0,0,0,0,0,0,85,5,80,0,0,0,0,0,0,1,1,0
176035,26,Biological Sciences/LifeSciences,115,19,96,0,0,0,2,1,1,41,1,40,1,0,1,0,0,0,41,5,36,0,0,0,0,0,0,30,12,18
176035,27,Mathematics,27,19,8,0,0,0,0,0,0,2,0,2,0,0,0,0,0,0,3,0,3,0,0,0,0,0,0,22,19,3
176035,40,Physical Sciences,10,6,4,0,0,0,0,0,0,1,0,1,0,0,0,0,0,0,4,2,2,0,0,0,0,0,0,5,4,1
176035,52,Business Management and Administrative Services,355,87,268,3,1,2,2,0,2,117,21,96,3,0,3,0,0,0,183,39,144,1,0,1,0,0,0,46,26,20
176044,13,Education,237,46,191,0,0,0,0,0,0,219,42,177,4,2,2,0,0,0,7,1,6,0,0,0,7,1,6,0,0,0
176044,26,Biological Sciences/LifeSciences,208,50,158,0,0,0,0,0,0,185,47,138,6,3,3,0,0,0,4,0,4,3,0,3,10,0,10,0,0,0
176044,27,Mathematics,36,21,15,0,0,0,0,0,0,34,20,14,1,1,0,0,0,0,1,0,1,0,0,0,0,0,0,0,0,0
176044,40,Physical Sciences,11,4,7,0,0,0,1,1,0,8,2,6,0,0,0,0,0,0,1,1,0,1,0,1,0,0,0,0,0,0
176044,52,Business Management and Administrative Services,266,128,138,0,0,0,2,1,1,238,111,127,3,2,1,1,1,0,12,5,7,2,2,0,8,6,2,0,0,0
176053,13,Education,280,48,232,2,0,2,1,1,0,29,5,24,8,0,8,0,0,0,231,41,190,0,0,0,3,0,3,6,1,5
176053,14,Engineering,30,25,5,0,0,0,1,1,0,2,2,0,1,1,0,1,1,0,24,19,5,0,0,0,0,0,0,1,1,0
176053,26,Biological Sciences/LifeSciences,384,151,233,1,1,0,30,8,22,60,18,42,15,4,11,0,0,0,261,110,151,2,1,1,8,4,4,7,5,2
176053,27,Mathematics,33,16,17,0,0,0,1,0,1,6,3,3,0,0,0,0,0,0,23,12,11,1,0,1,0,0,0,2,1,1
176053,40,Physical Sciences,65,36,29,1,0,1,1,0,1,6,4,2,2,1,1,0,0,0,51,27,24,0,0,0,0,0,0,4,4,0
176053,52,Business Management and Administrative Services,557,333,224,4,3,1,9,6,3,94,37,57,14,8,6,1,1,0,336,202,134,3,1,2,5,2,3,91,73,18
176080,13,Education,1261,274,987,8,0,8,2,1,1,208,72,136,23,4,19,1,1,0,1001,191,810,15,3,12,2,1,1,1,1,0
176080,14,Engineering,3503,2736,767,13,12,1,93,70,23,417,298,119,116,85,31,1,1,0,2713,2151,562,54,38,16,24,24,0,72,57,15
176080,26,Biological Sciences/LifeSciences,1586,428,1158,5,0,5,27,8,19,410,87,323,45,12,33,0,0,0,1048,309,739,38,8,30,2,0,2,11,4,7
176080,27,Mathematics,67,24,43,1,1,0,2,1,1,14,4,10,2,0,2,0,0,0,43,16,27,0,0,0,0,0,0,5,2,3
176080,40,Physical Sciences,662,355,307,0,0,0,6,4,2,69,28,41,46,15,31,2,1,1,504,289,215,15,9,6,3,2,1,17,7,10
176080,52,Business Management and Administrative Services,2582,1525,1057,11,6,5,32,20,12,440,192,248,73,37,36,1,1,0,1947,1225,722,28,16,12,6,4,2,44,24,20
176318,13,Education,157,46,111,0,0,0,0,0,0,157,46,111,0,0,0,0,0,0,0,0,0,0,0,0,0,0,0,0,0,0
176318,26,Biological Sciences/LifeSciences,221,61,160,0,0,0,0,0,0,214,54,160,0,0,0,0,0,0,0,0,0,0,0,0,4,4,0,3,3,0
176318,27,Mathematics,9,6,3,0,0,0,0,0,0,8,5,3,0,0,0,0,0,0,1,1,0,0,0,0,0,0,0,0,0,0
176318,40,Physical Sciences,272,88,184,0,0,0,0,0,0,261,85,176,0,0,0,1,1,0,1,0,1,0,0,0,7,2,5,2,0,2
176318,52,Business Management and Administrative Services,154,89,65,0,0,0,0,0,0,148,86,62,0,0,0,0,0,0,1,0,1,0,0,0,5,3,2,0,0,0
176336,52,Business Management and Administrative Services,3,1,2,0,0,0,0,0,0,0,0,0,0,0,0,0,0,0,3,1,2,0,0,0,0,0,0,0,0,0
176372,13,Education,939,204,735,2,1,1,7,2,5,180,58,122,25,6,19,0,0,0,691,125,566,21,5,16,9,4,5,4,3,1
176372,14,Engineering,53,40,13,0,0,0,0,0,0,3,2,1,4,3,1,0,0,0,38,28,10,3,3,0,0,0,0,5,4,1
176372,26,Biological Sciences/LifeSciences,703,213,490,3,1,2,21,8,13,177,46,131,18,1,17,0,0,0,445,152,293,24,2,22,2,1,1,13,2,11
176372,27,Mathematics,95,36,59,0,0,0,2,0,2,15,5,10,2,0,2,0,0,0,73,29,44,0,0,0,2,2,0,1,0,1
176372,40,Physical Sciences,302,162,140,0,0,0,10,3,7,55,14,41,11,6,5,0,0,0,212,129,83,5,2,3,2,2,0,7,6,1
176372,52,Business Management and Administrative Services,2046,908,1138,6,4,2,24,10,14,542,206,336,75,33,42,1,0,1,1275,597,678,50,25,25,15,4,11,58,29,29
176406,13,Education,74,4,70,0,0,0,0,0,0,74,4,70,0,0,0,0,0,0,0,0,0,0,0,0,0,0,0,0,0,0
176406,26,Biological Sciences/LifeSciences,160,43,117,0,0,0,0,0,0,160,43,117,0,0,0,0,0,0,0,0,0,0,0,0,0,0,0,0,0,0
176406,27,Mathematics,12,8,4,0,0,0,0,0,0,12,8,4,0,0,0,0,0,0,0,0,0,0,0,0,0,0,0,0,0,0
176406,40,Physical Sciences,39,13,26,0,0,0,0,0,0,39,13,26,0,0,0,0,0,0,0,0,0,0,0,0,0,0,0,0,0,0
176479,13,Education,320,73,247,2,1,1,4,3,1,86,18,68,3,1,2,0,0,0,219,50,169,0,0,0,5,0,5,1,0,1
176479,26,Biological Sciences/LifeSciences,254,82,172,3,0,3,5,0,5,67,16,51,5,3,2,0,0,0,157,57,100,0,0,0,5,1,4,12,5,7
176479,27,Mathematics,28,12,16,0,0,0,0,0,0,6,1,5,0,0,0,0,0,0,16,8,8,0,0,0,1,0,1,5,3,2
176479,40,Physical Sciences,12,6,6,0,0,0,0,0,0,6,2,4,0,0,0,0,0,0,5,3,2,0,0,0,0,0,0,1,1,0
176479,52,Business Management and Administrative Services,267,154,113,0,0,0,1,0,1,84,39,45,6,5,1,0,0,0,135,77,58,0,0,0,4,3,1,37,30,7
176628,13,Education,54,12,42,0,0,0,1,0,1,4,3,1,2,0,2,0,0,0,42,8,34,3,1,2,0,0,0,2,0,2
176628,26,Biological Sciences/LifeSciences,43,19,24,0,0,0,0,0,0,6,4,2,1,1,0,0,0,0,30,12,18,1,1,0,0,0,0,5,1,4
176628,52,Business Management and Administrative Services,196,109,87,1,1,0,2,2,0,54,25,29,24,12,12,0,0,0,96,56,40,9,4,5,0,0,0,10,9,1
176664,13,Education,67,9,58,1,0,1,1,0,1,2,1,1,3,1,2,0,0,0,59,7,52,1,0,1,0,0,0,0,0,0
176664,52,Business Management and Administrative Services,32,17,15,0,0,0,0,0,0,1,1,0,2,2,0,0,0,0,28,13,15,0,0,0,1,1,0,0,0,0
176770,13,Education,735,98,637,4,0,4,15,1,14,12,1,11,11,4,7,0,0,0,641,86,555,12,2,10,40,4,36,0,0,0
176789,13,Education,25,4,21,0,0,0,0,0,0,0,0,0,1,0,1,0,0,0,20,4,16,4,0,4,0,0,0,0,0,0
176789,52,Business Management and Administrative Services,21,13,8,0,0,0,1,1,0,3,3,0,0,0,0,0,0,0,15,9,6,2,0,2,0,0,0,0,0,0
176910,13,Education,1,1,0,0,0,0,0,0,0,0,0,0,0,0,0,0,0,0,1,1,0,0,0,0,0,0,0,0,0,0
176947,13,Education,166,69,97,0,0,0,0,0,0,8,6,2,2,0,2,0,0,0,142,61,81,6,0,6,6,2,4,2,0,2
176947,26,Biological Sciences/LifeSciences,113,35,78,1,0,1,1,0,1,3,3,0,3,1,2,0,0,0,102,31,71,2,0,2,0,0,0,1,0,1
176947,27,Mathematics,20,15,5,0,0,0,0,0,0,0,0,0,1,1,0,0,0,0,14,10,4,2,1,1,0,0,0,3,3,0
176947,40,Physical Sciences,18,8,10,0,0,0,0,0,0,1,1,0,0,0,0,0,0,0,16,7,9,0,0,0,0,0,0,1,0,1
176947,52,Business Management and Administrative Services,125,88,37,1,1,0,0,0,0,7,6,1,5,4,1,0,0,0,78,52,26,5,5,0,7,4,3,22,16,6
176965,13,Education,1352,395,957,2,0,2,7,2,5,70,27,43,53,15,38,2,1,1,1154,325,829,53,20,33,5,1,4,6,4,2
176965,26,Biological Sciences/LifeSciences,407,132,275,1,0,1,8,3,5,37,8,29,12,2,10,1,0,1,324,110,214,18,6,12,1,0,1,5,3,2
176965,27,Mathematics,18,12,6,0,0,0,0,0,0,0,0,0,1,1,0,2,2,0,14,8,6,0,0,0,0,0,0,1,1,0
176965,40,Physical Sciences,21,15,6,0,0,0,0,0,0,1,0,1,0,0,0,0,0,0,20,15,5,0,0,0,0,0,0,0,0,0
176965,52,Business Management and Administrative Services,1111,621,490,1,1,0,7,2,5,121,64,57,46,24,22,4,3,1,834,479,355,45,21,24,16,8,8,37,19,18
177038,26,Biological Sciences/LifeSciences,52,25,27,0,0,0,0,0,0,2,1,1,2,2,0,0,0,0,27,12,15,0,0,0,21,10,11,0,0,0
177065,13,Education,31,8,23,0,0,0,0,0,0,2,1,1,0,0,0,0,0,0,25,6,19,3,0,3,1,1,0,0,0,0
177065,14,Engineering,45,34,11,0,0,0,2,1,1,1,1,0,1,0,1,0,0,0,35,26,9,5,5,0,1,1,0,0,0,0
177065,26,Biological Sciences/LifeSciences,158,55,103,3,2,1,3,1,2,9,2,7,6,6,0,0,0,0,122,40,82,8,2,6,3,0,3,4,2,2
177065,27,Mathematics,20,10,10,0,0,0,0,0,0,1,0,1,0,0,0,0,0,0,17,8,9,0,0,0,0,0,0,2,2,0
177065,40,Physical Sciences,26,16,10,0,0,0,1,0,1,0,0,0,0,0,0,0,0,0,22,14,8,1,1,0,0,0,0,2,1,1
177065,52,Business Management and Administrative Services,4967,2182,2785,46,15,31,89,49,40,1127,427,700,475,222,253,25,13,12,2705,1223,1482,139,64,75,209,93,116,152,76,76
177117,52,Business Management and Administrative Services,16,0,16,0,0,0,0,0,0,0,0,0,2,0,2,0,0,0,7,0,7,0,0,0,0,0,0,7,0,7
177144,13,Education,89,39,50,0,0,0,1,0,1,8,4,4,6,5,1,0,0,0,62,20,42,2,1,1,0,0,0,10,9,1
177144,26,Biological Sciences/LifeSciences,90,38,52,0,0,0,2,1,1,14,9,5,4,3,1,0,0,0,61,18,43,3,1,2,1,1,0,5,5,0
177144,27,Mathematics,6,3,3,0,0,0,0,0,0,0,0,0,0,0,0,0,0,0,2,0,2,0,0,0,0,0,0,4,3,1
177144,52,Business Management and Administrative Services,195,131,64,0,0,0,2,2,0,26,23,3,9,5,4,2,2,0,133,79,54,5,4,1,0,0,0,18,16,2
177214,13,Education,206,34,172,1,0,1,1,0,1,1,0,1,8,2,6,0,0,0,189,29,160,5,3,2,0,0,0,1,0,1
177214,14,Engineering,12,11,1,0,0,0,0,0,0,0,0,0,0,0,0,0,0,0,9,9,0,0,0,0,0,0,0,3,2,1
177214,26,Biological Sciences/LifeSciences,303,131,172,2,1,1,6,2,4,8,4,4,18,9,9,0,0,0,229,98,131,10,4,6,0,0,0,30,13,17
177214,27,Mathematics,22,16,6,0,0,0,0,0,0,0,0,0,0,0,0,0,0,0,19,13,6,0,0,0,0,0,0,3,3,0
177214,40,Physical Sciences,51,30,21,0,0,0,1,1,0,1,0,1,2,1,1,0,0,0,37,21,16,1,1,0,0,0,0,9,6,3
177214,52,Business Management and Administrative Services,399,198,201,5,2,3,5,4,1,16,9,7,21,7,14,2,1,1,313,153,160,13,5,8,0,0,0,24,17,7
177339,13,Education,255,67,188,3,1,2,6,0,6,2,1,1,5,4,1,1,1,0,214,52,162,5,0,5,17,6,11,2,2,0
177339,14,Engineering,4,4,0,0,0,0,0,0,0,0,0,0,1,1,0,0,0,0,3,3,0,0,0,0,0,0,0,0,0,0
177339,26,Biological Sciences/LifeSciences,96,37,59,0,0,0,2,0,2,6,1,5,3,2,1,0,0,0,80,33,47,1,1,0,4,0,4,0,0,0
177339,27,Mathematics,25,21,4,0,0,0,0,0,0,0,0,0,0,0,0,0,0,0,20,16,4,1,1,0,4,4,0,0,0,0
177339,40,Physical Sciences,8,6,2,0,0,0,0,0,0,0,0,0,0,0,0,0,0,0,7,5,2,1,1,0,0,0,0,0,0,0
177339,52,Business Management and Administrative Services,173,91,82,2,1,1,4,0,4,7,7,0,9,4,5,0,0,0,136,71,65,5,2,3,9,6,3,1,0,1
177418,13,Education,152,16,136,0,0,0,1,0,1,13,0,13,4,0,4,0,0,0,124,14,110,5,1,4,1,0,1,4,1,3
177418,26,Biological Sciences/LifeSciences,49,15,34,0,0,0,3,0,3,8,1,7,1,0,1,0,0,0,37,14,23,0,0,0,0,0,0,0,0,0
177418,27,Mathematics,25,14,11,0,0,0,1,1,0,2,0,2,1,0,1,0,0,0,20,13,7,0,0,0,0,0,0,1,0,1
177418,52,Business Management and Administrative Services,210,127,83,2,2,0,0,0,0,31,9,22,6,4,2,0,0,0,133,84,49,3,3,0,6,0,6,29,25,4
177542,13,Education,145,32,113,1,1,0,0,0,0,1,0,1,2,1,1,0,0,0,133,26,107,2,2,0,0,0,0,6,2,4
177542,26,Biological Sciences/LifeSciences,28,15,13,0,0,0,0,0,0,2,2,0,0,0,0,0,0,0,25,13,12,1,0,1,0,0,0,0,0,0
177542,27,Mathematics,8,5,3,0,0,0,0,0,0,0,0,0,2,0,2,0,0,0,6,5,1,0,0,0,0,0,0,0,0,0
177542,52,Business Management and Administrative Services,123,74,49,0,0,0,1,0,1,5,2,3,4,3,1,0,0,0,84,46,38,2,1,1,0,0,0,27,22,5
177551,13,Education,296,85,211,0,0,0,3,0,3,239,64,175,6,1,5,0,0,0,26,15,11,5,1,4,17,4,13,0,0,0
177551,26,Biological Sciences/LifeSciences,208,37,171,0,0,0,1,0,1,167,31,136,5,2,3,1,1,0,6,2,4,7,0,7,21,1,20,0,0,0
177551,27,Mathematics,39,26,13,0,0,0,0,0,0,28,20,8,1,0,1,0,0,0,3,2,1,2,1,1,5,3,2,0,0,0
177551,52,Business Management and Administrative Services,362,172,190,1,1,0,4,3,1,278,120,158,11,9,2,0,0,0,31,23,8,11,6,5,25,9,16,1,1,0
177579,52,Business Management and Administrative Services,81,27,54,0,0,0,4,1,3,17,5,12,3,2,1,0,0,0,55,17,38,2,2,0,0,0,0,0,0,0
177746,13,Education,3,0,3,0,0,0,0,0,0,0,0,0,0,0,0,0,0,0,3,0,3,0,0,0,0,0,0,0,0,0
177940,13,Education,274,89,185,2,2,0,0,0,0,103,42,61,2,1,1,0,0,0,145,36,109,10,5,5,11,2,9,1,1,0
177940,26,Biological Sciences/LifeSciences,100,28,72,0,0,0,1,0,1,59,16,43,2,1,1,0,0,0,24,8,16,6,2,4,3,0,3,5,1,4
177940,27,Mathematics,10,6,4,0,0,0,0,0,0,3,2,1,0,0,0,0,0,0,5,3,2,1,0,1,0,0,0,1,1,0
177940,40,Physical Sciences,11,6,5,0,0,0,0,0,0,7,3,4,0,0,0,0,0,0,3,2,1,0,0,0,0,0,0,1,1,0
177940,52,Business Management and Administrative Services,386,215,171,5,2,3,2,2,0,260,152,108,7,5,2,1,1,0,82,37,45,10,5,5,16,9,7,3,2,1
177968,13,Education,506,127,379,0,0,0,5,1,4,21,9,12,18,7,11,2,0,2,353,79,274,11,4,7,75,17,58,21,10,11
177968,26,Biological Sciences/LifeSciences,298,118,180,4,2,2,2,1,1,31,10,21,15,6,9,1,0,1,173,62,111,11,10,1,33,16,17,28,11,17
177968,27,Mathematics,73,41,32,0,0,0,1,1,0,2,1,1,1,1,0,0,0,0,40,19,21,2,1,1,3,3,0,24,15,9
177968,40,Physical Sciences,114,43,71,1,0,1,3,0,3,3,1,2,6,3,3,1,1,0,75,26,49,4,3,1,4,2,2,17,7,10
177968,52,Business Management and Administrative Services,2361,1209,1152,7,3,4,13,9,4,335,114,221,56,25,31,7,7,0,1190,625,565,57,24,33,282,124,158,414,278,136
177986,26,Biological Sciences/LifeSciences,53,21,32,0,0,0,0,0,0,1,0,1,1,0,1,0,0,0,17,8,9,0,0,0,34,13,21,0,0,0
178059,13,Education,97,17,80,0,0,0,5,0,5,5,0,5,5,1,4,0,0,0,73,14,59,2,0,2,7,2,5,0,0,0
178059,26,Biological Sciences/LifeSciences,138,56,82,0,0,0,10,3,7,5,1,4,10,5,5,0,0,0,94,37,57,4,0,4,6,4,2,9,6,3
178059,27,Mathematics,13,5,8,0,0,0,0,0,0,0,0,0,0,0,0,0,0,0,9,4,5,1,0,1,0,0,0,3,1,2
178059,40,Physical Sciences,21,5,16,0,0,0,1,0,1,2,0,2,2,1,1,0,0,0,13,2,11,0,0,0,1,0,1,2,2,0
178059,52,Business Management and Administrative Services,536,304,232,0,0,0,16,10,6,31,13,18,11,3,8,1,1,0,356,187,169,16,10,6,29,16,13,76,64,12
178244,13,Education,289,62,227,1,0,1,1,0,1,19,4,15,5,1,4,1,1,0,212,40,172,10,7,3,38,8,30,2,1,1
178244,26,Biological Sciences/LifeSciences,65,23,42,0,0,0,1,0,1,9,4,5,2,0,2,0,0,0,41,14,27,3,0,3,6,3,3,3,2,1
178244,27,Mathematics,14,5,9,0,0,0,0,0,0,2,1,1,1,1,0,0,0,0,10,3,7,0,0,0,1,0,1,0,0,0
178244,40,Physical Sciences,9,3,6,0,0,0,0,0,0,0,0,0,0,0,0,0,0,0,8,2,6,1,1,0,0,0,0,0,0,0
178244,52,Business Management and Administrative Services,402,201,201,6,3,3,2,1,1,31,23,8,4,3,1,0,0,0,275,129,146,5,4,1,64,28,36,15,10,5
178341,13,Education,657,188,469,26,6,20,3,2,1,26,14,12,36,10,26,3,3,0,533,144,389,10,3,7,16,4,12,4,2,2
178341,26,Biological Sciences/LifeSciences,430,171,259,18,7,11,19,10,9,23,9,14,20,10,10,2,1,1,317,126,191,11,1,10,11,2,9,9,5,4
178341,27,Mathematics,24,22,2,0,0,0,2,1,1,0,0,0,1,1,0,0,0,0,19,18,1,1,1,0,1,1,0,0,0,0
178341,40,Physical Sciences,42,36,6,0,0,0,1,1,0,1,1,0,0,0,0,0,0,0,36,32,4,2,1,1,0,0,0,2,1,1
178341,52,Business Management and Administrative Services,1054,532,522,34,17,17,16,7,9,62,41,21,59,29,30,2,2,0,797,385,412,10,8,2,18,10,8,56,33,23
178369,13,Education,123,56,67,2,1,1,1,0,1,10,6,4,10,4,6,1,1,0,84,35,49,6,1,5,1,1,0,8,7,1
178369,26,Biological Sciences/LifeSciences,103,47,56,1,0,1,1,1,0,13,6,7,8,4,4,0,0,0,61,29,32,6,1,5,2,1,1,11,5,6
178369,27,Mathematics,16,9,7,1,1,0,0,0,0,2,0,2,0,0,0,0,0,0,9,5,4,0,0,0,1,1,0,3,2,1
178369,52,Business Management and Administrative Services,383,282,101,1,0,1,2,2,0,85,73,12,29,22,7,2,2,0,148,92,56,8,6,2,8,7,1,100,78,22
178387,13,Education,400,57,343,2,0,2,4,0,4,20,4,16,4,0,4,0,0,0,354,49,305,5,2,3,5,0,5,6,2,4
178387,26,Biological Sciences/LifeSciences,268,100,168,2,1,1,4,1,3,22,4,18,2,1,1,0,0,0,207,86,121,15,6,9,14,1,13,2,0,2
178387,27,Mathematics,20,7,13,0,0,0,0,0,0,0,0,0,0,0,0,0,0,0,20,7,13,0,0,0,0,0,0,0,0,0
178387,40,Physical Sciences,74,31,43,0,0,0,2,1,1,10,2,8,3,2,1,0,0,0,54,23,31,3,2,1,2,1,1,0,0,0
178387,52,Business Management and Administrative Services,489,269,220,2,1,1,7,5,2,59,36,23,8,7,1,0,0,0,374,199,175,13,6,7,13,10,3,13,5,8
178396,13,Education,1006,195,811,1,0,1,13,2,11,41,9,32,26,5,21,0,0,0,886,171,715,32,5,27,6,2,4,1,1,0
178396,14,Engineering,2706,2221,485,2,1,1,65,48,17,154,117,37,81,66,15,3,3,0,2052,1701,351,91,74,17,29,25,4,229,186,43
178396,26,Biological Sciences/LifeSciences,1609,688,921,5,5,0,100,49,51,156,47,109,77,39,38,1,0,1,1176,512,664,61,20,41,14,7,7,19,9,10
178396,27,Mathematics,211,134,77,0,0,0,9,6,3,6,2,4,4,3,1,0,0,0,118,76,42,3,2,1,0,0,0,71,45,26
178396,40,Physical Sciences,422,275,147,0,0,0,12,7,5,19,9,10,19,11,8,0,0,0,320,209,111,15,11,4,5,4,1,32,24,8
178396,52,Business Management and Administrative Services,5088,3251,1837,12,9,3,92,58,34,274,144,130,187,124,63,1,1,0,4254,2766,1488,110,73,37,22,13,9,136,63,73
178402,13,Education,362,98,264,2,1,1,11,5,6,31,9,22,31,10,21,0,0,0,266,69,197,11,3,8,8,1,7,2,0,2
178402,14,Engineering,549,463,86,0,0,0,34,27,7,47,37,10,46,37,9,1,1,0,312,269,43,17,14,3,27,22,5,65,56,9
178402,26,Biological Sciences/LifeSciences,603,198,405,0,0,0,89,26,63,70,21,49,49,21,28,2,1,1,338,114,224,25,6,19,21,8,13,9,1,8
178402,27,Mathematics,54,30,24,0,0,0,3,2,1,3,1,2,3,0,3,0,0,0,34,22,12,4,1,3,3,1,2,4,3,1
178402,40,Physical Sciences,374,189,185,1,1,0,39,17,22,48,13,35,22,11,11,1,0,1,201,108,93,12,7,5,15,11,4,35,21,14
178402,52,Business Management and Administrative Services,1258,677,581,5,3,2,78,42,36,150,65,85,99,48,51,1,1,0,714,388,326,35,20,15,36,25,11,140,85,55
178411,14,Engineering,4878,3894,984,16,14,2,157,109,48,122,94,28,168,128,40,2,2,0,3980,3203,777,110,81,29,125,105,20,198,158,40
178411,26,Biological Sciences/LifeSciences,234,88,146,2,1,1,7,4,3,12,3,9,4,2,2,1,1,0,178,63,115,18,10,8,9,2,7,3,2,1
178411,27,Mathematics,60,37,23,0,0,0,1,0,1,1,1,0,1,0,1,0,0,0,54,34,20,2,1,1,1,1,0,0,0,0
178411,40,Physical Sciences,248,165,83,1,1,0,4,2,2,3,2,1,6,4,2,0,0,0,182,116,66,15,12,3,8,4,4,29,24,5
178411,52,Business Management and Administrative Services,108,63,45,0,0,0,3,1,2,4,2,2,4,3,1,0,0,0,69,42,27,3,2,1,3,2,1,22,11,11
178420,13,Education,737,178,559,2,2,0,27,6,21,106,17,89,18,4,14,1,0,1,544,138,406,15,4,11,19,6,13,5,1,4
178420,14,Engineering,305,250,55,0,0,0,20,17,3,26,17,9,7,4,3,1,1,0,216,181,35,10,8,2,14,13,1,11,9,2
178420,26,Biological Sciences/LifeSciences,571,230,341,1,1,0,51,20,31,90,25,65,23,10,13,1,1,0,347,143,204,22,11,11,22,11,11,14,8,6
178420,27,Mathematics,82,56,26,0,0,0,4,2,2,9,5,4,3,1,2,0,0,0,58,43,15,1,1,0,2,1,1,5,3,2
178420,40,Physical Sciences,124,83,41,1,0,1,8,6,2,14,7,7,3,3,0,0,0,0,83,57,26,2,1,1,7,4,3,6,5,1
178420,52,Business Management and Administrative Services,2043,1178,865,13,7,6,125,67,58,260,107,153,57,37,20,3,3,0,1266,766,500,51,25,26,93,57,36,175,109,66
178615,26,Biological Sciences/LifeSciences,584,222,362,2,2,0,35,10,25,28,10,18,20,8,12,1,1,0,442,171,271,17,6,11,7,4,3,32,10,22
178615,27,Mathematics,125,64,61,1,1,0,3,2,1,2,0,2,2,0,2,0,0,0,105,54,51,3,2,1,1,1,0,8,4,4
178615,40,Physical Sciences,202,126,76,1,1,0,7,4,3,3,0,3,6,4,2,0,0,0,158,98,60,4,2,2,4,3,1,19,14,5
178615,52,Business Management and Administrative Services,830,484,346,1,1,0,15,10,5,31,22,9,13,9,4,1,1,0,572,339,233,17,12,5,14,9,5,166,81,85
178624,13,Education,1068,257,811,2,1,1,5,1,4,24,8,16,39,10,29,1,1,0,947,220,727,34,9,25,14,5,9,2,2,0
178624,26,Biological Sciences/LifeSciences,329,115,214,0,0,0,2,0,2,19,10,9,12,4,8,1,1,0,254,81,173,15,8,7,4,1,3,22,10,12
178624,27,Mathematics,22,18,4,0,0,0,1,1,0,0,0,0,0,0,0,0,0,0,19,15,4,0,0,0,0,0,0,2,2,0
178624,40,Physical Sciences,133,63,70,1,0,1,2,1,1,7,1,6,6,2,4,0,0,0,103,52,51,4,0,4,0,0,0,10,7,3
178624,52,Business Management and Administrative Services,838,487,351,4,4,0,3,1,2,63,46,17,40,22,18,2,1,1,637,358,279,26,13,13,7,4,3,56,38,18
178697,13,Education,258,72,186,2,0,2,0,0,0,2,1,1,2,1,1,0,0,0,247,69,178,4,1,3,1,0,1,0,0,0
178697,14,Engineering,25,21,4,0,0,0,1,0,1,0,0,0,0,0,0,1,1,0,23,20,3,0,0,0,0,0,0,0,0,0
178697,26,Biological Sciences/LifeSciences,62,28,34,1,0,1,0,0,0,0,0,0,0,0,0,0,0,0,56,26,30,5,2,3,0,0,0,0,0,0
178697,27,Mathematics,15,12,3,0,0,0,1,1,0,0,0,0,0,0,0,0,0,0,13,11,2,0,0,0,0,0,0,1,0,1
178697,40,Physical Sciences,13,4,9,0,0,0,0,0,0,0,0,0,1,0,1,0,0,0,12,4,8,0,0,0,0,0,0,0,0,0
178697,52,Business Management and Administrative Services,211,118,93,0,0,0,3,2,1,3,3,0,4,1,3,0,0,0,189,102,87,5,5,0,0,0,0,7,5,2
178721,13,Education,231,33,198,2,0,2,2,0,2,40,2,38,26,5,21,1,0,1,146,25,121,5,0,5,7,0,7,2,1,1
178721,14,Engineering,33,30,3,1,1,0,1,1,0,6,6,0,3,3,0,0,0,0,15,15,0,2,1,1,5,3,2,0,0,0
178721,26,Biological Sciences/LifeSciences,64,24,40,0,0,0,0,0,0,10,4,6,2,0,2,1,0,1,39,14,25,2,1,1,3,1,2,7,4,3
178721,27,Mathematics,9,7,2,0,0,0,1,1,0,0,0,0,2,2,0,0,0,0,5,3,2,0,0,0,0,0,0,1,1,0
178721,40,Physical Sciences,14,7,7,0,0,0,1,0,1,0,0,0,0,0,0,0,0,0,9,6,3,0,0,0,0,0,0,4,1,3
178721,52,Business Management and Administrative Services,4209,2382,1827,29,11,18,108,64,44,816,487,329,788,376,412,29,21,8,1914,1149,765,108,62,46,343,165,178,74,47,27
178767,52,Business Management and Administrative Services,26,4,22,0,0,0,1,1,0,18,2,16,0,0,0,0,0,0,7,1,6,0,0,0,0,0,0,0,0,0
178891,52,Business Management and Administrative Services,98,91,7,0,0,0,0,0,0,17,15,2,3,3,0,0,0,0,72,67,5,2,2,0,4,4,0,0,0,0
179043,13,Education,47,11,36,0,0,0,0,0,0,0,0,0,1,0,1,0,0,0,40,8,32,2,0,2,4,3,1,0,0,0
179043,14,Engineering,59,49,10,1,1,0,1,1,0,7,5,2,8,8,0,0,0,0,35,30,5,1,1,0,5,2,3,1,1,0
179043,26,Biological Sciences/LifeSciences,98,38,60,0,0,0,10,5,5,4,2,2,4,1,3,1,1,0,64,24,40,4,1,3,11,4,7,0,0,0
179043,27,Mathematics,16,6,10,0,0,0,0,0,0,1,0,1,1,1,0,0,0,0,10,4,6,1,0,1,3,1,2,0,0,0
179043,40,Physical Sciences,27,14,13,0,0,0,1,0,1,0,0,0,1,0,1,0,0,0,19,10,9,1,1,0,4,2,2,1,1,0
179043,52,Business Management and Administrative Services,155,104,51,0,0,0,3,2,1,0,0,0,14,6,8,0,0,0,112,79,33,4,2,2,13,10,3,9,5,4
179159,13,Education,149,32,117,0,0,0,6,1,5,8,1,7,6,3,3,0,0,0,126,24,102,2,2,0,1,1,0,0,0,0
179159,14,Engineering,665,478,187,1,1,0,62,37,25,24,11,13,42,32,10,0,0,0,445,330,115,11,8,3,22,18,4,58,41,17
179159,26,Biological Sciences/LifeSciences,719,292,427,0,0,0,194,88,106,39,12,27,28,20,8,0,0,0,395,147,248,20,5,15,25,12,13,18,8,10
179159,27,Mathematics,40,30,10,0,0,0,3,3,0,3,2,1,1,0,1,0,0,0,20,13,7,0,0,0,4,3,1,9,9,0
179159,40,Physical Sciences,117,60,57,1,0,1,13,5,8,4,1,3,3,1,2,0,0,0,85,47,38,3,1,2,2,0,2,6,5,1
179159,52,Business Management and Administrative Services,1515,805,710,1,1,0,70,34,36,126,43,83,78,47,31,0,0,0,972,547,425,34,18,16,46,24,22,188,91,97
179265,26,Biological Sciences/LifeSciences,191,88,103,0,0,0,43,19,24,14,6,8,4,3,1,0,0,0,99,46,53,2,2,0,18,10,8,11,2,9
179326,13,Education,311,170,141,1,1,0,0,0,0,16,6,10,4,3,1,0,0,0,273,149,124,3,2,1,14,9,5,0,0,0
179326,26,Biological Sciences/LifeSciences,95,49,46,0,0,0,0,0,0,9,7,2,4,4,0,0,0,0,81,38,43,1,0,1,0,0,0,0,0,0
179326,27,Mathematics,19,10,9,0,0,0,0,0,0,2,2,0,0,0,0,0,0,0,16,7,9,1,1,0,0,0,0,0,0,0
179326,40,Physical Sciences,15,7,8,0,0,0,0,0,0,0,0,0,0,0,0,0,0,0,14,7,7,0,0,0,1,0,1,0,0,0
179326,52,Business Management and Administrative Services,193,114,79,1,1,0,1,1,0,20,19,1,15,10,5,0,0,0,145,76,69,4,2,2,7,5,2,0,0,0
179548,13,Education,36,0,36,0,0,0,0,0,0,2,0,2,0,0,0,1,0,1,26,0,26,5,0,5,2,0,2,0,0,0
179548,26,Biological Sciences/LifeSciences,73,0,73,1,0,1,0,0,0,7,0,7,2,0,2,0,0,0,55,0,55,4,0,4,4,0,4,0,0,0
179548,52,Business Management and Administrative Services,143,0,143,2,0,2,3,0,3,29,0,29,5,0,5,0,0,0,93,0,93,3,0,3,8,0,8,0,0,0
179557,13,Education,1101,277,824,1,0,1,7,4,3,58,18,40,17,7,10,0,0,0,994,240,754,4,2,2,10,5,5,10,1,9
179557,14,Engineering,58,53,5,0,0,0,0,0,0,7,6,1,2,2,0,0,0,0,35,33,2,2,2,0,1,1,0,11,9,2
179557,26,Biological Sciences/LifeSciences,513,201,312,3,1,2,8,4,4,39,11,28,13,6,7,0,0,0,405,159,246,6,0,6,5,2,3,34,18,16
179557,27,Mathematics,43,23,20,0,0,0,0,0,0,4,2,2,1,1,0,0,0,0,29,17,12,0,0,0,0,0,0,9,3,6
179557,40,Physical Sciences,136,64,72,1,1,0,0,0,0,14,4,10,1,0,1,0,0,0,108,51,57,1,0,1,1,1,0,10,7,3
179557,52,Business Management and Administrative Services,1417,788,629,4,1,3,23,13,10,129,66,63,29,19,10,1,0,1,981,537,444,9,6,3,5,1,4,236,145,91
179566,13,Education,2080,506,1574,10,4,6,14,2,12,42,16,26,62,18,44,2,0,2,1857,437,1420,71,22,49,14,3,11,8,4,4
179566,14,Engineering,152,131,21,2,1,1,5,4,1,1,1,0,5,5,0,0,0,0,128,111,17,6,5,1,2,2,0,3,2,1
179566,26,Biological Sciences/LifeSciences,1075,437,638,1,0,1,33,11,22,41,12,29,40,20,20,0,0,0,879,360,519,48,22,26,11,6,5,22,6,16
179566,27,Mathematics,98,53,45,0,0,0,2,0,2,3,2,1,3,2,1,0,0,0,76,41,35,5,3,2,2,1,1,7,4,3
179566,40,Physical Sciences,333,189,144,1,0,1,5,1,4,6,2,4,13,8,5,0,0,0,287,165,122,11,5,6,4,3,1,6,5,1
179566,52,Business Management and Administrative Services,4326,2538,1788,16,10,6,71,37,34,176,118,58,129,78,51,3,2,1,3257,1940,1317,124,73,51,31,23,8,519,257,262
179867,13,Education,18,1,17,0,0,0,1,0,1,4,0,4,0,0,0,0,0,0,13,1,12,0,0,0,0,0,0,0,0,0
179867,14,Engineering,939,621,318,1,1,0,141,93,48,55,40,15,63,37,26,0,0,0,530,359,171,42,23,19,14,11,3,93,57,36
179867,26,Biological Sciences/LifeSciences,473,212,261,0,0,0,189,86,103,23,10,13,23,12,11,0,0,0,189,83,106,15,9,6,7,2,5,27,10,17
179867,27,Mathematics,174,97,77,0,0,0,35,17,18,3,3,0,8,5,3,0,0,0,85,49,36,8,5,3,2,1,1,33,17,16
179867,40,Physical Sciences,205,121,84,0,0,0,47,26,21,9,3,6,9,5,4,0,0,0,116,74,42,5,2,3,6,4,2,13,7,6
179867,52,Business Management and Administrative Services,928,531,397,0,0,0,164,80,84,43,21,22,72,43,29,0,0,0,518,324,194,28,15,13,15,9,6,88,39,49
179894,13,Education,167,40,127,0,0,0,1,0,1,13,3,10,4,1,3,0,0,0,131,30,101,5,1,4,13,5,8,0,0,0
179894,26,Biological Sciences/LifeSciences,145,47,98,0,0,0,5,3,2,16,8,8,10,5,5,0,0,0,98,29,69,5,1,4,11,1,10,0,0,0
179894,27,Mathematics,53,32,21,0,0,0,1,0,1,7,6,1,4,2,2,0,0,0,34,21,13,3,2,1,4,1,3,0,0,0
179894,52,Business Management and Administrative Services,663,353,310,0,0,0,28,15,13,146,53,93,47,22,25,0,0,0,350,208,142,20,15,5,70,38,32,2,2,0
179946,13,Education,79,25,54,1,0,1,1,1,0,2,2,0,7,3,4,0,0,0,65,18,47,0,0,0,3,1,2,0,0,0
179946,26,Biological Sciences/LifeSciences,98,33,65,1,0,1,1,1,0,6,4,2,4,3,1,0,0,0,78,23,55,0,0,0,2,0,2,6,2,4
179946,27,Mathematics,19,12,7,0,0,0,2,2,0,0,0,0,0,0,0,0,0,0,10,4,6,0,0,0,1,1,0,6,5,1
179946,40,Physical Sciences,19,15,4,0,0,0,0,0,0,1,1,0,1,1,0,0,0,0,11,9,2,0,0,0,1,1,0,5,3,2
179946,52,Business Management and Administrative Services,137,86,51,1,1,0,5,1,4,10,8,2,4,3,1,0,0,0,94,62,32,3,2,1,6,4,2,14,5,9
179955,13,Education,64,17,47,0,0,0,0,0,0,0,0,0,1,0,1,0,0,0,59,16,43,3,1,2,1,0,1,0,0,0
179955,14,Engineering,13,11,2,0,0,0,1,1,0,3,3,0,1,1,0,0,0,0,7,5,2,1,1,0,0,0,0,0,0,0
179955,26,Biological Sciences/LifeSciences,93,47,46,1,0,1,0,0,0,4,2,2,2,1,1,0,0,0,78,40,38,4,1,3,2,1,1,2,2,0
179955,27,Mathematics,29,15,14,0,0,0,0,0,0,0,0,0,1,1,0,0,0,0,25,12,13,1,1,0,0,0,0,2,1,1
179955,40,Physical Sciences,44,27,17,0,0,0,0,0,0,2,1,1,1,0,1,0,0,0,35,25,10,3,0,3,0,0,0,3,1,2
179955,52,Business Management and Administrative Services,225,148,77,0,0,0,2,0,2,12,10,2,12,8,4,0,0,0,167,107,60,7,4,3,11,10,1,14,9,5
179964,13,Education,85,12,73,1,0,1,0,0,0,1,1,0,3,0,3,0,0,0,74,7,67,2,1,1,1,1,0,3,2,1
179964,26,Biological Sciences/LifeSciences,84,12,72,1,0,1,1,0,1,0,0,0,4,1,3,0,0,0,74,10,64,2,0,2,0,0,0,2,1,1
179964,27,Mathematics,6,2,4,1,0,1,0,0,0,0,0,0,0,0,0,0,0,0,3,1,2,1,0,1,0,0,0,1,1,0
179964,40,Physical Sciences,1,1,0,0,0,0,0,0,0,0,0,0,1,1,0,0,0,0,0,0,0,0,0,0,0,0,0,0,0,0
179964,52,Business Management and Administrative Services,190,81,109,0,0,0,0,0,0,5,1,4,12,5,7,0,0,0,148,58,90,3,1,2,4,1,3,18,15,3
180106,13,Education,96,25,71,2,1,1,1,1,0,0,0,0,1,0,1,0,0,0,87,20,67,0,0,0,5,3,2,0,0,0
180106,14,Engineering,69,60,9,0,0,0,1,1,0,0,0,0,6,5,1,0,0,0,58,51,7,1,1,0,2,1,1,1,1,0
180106,26,Biological Sciences/LifeSciences,218,113,105,2,1,1,4,4,0,0,0,0,14,7,7,0,0,0,165,82,83,14,10,4,17,9,8,2,0,2
180106,27,Mathematics,29,19,10,0,0,0,0,0,0,0,0,0,3,2,1,0,0,0,24,15,9,1,1,0,1,1,0,0,0,0
180106,40,Physical Sciences,59,30,29,0,0,0,2,0,2,1,1,0,5,2,3,0,0,0,44,23,21,3,2,1,4,2,2,0,0,0
180106,52,Business Management and Administrative Services,143,97,46,1,0,1,1,0,1,1,1,0,10,7,3,0,0,0,106,72,34,3,2,1,14,8,6,7,7,0
180179,13,Education,463,104,359,17,6,11,4,1,3,3,2,1,23,11,12,1,0,1,391,77,314,17,3,14,5,2,3,2,2,0
180179,26,Biological Sciences/LifeSciences,136,48,88,2,0,2,4,2,2,1,0,1,9,3,6,1,0,1,106,37,69,4,0,4,2,0,2,7,6,1
180179,27,Mathematics,11,8,3,0,0,0,0,0,0,0,0,0,0,0,0,0,0,0,10,7,3,1,1,0,0,0,0,0,0,0
180179,40,Physical Sciences,17,10,7,1,0,1,1,0,1,0,0,0,0,0,0,1,0,1,13,9,4,0,0,0,0,0,0,1,1,0
180179,52,Business Management and Administrative Services,774,347,427,26,7,19,7,5,2,10,7,3,29,13,16,1,0,1,620,258,362,22,8,14,6,1,5,53,48,5
180258,13,Education,58,21,37,0,0,0,1,0,1,2,2,0,6,2,4,0,0,0,43,15,28,1,1,0,3,0,3,2,1,1
180258,26,Biological Sciences/LifeSciences,114,22,92,2,0,2,3,1,2,0,0,0,19,3,16,0,0,0,76,14,62,7,1,6,7,3,4,0,0,0
180258,27,Mathematics,9,5,4,0,0,0,1,1,0,0,0,0,2,0,2,0,0,0,4,3,1,0,0,0,1,0,1,1,1,0
180258,40,Physical Sciences,4,0,4,0,0,0,0,0,0,0,0,0,1,0,1,0,0,0,3,0,3,0,0,0,0,0,0,0,0,0
180258,52,Business Management and Administrative Services,86,53,33,1,1,0,1,0,1,4,3,1,12,6,6,1,0,1,52,31,21,2,1,1,4,3,1,9,8,1
180416,14,Engineering,1042,891,151,17,14,3,6,4,2,5,3,2,18,15,3,0,0,0,716,599,117,2,2,0,61,49,12,217,205,12
180416,26,Biological Sciences/LifeSciences,55,21,34,0,0,0,0,0,0,1,0,1,0,0,0,0,0,0,51,20,31,0,0,0,2,1,1,1,0,1
180416,27,Mathematics,13,9,4,0,0,0,0,0,0,0,0,0,0,0,0,0,0,0,13,9,4,0,0,0,0,0,0,0,0,0
180416,40,Physical Sciences,29,10,19,2,1,1,0,0,0,0,0,0,1,1,0,0,0,0,25,7,18,0,0,0,1,1,0,0,0,0
180416,52,Business Management and Administrative Services,175,97,78,3,0,3,0,0,0,7,7,0,0,0,0,0,0,0,138,78,60,2,2,0,18,4,14,7,6,1
180461,13,Education,685,188,497,9,2,7,1,0,1,1,1,0,21,4,17,0,0,0,627,174,453,17,4,13,5,2,3,4,1,3
180461,14,Engineering,2673,2160,513,22,20,2,32,19,13,8,3,5,85,59,26,1,1,0,2120,1724,396,114,92,22,46,39,7,245,203,42
180461,26,Biological Sciences/LifeSciences,1011,485,526,15,5,10,12,4,8,2,0,2,32,14,18,0,0,0,864,428,436,45,17,28,14,6,8,27,11,16
180461,27,Mathematics,136,83,53,0,0,0,0,0,0,0,0,0,4,3,1,0,0,0,114,70,44,7,3,4,5,4,1,6,3,3
180461,40,Physical Sciences,457,303,154,6,5,1,4,3,1,0,0,0,15,8,7,0,0,0,408,274,134,10,5,5,6,4,2,8,4,4
180461,52,Business Management and Administrative Services,1519,996,523,22,11,11,15,8,7,14,12,2,52,30,22,4,3,1,1261,834,427,51,33,18,20,12,8,80,53,27
180489,13,Education,888,279,609,28,11,17,5,2,3,6,3,3,39,15,24,1,0,1,732,224,508,37,9,28,33,11,22,7,4,3
180489,26,Biological Sciences/LifeSciences,443,156,287,9,3,6,12,5,7,4,4,0,18,7,11,1,0,1,356,124,232,15,6,9,21,4,17,7,3,4
180489,27,Mathematics,81,43,38,2,0,2,0,0,0,1,1,0,1,1,0,1,1,0,67,33,34,0,0,0,5,3,2,4,4,0
180489,40,Physical Sciences,198,131,67,2,2,0,1,1,0,1,1,0,15,9,6,1,1,0,160,107,53,4,3,1,10,6,4,4,1,3
180489,52,Business Management and Administrative Services,1151,694,457,31,17,14,20,11,9,13,11,2,53,35,18,3,2,1,874,517,357,38,25,13,40,20,20,79,56,23
180522,13,Education,172,64,108,28,6,22,0,0,0,7,7,0,2,0,2,0,0,0,128,48,80,0,0,0,7,3,4,0,0,0
180522,26,Biological Sciences/LifeSciences,30,16,14,5,1,4,0,0,0,0,0,0,3,1,2,0,0,0,21,13,8,1,1,0,0,0,0,0,0,0
180522,52,Business Management and Administrative Services,142,54,88,30,9,21,2,0,2,4,4,0,4,3,1,1,1,0,94,34,60,2,2,0,5,1,4,0,0,0
180595,13,Education,99,35,64,4,0,4,1,0,1,2,2,0,2,1,1,0,0,0,84,31,53,3,0,3,3,1,2,0,0,0
180595,26,Biological Sciences/LifeSciences,120,35,85,2,0,2,1,0,1,3,2,1,7,2,5,1,1,0,90,23,67,12,5,7,2,0,2,2,2,0
180595,27,Mathematics,5,2,3,0,0,0,1,0,1,0,0,0,0,0,0,0,0,0,3,2,1,1,0,1,0,0,0,0,0,0
180595,40,Physical Sciences,29,19,10,0,0,0,0,0,0,0,0,0,2,2,0,1,1,0,24,16,8,1,0,1,1,0,1,0,0,0
180595,52,Business Management and Administrative Services,168,99,69,2,1,1,0,0,0,4,3,1,7,3,4,0,0,0,128,73,55,6,3,3,6,6,0,15,10,5
180647,13,Education,122,32,90,79,18,61,0,0,0,0,0,0,2,0,2,4,2,2,37,12,25,0,0,0,0,0,0,0,0,0
180647,27,Mathematics,14,4,10,10,4,6,0,0,0,0,0,0,0,0,0,0,0,0,4,0,4,0,0,0,0,0,0,0,0,0
180647,40,Physical Sciences,24,20,4,22,19,3,0,0,0,0,0,0,1,1,0,0,0,0,1,0,1,0,0,0,0,0,0,0,0,0
180647,52,Business Management and Administrative Services,121,54,67,107,49,58,0,0,0,1,1,0,0,0,0,0,0,0,13,4,9,0,0,0,0,0,0,0,0,0
180692,13,Education,599,153,446,19,1,18,7,1,6,3,1,2,20,3,17,0,0,0,521,136,385,11,5,6,18,6,12,0,0,0
180692,26,Biological Sciences/LifeSciences,94,44,50,3,1,2,0,0,0,2,1,1,1,1,0,0,0,0,83,41,42,0,0,0,5,0,5,0,0,0
180692,27,Mathematics,9,5,4,0,0,0,0,0,0,0,0,0,1,1,0,0,0,0,8,4,4,0,0,0,0,0,0,0,0,0
180692,52,Business Management and Administrative Services,215,118,97,6,3,3,0,0,0,3,3,0,6,3,3,1,1,0,192,104,88,3,2,1,4,2,2,0,0,0
180814,13,Education,38,12,26,0,0,0,0,0,0,2,2,0,9,1,8,1,0,1,24,7,17,0,0,0,2,2,0,0,0,0
180814,26,Biological Sciences/LifeSciences,170,47,123,1,0,1,5,4,1,22,5,17,33,9,24,1,0,1,81,21,60,4,2,2,20,6,14,3,0,3
180814,52,Business Management and Administrative Services,1735,956,779,12,7,5,24,12,12,143,76,67,323,181,142,4,2,2,877,466,411,27,13,14,198,116,82,127,83,44
180832,52,Business Management and Administrative Services,14,2,12,0,0,0,0,0,0,0,0,0,0,0,0,0,0,0,13,2,11,0,0,0,1,0,1,0,0,0
180948,13,Education,529,160,369,3,2,1,2,0,2,5,2,3,47,18,29,3,0,3,433,117,316,14,10,4,16,8,8,6,3,3
180948,26,Biological Sciences/LifeSciences,121,40,81,0,0,0,1,1,0,1,1,0,6,1,5,1,0,1,93,28,65,6,4,2,2,1,1,11,4,7
180948,27,Mathematics,25,20,5,0,0,0,2,2,0,0,0,0,0,0,0,0,0,0,17,14,3,1,1,0,3,2,1,2,1,1
180948,40,Physical Sciences,17,10,7,1,1,0,0,0,0,0,0,0,1,1,0,0,0,0,13,8,5,1,0,1,1,0,1,0,0,0
180948,52,Business Management and Administrative Services,458,221,237,6,4,2,2,1,1,19,13,6,30,13,17,0,0,0,347,160,187,21,9,12,15,8,7,18,13,5
180984,13,Education,404,111,293,1,1,0,4,0,4,7,4,3,12,8,4,3,1,2,336,85,251,0,0,0,38,12,26,3,0,3
180984,26,Biological Sciences/LifeSciences,137,57,80,0,0,0,1,1,0,7,4,3,11,7,4,0,0,0,109,42,67,1,0,1,8,3,5,0,0,0
180984,27,Mathematics,17,13,4,0,0,0,0,0,0,0,0,0,0,0,0,0,0,0,15,11,4,0,0,0,1,1,0,1,1,0
180984,40,Physical Sciences,35,27,8,0,0,0,1,0,1,1,1,0,2,2,0,0,0,0,27,21,6,0,0,0,2,2,0,2,1,1
180984,52,Business Management and Administrative Services,163,125,38,1,1,0,1,1,0,10,9,1,19,15,4,1,1,0,113,82,31,0,0,0,10,8,2,8,8,0
181002,13,Education,22,2,20,0,0,0,0,0,0,1,1,0,0,0,0,1,0,1,20,1,19,0,0,0,0,0,0,0,0,0
181002,26,Biological Sciences/LifeSciences,230,112,118,0,0,0,42,15,27,4,3,1,18,10,8,0,0,0,141,65,76,9,6,3,3,2,1,13,11,2
181002,27,Mathematics,26,13,13,0,0,0,4,0,4,1,1,0,1,0,1,0,0,0,17,11,6,0,0,0,0,0,0,3,1,2
181002,40,Physical Sciences,107,64,43,0,0,0,13,8,5,0,0,0,11,7,4,0,0,0,72,46,26,3,3,0,4,0,4,4,0,4
181002,52,Business Management and Administrative Services,378,220,158,1,0,1,20,16,4,9,4,5,18,12,6,1,0,1,306,181,125,10,4,6,3,0,3,10,3,7
181020,13,Education,155,59,96,1,0,1,1,0,1,3,3,0,14,8,6,0,0,0,128,47,81,6,1,5,1,0,1,1,0,1
181020,14,Engineering,7,7,0,0,0,0,0,0,0,0,0,0,0,0,0,0,0,0,7,7,0,0,0,0,0,0,0,0,0,0
181020,26,Biological Sciences/LifeSciences,100,53,47,0,0,0,2,1,1,2,2,0,5,2,3,0,0,0,84,43,41,2,1,1,3,3,0,2,1,1
181020,27,Mathematics,19,7,12,0,0,0,0,0,0,0,0,0,3,1,2,0,0,0,16,6,10,0,0,0,0,0,0,0,0,0
181020,40,Physical Sciences,6,4,2,0,0,0,1,0,1,0,0,0,0,0,0,0,0,0,4,3,1,1,1,0,0,0,0,0,0,0
181020,52,Business Management and Administrative Services,84,61,23,0,0,0,1,1,0,3,3,0,9,8,1,1,1,0,66,44,22,3,3,0,0,0,0,1,1,0
181093,13,Education,65,18,47,1,0,1,0,0,0,8,6,2,4,1,3,0,0,0,52,11,41,0,0,0,0,0,0,0,0,0
181093,52,Business Management and Administrative Services,43,27,16,0,0,0,1,0,1,8,2,6,1,1,0,1,1,0,30,22,8,0,0,0,0,0,0,2,1,1
181127,13,Education,161,53,108,0,0,0,1,1,0,2,1,1,8,4,4,1,1,0,144,46,98,3,0,3,2,0,2,0,0,0
181127,26,Biological Sciences/LifeSciences,153,49,104,1,1,0,2,2,0,6,3,3,11,4,7,0,0,0,129,38,91,3,1,2,1,0,1,0,0,0
181127,27,Mathematics,9,5,4,0,0,0,1,0,1,0,0,0,0,0,0,0,0,0,8,5,3,0,0,0,0,0,0,0,0,0
181127,40,Physical Sciences,28,23,5,0,0,0,1,1,0,0,0,0,1,1,0,0,0,0,26,21,5,0,0,0,0,0,0,0,0,0
181127,52,Business Management and Administrative Services,193,123,70,1,1,0,1,1,0,5,4,1,19,14,5,1,1,0,164,100,64,1,1,0,1,1,0,0,0,0
181215,13,Education,687,134,553,3,1,2,3,0,3,3,2,1,50,10,40,0,0,0,604,114,490,12,2,10,3,1,2,9,4,5
181215,26,Biological Sciences/LifeSciences,237,99,138,1,1,0,2,1,1,4,2,2,15,7,8,0,0,0,199,80,119,6,5,1,2,0,2,8,3,5
181215,27,Mathematics,33,18,15,0,0,0,0,0,0,0,0,0,5,4,1,0,0,0,24,12,12,2,0,2,0,0,0,2,2,0
181215,40,Physical Sciences,108,66,42,0,0,0,4,1,3,1,1,0,7,3,4,0,0,0,87,55,32,0,0,0,3,3,0,6,3,3
181215,52,Business Management and Administrative Services,876,575,301,0,0,0,12,8,4,17,13,4,102,71,31,0,0,0,628,395,233,15,12,3,5,5,0,97,71,26
181242,13,Education,10,0,10,1,0,1,0,0,0,1,0,1,0,0,0,0,0,0,5,0,5,0,0,0,3,0,3,0,0,0
181242,52,Business Management and Administrative Services,91,37,54,2,0,2,1,0,1,4,4,0,4,3,1,1,1,0,71,25,46,0,0,0,8,4,4,0,0,0
181330,13,Education,213,88,125,0,0,0,0,0,0,3,2,1,6,1,5,2,1,1,83,38,45,23,11,12,96,35,61,0,0,0
181330,26,Biological Sciences/LifeSciences,78,36,42,1,1,0,1,0,1,1,1,0,1,1,0,3,2,1,24,10,14,14,8,6,33,13,20,0,0,0
181330,27,Mathematics,18,17,1,0,0,0,0,0,0,0,0,0,0,0,0,1,1,0,4,3,1,6,6,0,7,7,0,0,0,0
181330,52,Business Management and Administrative Services,232,174,58,0,0,0,2,2,0,4,4,0,2,2,0,4,3,1,65,49,16,43,33,10,108,77,31,4,4,0
181394,13,Education,1003,233,770,3,1,2,14,4,10,21,1,20,102,26,76,2,1,1,786,187,599,47,8,39,19,4,15,9,1,8
181394,26,Biological Sciences/LifeSciences,1034,395,639,2,0,2,69,28,41,62,25,37,155,55,100,2,0,2,642,245,397,45,21,24,25,10,15,32,11,21
181394,27,Mathematics,129,91,38,0,0,0,6,3,3,5,5,0,8,6,2,0,0,0,95,69,26,5,2,3,3,1,2,7,5,2
181394,40,Physical Sciences,235,138,97,0,0,0,20,6,14,16,7,9,28,17,11,0,0,0,138,87,51,14,6,8,11,8,3,8,7,1
181394,52,Business Management and Administrative Services,2229,1323,906,4,2,2,77,32,45,91,54,37,224,130,94,3,1,2,1546,935,611,86,46,40,43,20,23,155,103,52
181400,13,Education,12,0,12,0,0,0,0,0,0,0,0,0,1,0,1,0,0,0,8,0,8,0,0,0,3,0,3,0,0,0
181400,52,Business Management and Administrative Services,82,24,58,0,0,0,0,0,0,14,5,9,3,1,2,0,0,0,51,13,38,1,0,1,13,5,8,0,0,0
181446,13,Education,110,30,80,0,0,0,3,1,2,1,1,0,3,0,3,0,0,0,101,28,73,0,0,0,1,0,1,1,0,1
181446,26,Biological Sciences/LifeSciences,112,40,72,0,0,0,2,0,2,0,0,0,3,0,3,0,0,0,101,39,62,3,1,2,2,0,2,1,0,1
181446,27,Mathematics,25,16,9,0,0,0,0,0,0,0,0,0,2,2,0,0,0,0,21,13,8,1,0,1,0,0,0,1,1,0
181446,40,Physical Sciences,25,20,5,0,0,0,0,0,0,0,0,0,2,1,1,0,0,0,20,16,4,0,0,0,1,1,0,2,2,0
181446,52,Business Management and Administrative Services,180,119,61,0,0,0,6,1,5,1,0,1,13,9,4,0,0,0,148,100,48,2,1,1,5,3,2,5,5,0
181464,13,Education,1368,377,991,2,0,2,11,2,9,17,4,13,62,16,46,0,0,0,1212,337,875,36,12,24,18,5,13,10,1,9
181464,14,Engineering,2863,2364,499,2,0,2,94,65,29,73,60,13,143,124,19,1,1,0,2114,1766,348,72,59,13,55,43,12,309,246,63
181464,26,Biological Sciences/LifeSciences,984,423,561,0,0,0,65,18,47,28,12,16,60,21,39,2,1,1,730,331,399,31,12,19,11,5,6,57,23,34
181464,27,Mathematics,169,107,62,0,0,0,7,5,2,3,2,1,9,7,2,0,0,0,97,58,39,5,3,2,2,1,1,46,31,15
181464,40,Physical Sciences,322,220,102,2,1,1,8,3,5,6,2,4,12,10,2,0,0,0,240,168,72,13,9,4,8,6,2,33,21,12
181464,52,Business Management and Administrative Services,3988,2475,1513,5,3,2,101,50,51,89,54,35,185,110,75,1,0,1,2838,1820,1018,98,58,40,38,22,16,633,358,275
181534,13,Education,360,126,234,2,1,1,1,1,0,20,17,3,23,11,12,0,0,0,297,89,208,16,7,9,1,0,1,0,0,0
181534,26,Biological Sciences/LifeSciences,76,29,47,0,0,0,0,0,0,2,1,1,10,3,7,0,0,0,57,23,34,3,0,3,0,0,0,4,2,2
181534,27,Mathematics,5,2,3,0,0,0,0,0,0,0,0,0,0,0,0,0,0,0,5,2,3,0,0,0,0,0,0,0,0,0
181534,52,Business Management and Administrative Services,431,207,224,1,0,1,5,3,2,31,19,12,26,16,10,0,0,0,344,153,191,11,6,5,6,6,0,7,4,3
181604,13,Education,55,0,55,0,0,0,0,0,0,8,0,8,8,0,8,0,0,0,37,0,37,2,0,2,0,0,0,0,0,0
181604,26,Biological Sciences/LifeSciences,77,0,77,2,0,2,6,0,6,3,0,3,8,0,8,0,0,0,58,0,58,0,0,0,0,0,0,0,0,0
181604,27,Mathematics,3,0,3,0,0,0,0,0,0,1,0,1,1,0,1,0,0,0,1,0,1,0,0,0,0,0,0,0,0,0
181604,40,Physical Sciences,4,0,4,0,0,0,0,0,0,1,0,1,0,0,0,0,0,0,2,0,2,1,0,1,0,0,0,0,0,0
181604,52,Business Management and Administrative Services,16,0,16,1,0,1,0,0,0,2,0,2,5,0,5,0,0,0,8,0,8,0,0,0,0,0,0,0,0,0
181738,13,Education,72,16,56,0,0,0,3,2,1,6,2,4,15,2,13,1,0,1,43,8,35,2,0,2,0,0,0,2,2,0
181738,14,Engineering,4,3,1,0,0,0,0,0,0,0,0,0,1,1,0,0,0,0,1,0,1,0,0,0,1,1,0,1,1,0
181738,26,Biological Sciences/LifeSciences,64,29,35,0,0,0,3,2,1,5,4,1,8,5,3,3,1,2,30,12,18,7,4,3,0,0,0,8,1,7
181738,27,Mathematics,2,1,1,0,0,0,0,0,0,0,0,0,1,0,1,0,0,0,1,1,0,0,0,0,0,0,0,0,0,0
181738,40,Physical Sciences,16,7,9,0,0,0,2,1,1,0,0,0,2,0,2,0,0,0,8,4,4,1,0,1,0,0,0,3,2,1
181738,52,Business Management and Administrative Services,98,58,40,0,0,0,4,3,1,2,0,2,18,9,9,1,0,1,56,35,21,3,2,1,1,1,0,13,8,5
181783,13,Education,808,236,572,8,2,6,6,2,4,5,3,2,55,17,38,1,0,1,704,206,498,14,2,12,15,4,11,0,0,0
181783,26,Biological Sciences/LifeSciences,110,33,77,1,0,1,1,1,0,2,1,1,7,2,5,0,0,0,98,28,70,1,1,0,0,0,0,0,0,0
181783,27,Mathematics,12,8,4,0,0,0,1,1,0,0,0,0,0,0,0,0,0,0,10,6,4,1,1,0,0,0,0,0,0,0
181783,40,Physical Sciences,32,12,20,0,0,0,0,0,0,0,0,0,2,0,2,0,0,0,28,12,16,0,0,0,2,0,2,0,0,0
181783,52,Business Management and Administrative Services,336,198,138,8,2,6,2,1,1,13,12,1,20,14,6,0,0,0,271,156,115,8,4,4,8,4,4,6,5,1
181853,13,Education,79,26,53,0,0,0,1,0,1,7,4,3,11,6,5,0,0,0,54,15,39,0,0,0,6,1,5,0,0,0
181853,26,Biological Sciences/LifeSciences,34,12,22,1,0,1,0,0,0,7,3,4,4,0,4,0,0,0,19,9,10,0,0,0,3,0,3,0,0,0
181853,27,Mathematics,7,3,4,0,0,0,0,0,0,1,1,0,0,0,0,0,0,0,5,2,3,0,0,0,1,0,1,0,0,0
181853,40,Physical Sciences,2,1,1,0,0,0,0,0,0,0,0,0,0,0,0,0,0,0,2,1,1,0,0,0,0,0,0,0,0,0
181853,52,Business Management and Administrative Services,62,40,22,0,0,0,2,0,2,11,9,2,13,12,1,0,0,0,34,18,16,0,0,0,1,0,1,1,1,0
182005,13,Education,1143,211,932,7,2,5,45,10,35,86,10,76,370,63,307,13,2,11,472,100,372,54,11,43,93,12,81,3,1,2
182005,14,Engineering,194,168,26,4,3,1,20,14,6,14,13,1,72,64,8,4,4,0,59,52,7,7,6,1,13,11,2,1,1,0
182005,26,Biological Sciences/LifeSciences,792,286,506,2,1,1,96,35,61,77,32,45,262,81,181,9,6,3,231,95,136,47,13,34,63,21,42,5,2,3
182005,27,Mathematics,37,26,11,0,0,0,3,1,2,4,2,2,13,9,4,0,0,0,14,11,3,0,0,0,3,3,0,0,0,0
182005,40,Physical Sciences,155,90,65,1,0,1,15,12,3,15,8,7,45,25,20,1,0,1,57,32,25,8,6,2,9,5,4,4,2,2
182005,52,Business Management and Administrative Services,4931,2280,2651,18,5,13,492,222,270,622,275,347,1411,652,759,102,43,59,1473,685,788,261,131,130,349,177,172,203,90,113
182111,52,Business Management and Administrative Services,32,6,26,1,1,0,3,1,2,12,2,10,7,0,7,0,0,0,1,0,1,0,0,0,8,2,6,0,0,0
182281,13,Education,1183,239,944,3,0,3,78,16,62,73,8,65,350,60,290,7,1,6,559,133,426,98,19,79,12,2,10,3,0,3
182281,14,Engineering,1507,1250,257,2,2,0,261,216,45,75,58,17,445,369,76,17,12,5,504,429,75,177,145,32,13,11,2,13,8,5
182281,26,Biological Sciences/LifeSciences,2298,866,1432,4,1,3,592,211,381,135,46,89,616,212,404,27,11,16,658,277,381,231,95,136,18,8,10,17,5,12
182281,27,Mathematics,243,161,82,0,0,0,37,23,14,12,5,7,59,35,24,1,1,0,103,76,27,24,17,7,4,3,1,3,1,2
182281,40,Physical Sciences,416,231,185,1,1,0,56,24,32,25,13,12,99,62,37,3,1,2,179,98,81,42,27,15,3,3,0,8,2,6
182281,52,Business Management and Administrative Services,5658,2698,2960,17,11,6,909,400,509,325,137,188,1328,596,732,48,25,23,1901,1016,885,458,228,230,30,20,10,642,265,377
182290,13,Education,834,193,641,3,0,3,27,6,21,17,3,14,162,43,119,2,0,2,573,125,448,39,12,27,9,4,5,2,0,2
182290,14,Engineering,2927,2422,505,19,14,5,273,211,62,64,48,16,528,429,99,16,11,5,1737,1472,265,167,137,30,48,43,5,75,57,18
182290,26,Biological Sciences/LifeSciences,2359,904,1455,14,3,11,346,148,198,97,39,58,573,222,351,19,8,11,1098,395,703,178,71,107,26,12,14,8,6,2
182290,27,Mathematics,214,121,93,2,0,2,13,8,5,4,2,2,40,22,18,1,0,1,133,78,55,15,10,5,2,0,2,4,1,3
182290,40,Physical Sciences,415,255,160,2,2,0,33,22,11,24,8,16,63,37,26,5,2,3,262,171,91,17,6,11,8,7,1,1,0,1
182290,52,Business Management and Administrative Services,2826,1862,964,21,13,8,191,106,85,88,53,35,510,316,194,18,11,7,1756,1210,546,155,98,57,37,26,11,50,29,21
182306,13,Education,283,41,242,10,2,8,3,0,3,1,0,1,49,7,42,1,0,1,191,30,161,6,0,6,22,2,20,0,0,0
182306,26,Biological Sciences/LifeSciences,36,9,27,2,1,1,1,1,0,0,0,0,10,4,6,0,0,0,18,1,17,1,0,1,4,2,2,0,0,0
182306,52,Business Management and Administrative Services,270,92,178,8,1,7,3,1,2,10,5,5,47,13,34,0,0,0,180,62,118,8,2,6,14,8,6,0,0,0
182458,26,Biological Sciences/LifeSciences,33,12,21,0,0,0,0,0,0,3,1,2,4,4,0,1,0,1,22,7,15,0,0,0,3,0,3,0,0,0
182458,52,Business Management and Administrative Services,185,125,60,3,1,2,5,2,3,3,1,2,5,4,1,1,0,1,151,103,48,0,0,0,11,9,2,6,5,1
182564,13,Education,20,0,20,0,0,0,0,0,0,1,0,1,4,0,4,0,0,0,14,0,14,0,0,0,1,0,1,0,0,0
182564,14,Engineering,2,2,0,0,0,0,0,0,0,0,0,0,1,1,0,0,0,0,1,1,0,0,0,0,0,0,0,0,0,0
182564,40,Physical Sciences,424,220,204,8,2,6,12,7,5,7,3,4,93,47,46,2,1,1,264,141,123,18,5,13,19,13,6,1,1,0
182564,52,Business Management and Administrative Services,281,110,171,2,2,0,13,6,7,4,3,1,62,24,38,2,1,1,178,64,114,4,3,1,16,7,9,0,0,0
182634,13,Education,65,2,63,0,0,0,2,0,2,3,1,2,3,0,3,0,0,0,47,1,46,0,0,0,10,0,10,0,0,0
182634,26,Biological Sciences/LifeSciences,91,20,71,1,1,0,2,0,2,11,3,8,5,1,4,0,0,0,57,10,47,0,0,0,1,1,0,14,4,10
182634,52,Business Management and Administrative Services,138,80,58,2,1,1,2,1,1,11,7,4,5,5,0,0,0,0,71,41,30,1,0,1,14,7,7,32,18,14
182670,14,Engineering,176,108,68,2,0,2,17,8,9,12,8,4,15,8,7,0,0,0,95,63,32,9,5,4,4,1,3,22,15,7
182670,26,Biological Sciences/LifeSciences,197,68,129,3,0,3,48,18,30,16,7,9,18,5,13,0,0,0,88,31,57,7,2,5,5,1,4,12,4,8
182670,27,Mathematics,57,33,24,0,0,0,15,8,7,1,1,0,5,5,0,0,0,0,18,11,7,1,0,1,2,1,1,15,7,8
182670,40,Physical Sciences,90,57,33,2,1,1,9,6,3,0,0,0,6,5,1,0,0,0,58,35,23,3,1,2,5,5,0,7,4,3
182795,13,Education,77,18,59,1,0,1,0,0,0,4,2,2,3,2,1,0,0,0,64,13,51,1,1,0,4,0,4,0,0,0
182795,26,Biological Sciences/LifeSciences,76,28,48,2,2,0,3,2,1,10,0,10,5,1,4,0,0,0,49,20,29,0,0,0,4,2,2,3,1,2
182795,52,Business Management and Administrative Services,309,193,116,0,0,0,6,2,4,21,17,4,20,13,7,1,1,0,219,133,86,4,4,0,27,15,12,11,8,3
182980,13,Education,84,24,60,0,0,0,1,0,1,13,3,10,4,1,3,0,0,0,62,17,45,1,1,0,2,1,1,1,1,0
182980,26,Biological Sciences/LifeSciences,99,36,63,0,0,0,2,1,1,32,14,18,5,3,2,1,1,0,51,14,37,6,3,3,1,0,1,1,0,1
182980,52,Business Management and Administrative Services,480,263,217,3,1,2,9,6,3,112,55,57,43,18,25,0,0,0,229,132,97,9,6,3,45,22,23,30,23,7
183026,13,Education,345,46,299,1,1,0,0,0,0,3,1,2,3,1,2,0,0,0,304,40,264,9,1,8,24,2,22,1,0,1
183026,14,Engineering,81,73,8,0,0,0,0,0,0,0,0,0,0,0,0,0,0,0,8,6,2,0,0,0,72,66,6,1,1,0
183026,27,Mathematics,624,348,276,2,0,2,18,10,8,84,37,47,52,34,18,1,0,1,362,201,161,9,5,4,93,58,35,3,3,0
183026,40,Physical Sciences,301,173,128,4,1,3,0,0,0,13,7,6,22,13,9,1,1,0,246,141,105,1,0,1,14,10,4,0,0,0
183026,52,Business Management and Administrative Services,17706,6811,10895,99,32,67,238,109,129,2470,740,1730,1284,454,830,54,17,37,9584,3800,5784,254,76,178,3481,1429,2052,242,154,88
183044,13,Education,41,17,24,0,0,0,0,0,0,0,0,0,1,1,0,0,0,0,37,15,22,0,0,0,3,1,2,0,0,0
183044,14,Engineering,1492,1172,320,2,2,0,50,32,18,17,14,3,51,42,9,0,0,0,1177,937,240,22,16,6,100,79,21,73,50,23
183044,26,Biological Sciences/LifeSciences,1225,351,874,2,0,2,46,16,30,20,7,13,63,12,51,0,0,0,964,282,682,30,9,21,89,20,69,11,5,6
183044,27,Mathematics,121,72,49,0,0,0,4,3,1,3,3,0,4,1,3,0,0,0,84,48,36,4,2,2,4,3,1,18,12,6
183044,40,Physical Sciences,180,112,68,0,0,0,5,3,2,1,1,0,4,2,2,0,0,0,146,88,58,4,3,1,11,7,4,9,8,1
183044,52,Business Management and Administrative Services,2494,1495,999,3,2,1,56,25,31,15,10,5,62,43,19,0,0,0,2006,1221,785,42,25,17,161,92,69,149,77,72
183062,13,Education,555,121,434,2,0,2,3,0,3,2,1,1,15,2,13,0,0,0,501,111,390,9,2,7,23,5,18,0,0,0
183062,26,Biological Sciences/LifeSciences,131,38,93,1,0,1,4,1,3,2,0,2,6,2,4,0,0,0,107,31,76,5,1,4,6,3,3,0,0,0
183062,27,Mathematics,45,30,15,0,0,0,1,0,1,0,0,0,2,2,0,0,0,0,38,25,13,0,0,0,4,3,1,0,0,0
183062,40,Physical Sciences,58,25,33,2,0,2,1,1,0,2,2,0,1,1,0,0,0,0,43,19,24,4,0,4,5,2,3,0,0,0
183062,52,Business Management and Administrative Services,222,135,87,0,0,0,5,4,1,3,1,2,8,6,2,0,0,0,191,117,74,3,1,2,12,6,6,0,0,0
183071,26,Biological Sciences/LifeSciences,183,54,129,1,0,1,10,4,6,3,2,1,13,5,8,0,0,0,139,37,102,4,1,3,12,4,8,1,1,0
183071,52,Business Management and Administrative Services,117,64,53,3,3,0,5,0,5,1,0,1,5,2,3,0,0,0,92,50,42,3,2,1,7,6,1,1,1,0
183080,13,Education,448,78,370,5,0,5,7,1,6,6,3,3,1,0,1,0,0,0,389,68,321,5,1,4,35,5,30,0,0,0
183080,26,Biological Sciences/LifeSciences,151,63,88,1,0,1,5,2,3,4,3,1,2,1,1,0,0,0,113,41,72,3,1,2,16,9,7,7,6,1
183080,27,Mathematics,40,22,18,0,0,0,2,1,1,1,1,0,0,0,0,0,0,0,33,18,15,1,0,1,3,2,1,0,0,0
183080,40,Physical Sciences,73,49,24,0,0,0,1,0,1,2,1,1,1,1,0,0,0,0,61,42,19,2,1,1,5,3,2,1,1,0
183080,52,Business Management and Administrative Services,864,607,257,4,3,1,13,8,5,20,16,4,13,7,6,2,1,1,711,501,210,10,5,5,60,41,19,31,25,6
183211,13,Education,135,19,116,1,1,0,1,0,1,1,0,1,2,0,2,0,0,0,112,17,95,4,1,3,14,0,14,0,0,0
183211,26,Biological Sciences/LifeSciences,56,16,40,0,0,0,4,1,3,3,1,2,2,0,2,0,0,0,44,13,31,3,1,2,0,0,0,0,0,0
183211,27,Mathematics,6,3,3,0,0,0,0,0,0,0,0,0,2,0,2,0,0,0,2,2,0,1,0,1,1,1,0,0,0,0
183211,52,Business Management and Administrative Services,148,104,44,1,1,0,8,4,4,1,1,0,10,6,4,0,0,0,112,79,33,4,4,0,12,9,3,0,0,0
183239,13,Education,130,13,117,0,0,0,1,0,1,0,0,0,2,0,2,0,0,0,123,13,110,1,0,1,3,0,3,0,0,0
183239,14,Engineering,28,24,4,0,0,0,0,0,0,2,2,0,0,0,0,0,0,0,26,22,4,0,0,0,0,0,0,0,0,0
183239,26,Biological Sciences/LifeSciences,145,63,82,0,0,0,4,1,3,9,6,3,13,7,6,0,0,0,111,45,66,4,3,1,3,0,3,1,1,0
183239,27,Mathematics,24,8,16,0,0,0,0,0,0,0,0,0,0,0,0,0,0,0,21,5,16,2,2,0,0,0,0,1,1,0
183239,40,Physical Sciences,51,18,33,0,0,0,0,0,0,2,1,1,4,1,3,0,0,0,40,14,26,2,0,2,3,2,1,0,0,0
183239,52,Business Management and Administrative Services,378,252,126,1,1,0,3,0,3,6,6,0,13,9,4,0,0,0,333,223,110,3,1,2,13,9,4,6,3,3
183257,13,Education,326,33,293,3,1,2,1,0,1,8,0,8,9,0,9,0,0,0,283,32,251,5,0,5,17,0,17,0,0,0
183257,52,Business Management and Administrative Services,526,141,385,1,0,1,9,2,7,15,5,10,26,7,19,0,0,0,426,111,315,8,2,6,41,14,27,0,0,0
183789,52,Business Management and Administrative Services,1325,432,893,3,2,1,41,17,24,319,98,221,484,173,311,6,2,4,219,61,158,0,0,0,246,73,173,7,6,1
183822,13,Education,28,7,21,0,0,0,0,0,0,12,1,11,7,3,4,0,0,0,6,2,4,0,0,0,1,0,1,2,1,1
183822,26,Biological Sciences/LifeSciences,109,34,75,0,0,0,6,4,2,51,16,35,27,5,22,1,0,1,12,4,8,0,0,0,4,1,3,8,4,4
183822,27,Mathematics,8,3,5,0,0,0,1,0,1,3,1,2,2,1,1,0,0,0,1,0,1,0,0,0,1,1,0,0,0,0
183822,40,Physical Sciences,25,8,17,0,0,0,0,0,0,10,2,8,8,3,5,0,0,0,3,1,2,0,0,0,0,0,0,4,2,2
183822,52,Business Management and Administrative Services,287,152,135,0,0,0,3,3,0,155,76,79,73,40,33,4,3,1,19,9,10,3,0,3,9,4,5,21,17,4
183910,13,Education,28,4,24,0,0,0,0,0,0,2,0,2,3,0,3,0,0,0,16,2,14,0,0,0,7,2,5,0,0,0
183910,26,Biological Sciences/LifeSciences,125,33,92,0,0,0,10,4,6,18,6,12,19,7,12,0,0,0,29,5,24,0,0,0,30,7,23,19,4,15
183910,27,Mathematics,28,10,18,0,0,0,0,0,0,4,1,3,2,0,2,0,0,0,11,2,9,0,0,0,6,2,4,5,5,0
183910,40,Physical Sciences,5,1,4,0,0,0,0,0,0,0,0,0,1,1,0,0,0,0,3,0,3,0,0,0,1,0,1,0,0,0
183910,52,Business Management and Administrative Services,277,143,134,0,0,0,4,3,1,41,18,23,43,20,23,0,0,0,99,54,45,0,0,0,47,17,30,43,31,12
183974,13,Education,159,22,137,0,0,0,2,0,2,9,3,6,13,2,11,0,0,0,112,16,96,0,0,0,23,1,22,0,0,0
183974,26,Biological Sciences/LifeSciences,77,23,54,0,0,0,0,0,0,9,2,7,15,8,7,0,0,0,41,10,31,0,0,0,10,3,7,2,0,2
183974,27,Mathematics,10,4,6,0,0,0,0,0,0,0,0,0,1,1,0,0,0,0,8,3,5,0,0,0,1,0,1,0,0,0
183974,52,Business Management and Administrative Services,553,297,256,2,2,0,9,3,6,68,42,26,79,43,36,0,0,0,277,144,133,0,0,0,93,44,49,25,19,6
184348,26,Biological Sciences/LifeSciences,133,37,96,0,0,0,20,4,16,7,3,4,19,6,13,0,0,0,66,20,46,5,0,5,10,2,8,6,2,4
184348,27,Mathematics,20,9,11,0,0,0,2,2,0,0,0,0,2,1,1,0,0,0,11,4,7,0,0,0,0,0,0,5,2,3
184348,40,Physical Sciences,33,18,15,0,0,0,2,1,1,2,1,1,3,2,1,0,0,0,14,6,8,3,2,1,2,2,0,7,4,3
184348,52,Business Management and Administrative Services,87,46,41,0,0,0,1,0,1,10,5,5,8,6,2,0,0,0,34,20,14,5,2,3,9,5,4,20,8,12
184603,14,Engineering,84,75,9,1,0,1,3,3,0,10,10,0,17,15,2,0,0,0,20,16,4,2,2,0,9,8,1,22,21,1
184603,26,Biological Sciences/LifeSciences,208,69,139,0,0,0,21,9,12,34,8,26,59,14,45,2,1,1,62,23,39,5,4,1,17,8,9,8,2,6
184603,27,Mathematics,17,7,10,0,0,0,0,0,0,0,0,0,5,3,2,0,0,0,9,1,8,0,0,0,1,1,0,2,2,0
184603,40,Physical Sciences,23,9,14,0,0,0,2,1,1,4,1,3,2,2,0,0,0,0,11,3,8,0,0,0,1,1,0,3,1,2
184603,52,Business Management and Administrative Services,358,179,179,1,1,0,28,12,16,37,16,21,103,42,61,1,0,1,68,43,25,8,3,5,25,9,16,87,53,34
184612,13,Education,134,24,110,0,0,0,1,0,1,13,1,12,30,6,24,1,0,1,73,13,60,0,0,0,13,4,9,3,0,3
184612,26,Biological Sciences/LifeSciences,196,45,151,1,0,1,9,3,6,48,12,36,74,13,61,2,1,1,43,10,33,1,1,0,17,5,12,1,0,1
184612,27,Mathematics,6,6,0,0,0,0,0,0,0,0,0,0,2,2,0,0,0,0,4,4,0,0,0,0,0,0,0,0,0,0
184612,52,Business Management and Administrative Services,228,131,97,1,1,0,10,6,4,53,26,27,57,32,25,0,0,0,68,37,31,0,0,0,28,20,8,11,9,2
184694,26,Biological Sciences/LifeSciences,257,84,173,1,1,0,44,14,30,22,5,17,46,12,34,2,0,2,113,43,70,11,2,9,15,6,9,3,1,2
184694,27,Mathematics,52,18,34,0,0,0,2,2,0,4,3,1,9,3,6,0,0,0,31,8,23,3,1,2,3,1,2,0,0,0
184694,40,Physical Sciences,15,3,12,0,0,0,3,2,1,2,0,2,0,0,0,0,0,0,8,1,7,0,0,0,2,0,2,0,0,0
184694,52,Business Management and Administrative Services,618,347,271,0,0,0,24,12,12,49,34,15,102,53,49,2,0,2,381,216,165,15,8,7,42,24,18,3,0,3
184773,26,Biological Sciences/LifeSciences,96,27,69,1,0,1,3,1,2,10,3,7,9,2,7,0,0,0,62,17,45,3,1,2,6,2,4,2,1,1
184773,27,Mathematics,33,8,25,0,0,0,0,0,0,2,1,1,2,0,2,0,0,0,23,5,18,0,0,0,5,1,4,1,1,0
184773,40,Physical Sciences,6,2,4,0,0,0,0,0,0,0,0,0,1,0,1,0,0,0,3,2,1,2,0,2,0,0,0,0,0,0
184773,52,Business Management and Administrative Services,180,108,72,2,0,2,3,2,1,29,20,9,19,12,7,0,0,0,98,51,47,4,2,2,11,9,2,14,12,2
184782,13,Education,1768,521,1247,3,2,1,46,17,29,172,72,100,140,49,91,3,1,2,1293,334,959,49,24,25,58,21,37,4,1,3
184782,14,Engineering,1327,1097,230,2,1,1,68,52,16,21,17,4,62,45,17,1,1,0,1058,888,170,38,32,6,63,51,12,14,10,4
184782,26,Biological Sciences/LifeSciences,1217,493,724,1,0,1,112,46,66,174,49,125,158,57,101,3,0,3,664,296,368,46,18,28,47,18,29,12,9,3
184782,27,Mathematics,282,162,120,0,0,0,15,10,5,25,14,11,24,16,8,0,0,0,198,109,89,6,5,1,12,7,5,2,1,1
184782,40,Physical Sciences,299,228,71,0,0,0,16,11,5,25,17,8,21,16,5,0,0,0,215,170,45,11,7,4,9,6,3,2,1,1
184782,52,Business Management and Administrative Services,1857,1302,555,3,3,0,83,51,32,112,79,33,151,112,39,0,0,0,1353,959,394,46,26,20,79,56,23,30,16,14
185129,13,Education,9,0,9,0,0,0,0,0,0,3,0,3,3,0,3,0,0,0,3,0,3,0,0,0,0,0,0,0,0,0
185129,26,Biological Sciences/LifeSciences,241,67,174,1,0,1,31,9,22,45,12,33,98,27,71,2,0,2,48,14,34,3,2,1,12,3,9,1,0,1
185129,27,Mathematics,112,34,78,1,0,1,12,2,10,9,2,7,57,21,36,0,0,0,20,5,15,3,0,3,7,2,5,3,2,1
185129,40,Physical Sciences,54,23,31,0,0,0,2,1,1,12,5,7,17,6,11,0,0,0,19,10,9,1,1,0,3,0,3,0,0,0
185129,52,Business Management and Administrative Services,635,272,363,2,0,2,67,31,36,90,42,48,256,106,150,7,0,7,140,65,75,14,6,8,48,15,33,11,7,4
185262,13,Education,1787,414,1373,2,1,1,47,4,43,246,63,183,474,92,382,5,1,4,843,213,630,30,7,23,126,30,96,14,3,11
185262,26,Biological Sciences/LifeSciences,1127,393,734,1,0,1,146,62,84,241,91,150,335,100,235,5,3,2,256,87,169,35,17,18,91,28,63,17,5,12
185262,27,Mathematics,177,85,92,0,0,0,9,4,5,30,17,13,56,26,30,2,1,1,59,27,32,5,2,3,14,6,8,2,2,0
185262,40,Physical Sciences,112,48,64,0,0,0,13,2,11,27,10,17,31,15,16,0,0,0,31,15,16,2,1,1,5,5,0,3,0,3
185262,52,Business Management and Administrative Services,2238,1147,1091,4,4,0,135,78,57,409,219,190,599,265,334,6,2,4,712,440,272,35,15,20,184,89,95,154,35,119
185572,13,Education,345,47,298,0,0,0,1,0,1,4,0,4,20,4,16,0,0,0,302,38,264,6,2,4,12,3,9,0,0,0
185572,14,Engineering,62,54,8,0,0,0,5,4,1,7,7,0,11,8,3,0,0,0,35,31,4,2,2,0,0,0,0,2,2,0
185572,26,Biological Sciences/LifeSciences,344,112,232,1,0,1,33,11,22,18,4,14,56,12,44,0,0,0,210,77,133,15,4,11,9,4,5,2,0,2
185572,27,Mathematics,76,19,57,0,0,0,2,1,1,0,0,0,4,3,1,0,0,0,64,13,51,2,1,1,3,0,3,1,1,0
185572,40,Physical Sciences,83,31,52,0,0,0,12,5,7,4,2,2,13,2,11,0,0,0,46,19,27,3,1,2,4,2,2,1,0,1
185572,52,Business Management and Administrative Services,1198,743,455,1,0,1,30,14,16,48,35,13,132,74,58,0,0,0,908,571,337,21,13,8,45,29,16,13,7,6
185590,13,Education,278,175,103,0,0,0,5,5,0,21,14,7,52,35,17,0,0,0,158,95,63,4,3,1,33,18,15,5,5,0
185590,26,Biological Sciences/LifeSciences,1259,404,855,0,0,0,127,38,89,203,59,144,368,106,262,7,3,4,383,137,246,42,10,32,101,38,63,28,13,15
185590,27,Mathematics,298,108,190,0,0,0,15,9,6,29,11,18,86,30,56,1,0,1,130,46,84,3,1,2,30,10,20,4,1,3
185590,40,Physical Sciences,221,123,98,1,0,1,22,11,11,25,16,9,52,27,25,2,1,1,85,52,33,4,1,3,28,14,14,2,1,1
185590,52,Business Management and Administrative Services,2572,1336,1236,2,2,0,168,83,85,233,100,133,676,347,329,9,6,3,1154,628,526,45,25,20,220,117,103,65,28,37
185828,14,Engineering,3292,2682,610,1,1,0,664,520,144,255,205,50,717,572,145,3,3,0,1203,1019,184,101,85,16,187,156,31,161,121,40
185828,26,Biological Sciences/LifeSciences,384,157,227,0,0,0,157,63,94,20,6,14,40,10,30,0,0,0,119,55,64,17,8,9,22,13,9,9,2,7
185828,27,Mathematics,124,90,34,0,0,0,21,9,12,10,8,2,28,21,7,0,0,0,46,38,8,3,2,1,11,8,3,5,4,1
185828,40,Physical Sciences,68,57,11,0,0,0,10,9,1,2,2,0,10,8,2,0,0,0,35,29,6,2,2,0,6,4,2,3,3,0
185828,52,Business Management and Administrative Services,388,283,105,1,0,1,94,61,33,43,26,17,75,57,18,0,0,0,102,87,15,10,7,3,28,20,8,35,25,10
186131,14,Engineering,1083,689,394,0,0,0,348,199,149,46,35,11,94,59,35,1,0,1,386,260,126,28,23,5,17,7,10,163,106,57
186131,26,Biological Sciences/LifeSciences,256,90,166,0,0,0,57,19,38,32,11,21,32,17,15,0,0,0,91,34,57,12,4,8,1,0,1,31,5,26
186131,27,Mathematics,68,56,12,0,0,0,23,20,3,2,2,0,4,3,1,0,0,0,20,18,2,1,1,0,1,1,0,17,11,6
186131,40,Physical Sciences,130,69,61,0,0,0,25,11,14,4,1,3,5,2,3,0,0,0,67,39,28,7,4,3,4,3,1,18,9,9
186201,26,Biological Sciences/LifeSciences,465,176,289,2,0,2,70,30,40,22,3,19,69,27,42,2,0,2,259,97,162,6,2,4,28,11,17,7,6,1
186201,27,Mathematics,83,38,45,0,0,0,7,5,2,0,0,0,6,3,3,0,0,0,67,29,38,0,0,0,2,1,1,1,0,1
186201,40,Physical Sciences,80,58,22,0,0,0,5,4,1,4,2,2,10,7,3,0,0,0,42,29,13,2,1,1,6,6,0,11,9,2
186201,52,Business Management and Administrative Services,1193,745,448,5,2,3,70,43,27,54,30,24,160,97,63,2,0,2,811,512,299,9,7,2,64,43,21,18,11,7
186283,13,Education,553,120,433,1,0,1,14,4,10,25,4,21,54,21,33,0,0,0,441,88,353,14,3,11,3,0,3,1,0,1
186283,26,Biological Sciences/LifeSciences,180,62,118,0,0,0,16,5,11,36,10,26,38,11,27,1,1,0,76,32,44,4,0,4,2,1,1,7,2,5
186283,27,Mathematics,31,17,14,0,0,0,2,2,0,2,2,0,2,0,2,0,0,0,18,8,10,0,0,0,0,0,0,7,5,2
186283,40,Physical Sciences,40,16,24,0,0,0,1,1,0,3,1,2,10,5,5,0,0,0,24,9,15,2,0,2,0,0,0,0,0,0
186283,52,Business Management and Administrative Services,1287,762,525,2,2,0,85,46,39,126,67,59,196,107,89,1,0,1,734,460,274,26,10,16,34,18,16,83,52,31
186371,26,Biological Sciences/LifeSciences,335,125,210,0,0,0,69,26,43,50,17,33,50,11,39,0,0,0,141,61,80,15,6,9,4,2,2,6,2,4
186371,27,Mathematics,45,24,21,0,0,0,4,2,2,2,2,0,6,4,2,0,0,0,25,12,13,4,1,3,3,2,1,1,1,0
186371,40,Physical Sciences,62,32,30,0,0,0,8,6,2,9,3,6,8,2,6,0,0,0,35,19,16,2,2,0,0,0,0,0,0,0
186371,52,Business Management and Administrative Services,1365,811,554,2,2,0,137,67,70,176,72,104,177,104,73,2,0,2,781,514,267,37,21,16,26,15,11,27,16,11
186380,14,Engineering,2911,2214,697,3,3,0,958,703,255,123,90,33,289,217,72,9,6,3,1121,897,224,89,65,24,50,38,12,269,195,74
186380,26,Biological Sciences/LifeSciences,1553,700,853,3,2,1,554,231,323,125,44,81,175,79,96,3,2,1,553,290,263,45,17,28,29,12,17,66,23,43
186380,27,Mathematics,392,235,157,0,0,0,75,50,25,6,4,2,26,16,10,1,0,1,147,94,53,9,5,4,10,8,2,118,58,60
186380,40,Physical Sciences,434,286,148,0,0,0,95,53,42,18,11,7,52,32,20,1,1,0,213,157,56,14,9,5,8,4,4,33,19,14
186380,52,Business Management and Administrative Services,6096,3274,2822,1,1,0,1705,830,875,288,153,135,620,316,304,12,9,3,2318,1433,885,135,72,63,82,39,43,935,421,514
186399,14,Engineering,22,10,12,0,0,0,3,3,0,6,1,5,4,2,2,0,0,0,5,4,1,2,0,2,0,0,0,2,0,2
186399,26,Biological Sciences/LifeSciences,552,195,357,0,0,0,157,57,100,76,26,50,107,31,76,2,2,0,135,47,88,13,7,6,49,19,30,13,6,7
186399,27,Mathematics,53,31,22,0,0,0,10,5,5,12,8,4,16,7,9,0,0,0,12,9,3,1,1,0,1,0,1,1,1,0
186399,40,Physical Sciences,104,47,57,0,0,0,21,7,14,23,9,14,18,11,7,3,0,3,31,18,13,2,1,1,2,0,2,4,1,3
186399,52,Business Management and Administrative Services,2666,1511,1155,1,1,0,691,394,297,281,140,141,775,396,379,3,2,1,634,417,217,55,37,18,46,26,20,180,98,82
186432,13,Education,109,14,95,0,0,0,3,1,2,23,5,18,52,5,47,0,0,0,24,2,22,0,0,0,7,1,6,0,0,0
186432,26,Biological Sciences/LifeSciences,422,114,308,2,0,2,54,17,37,99,29,70,167,40,127,3,1,2,50,16,34,11,2,9,22,5,17,14,4,10
186432,27,Mathematics,41,22,19,0,0,0,5,4,1,7,3,4,19,9,10,0,0,0,8,5,3,1,0,1,0,0,0,1,1,0
186432,40,Physical Sciences,38,18,20,0,0,0,4,1,3,11,3,8,14,8,6,0,0,0,7,5,2,1,1,0,1,0,1,0,0,0
186432,52,Business Management and Administrative Services,529,250,279,3,3,0,32,19,13,95,55,40,227,90,137,6,4,2,88,52,36,10,4,6,57,15,42,11,8,3
186584,13,Education,268,27,241,0,0,0,17,2,15,8,1,7,43,7,36,0,0,0,174,14,160,12,2,10,12,1,11,2,0,2
186584,26,Biological Sciences/LifeSciences,655,216,439,0,0,0,143,53,90,37,11,26,113,41,72,2,1,1,299,90,209,25,10,15,25,7,18,11,3,8
186584,27,Mathematics,59,39,20,0,0,0,2,1,1,4,1,3,9,7,2,0,0,0,33,22,11,1,1,0,6,4,2,4,3,1
186584,40,Physical Sciences,137,98,39,0,0,0,9,6,3,19,11,8,23,17,6,0,0,0,72,53,19,4,3,1,4,3,1,6,5,1
186584,52,Business Management and Administrative Services,977,660,317,2,2,0,79,41,38,51,25,26,142,84,58,0,0,0,587,433,154,32,20,12,47,31,16,37,24,13
186618,13,Education,45,5,40,0,0,0,0,0,0,17,2,15,8,1,7,0,0,0,17,2,15,0,0,0,3,0,3,0,0,0
186618,26,Biological Sciences/LifeSciences,74,6,68,0,0,0,3,1,2,29,2,27,18,2,16,0,0,0,14,1,13,3,0,3,4,0,4,3,0,3
186618,27,Mathematics,10,3,7,1,0,1,0,0,0,5,1,4,3,2,1,0,0,0,1,0,1,0,0,0,0,0,0,0,0,0
186618,40,Physical Sciences,7,2,5,0,0,0,1,1,0,3,1,2,0,0,0,0,0,0,3,0,3,0,0,0,0,0,0,0,0,0
186618,52,Business Management and Administrative Services,69,22,47,0,0,0,0,0,0,35,12,23,15,6,9,0,0,0,9,1,8,4,1,3,4,1,3,2,1,1
186867,14,Engineering,2016,1413,603,2,1,1,200,130,70,47,32,15,186,119,67,0,0,0,1371,987,384,0,0,0,117,75,42,93,69,24
186867,26,Biological Sciences/LifeSciences,78,25,53,0,0,0,11,4,7,1,0,1,14,5,9,0,0,0,49,15,34,0,0,0,2,1,1,1,0,1
186867,27,Mathematics,16,11,5,0,0,0,3,2,1,0,0,0,0,0,0,0,0,0,10,7,3,0,0,0,1,1,0,2,1,1
186867,40,Physical Sciences,32,25,7,0,0,0,1,0,1,0,0,0,5,3,2,0,0,0,19,16,3,0,0,0,1,0,1,6,6,0
186867,52,Business Management and Administrative Services,428,290,138,0,0,0,60,34,26,6,5,1,42,30,12,0,0,0,273,192,81,0,0,0,28,16,12,19,13,6
186876,13,Education,57,22,35,0,0,0,2,0,2,2,0,2,3,1,2,0,0,0,49,21,28,0,0,0,1,0,1,0,0,0
186876,26,Biological Sciences/LifeSciences,748,264,484,0,0,0,90,28,62,44,9,35,81,30,51,1,0,1,492,182,310,25,9,16,13,4,9,2,2,0
186876,27,Mathematics,153,83,70,0,0,0,12,7,5,6,5,1,8,6,2,0,0,0,121,61,60,4,3,1,2,1,1,0,0,0
186876,40,Physical Sciences,186,125,61,1,1,0,15,11,4,7,6,1,21,12,9,0,0,0,134,91,43,1,1,0,5,2,3,2,1,1
186876,52,Business Management and Administrative Services,1397,815,582,2,1,1,87,46,41,90,52,38,152,81,71,2,0,2,1027,613,414,24,14,10,8,6,2,5,2,3
187046,27,Mathematics,2,1,1,0,0,0,0,0,0,0,0,0,1,0,1,0,0,0,0,0,0,0,0,0,1,1,0,0,0,0
187046,52,Business Management and Administrative Services,2580,1436,1144,7,6,1,79,51,28,400,162,238,265,127,138,8,6,2,1356,804,552,56,27,29,382,235,147,27,18,9
187134,13,Education,1038,180,858,4,1,3,56,14,42,37,8,29,117,19,98,4,1,3,790,133,657,3,0,3,26,4,22,1,0,1
187134,14,Engineering,539,411,128,1,1,0,71,47,24,19,17,2,72,52,20,2,2,0,358,280,78,0,0,0,13,9,4,3,3,0
187134,26,Biological Sciences/LifeSciences,459,165,294,0,0,0,177,72,105,27,10,17,54,15,39,0,0,0,176,61,115,1,0,1,22,6,16,2,1,1
187134,27,Mathematics,274,113,161,0,0,0,28,15,13,7,3,4,27,10,17,0,0,0,201,82,119,2,0,2,8,2,6,1,1,0
187134,40,Physical Sciences,198,107,91,0,0,0,27,15,12,9,4,5,32,16,16,0,0,0,122,69,53,1,1,0,5,1,4,2,1,1
187134,52,Business Management and Administrative Services,948,565,383,3,0,3,93,45,48,51,36,15,126,77,49,2,1,1,642,394,248,3,1,2,26,11,15,2,0,2
187444,13,Education,706,129,577,0,0,0,14,0,14,54,11,43,197,26,171,0,0,0,410,87,323,12,1,11,15,2,13,4,2,2
187444,26,Biological Sciences/LifeSciences,551,200,351,1,1,0,79,26,53,74,26,48,169,60,109,0,0,0,184,71,113,17,8,9,18,6,12,9,2,7
187444,27,Mathematics,122,61,61,1,1,0,10,6,4,20,10,10,43,18,25,0,0,0,42,23,19,4,3,1,1,0,1,1,0,1
187444,40,Physical Sciences,98,45,53,0,0,0,8,3,5,24,9,15,25,7,18,0,0,0,34,20,14,2,1,1,3,3,0,2,2,0
187444,52,Business Management and Administrative Services,1602,1009,593,1,1,0,105,70,35,237,126,111,500,301,199,0,0,0,664,451,213,29,19,10,40,30,10,26,11,15
187596,13,Education,175,108,67,173,106,67,1,1,0,0,0,0,0,0,0,0,0,0,0,0,0,0,0,0,0,0,0,1,1,0
187596,14,Engineering,42,10,32,42,10,32,0,0,0,0,0,0,0,0,0,0,0,0,0,0,0,0,0,0,0,0,0,0,0,0
187596,27,Mathematics,10,3,7,10,3,7,0,0,0,0,0,0,0,0,0,0,0,0,0,0,0,0,0,0,0,0,0,0,0,0
187596,52,Business Management and Administrative Services,225,141,84,224,140,84,0,0,0,0,0,0,0,0,0,0,0,0,0,0,0,0,0,0,1,1,0,0,0,0
187648,13,Education,304,114,190,6,1,5,0,0,0,18,13,5,138,53,85,5,3,2,117,34,83,10,1,9,3,3,0,7,6,1
187648,26,Biological Sciences/LifeSciences,224,86,138,5,0,5,2,1,1,12,4,8,93,40,53,0,0,0,88,37,51,13,3,10,5,0,5,6,1,5
187648,27,Mathematics,28,9,19,0,0,0,0,0,0,0,0,0,8,3,5,1,1,0,16,4,12,1,1,0,1,0,1,1,0,1
187648,40,Physical Sciences,11,7,4,2,1,1,0,0,0,0,0,0,2,0,2,0,0,0,6,6,0,1,0,1,0,0,0,0,0,0
187648,52,Business Management and Administrative Services,402,200,202,9,2,7,6,1,5,32,25,7,146,75,71,3,0,3,171,77,94,9,6,3,5,2,3,21,12,9
187745,52,Business Management and Administrative Services,8,1,7,7,1,6,0,0,0,0,0,0,0,0,0,0,0,0,0,0,0,0,0,0,1,0,1,0,0,0
187897,13,Education,368,106,262,22,4,18,4,0,4,25,19,6,189,57,132,0,0,0,100,18,82,7,3,4,4,1,3,17,4,13
187897,14,Engineering,20,18,2,4,4,0,0,0,0,2,2,0,12,10,2,0,0,0,1,1,0,0,0,0,1,1,0,0,0,0
187897,26,Biological Sciences/LifeSciences,97,36,61,7,5,2,0,0,0,6,1,5,68,24,44,0,0,0,10,4,6,4,1,3,0,0,0,2,1,1
187897,27,Mathematics,14,8,6,2,1,1,0,0,0,0,0,0,4,2,2,0,0,0,2,1,1,0,0,0,1,1,0,5,3,2
187897,40,Physical Sciences,47,22,25,2,1,1,0,0,0,1,0,1,25,12,13,2,1,1,10,6,4,1,0,1,0,0,0,6,2,4
187897,52,Business Management and Administrative Services,289,121,168,21,4,17,2,1,1,16,12,4,166,67,99,4,2,2,53,25,28,4,2,2,2,1,1,21,7,14
187967,14,Engineering,920,717,203,29,21,8,34,27,7,19,17,2,288,205,83,1,1,0,458,386,72,49,36,13,16,11,5,26,13,13
187967,26,Biological Sciences/LifeSciences,98,37,61,3,2,1,8,4,4,1,1,0,33,14,19,0,0,0,46,13,33,5,3,2,2,0,2,0,0,0
187967,27,Mathematics,36,23,13,2,1,1,0,0,0,0,0,0,9,7,2,0,0,0,23,14,9,1,0,1,0,0,0,1,1,0
187967,40,Physical Sciences,147,84,63,7,5,2,1,1,0,1,0,1,39,22,17,0,0,0,87,52,35,6,1,5,0,0,0,6,3,3
187967,52,Business Management and Administrative Services,7,7,0,0,0,0,0,0,0,0,0,0,4,4,0,0,0,0,3,3,0,0,0,0,0,0,0,0,0,0
187985,13,Education,1670,544,1126,130,39,91,39,13,26,44,11,33,855,278,577,2,1,1,522,176,346,53,15,38,11,4,7,14,7,7
187985,14,Engineering,1799,1417,382,97,72,25,78,63,15,33,27,6,788,608,180,5,4,1,607,489,118,59,42,17,32,26,6,100,86,14
187985,26,Biological Sciences/LifeSciences,2030,774,1256,88,41,47,161,68,93,42,16,26,966,352,614,4,4,0,653,252,401,62,21,41,25,12,13,29,8,21
187985,27,Mathematics,168,93,75,7,4,3,10,6,4,2,0,2,61,32,29,0,0,0,65,36,29,10,6,4,6,4,2,7,5,2
187985,40,Physical Sciences,426,265,161,21,10,11,20,5,15,3,1,2,165,106,59,1,0,1,189,129,60,16,8,8,6,3,3,5,3,2
187985,52,Business Management and Administrative Services,2570,1441,1129,158,64,94,88,39,49,51,31,20,1297,731,566,6,5,1,806,474,332,84,48,36,28,16,12,52,33,19
188030,13,Education,910,196,714,16,4,12,7,2,5,11,5,6,564,121,443,1,1,0,264,51,213,9,2,7,28,7,21,10,3,7
188030,14,Engineering,1485,1185,300,25,19,6,14,12,2,23,20,3,748,574,174,1,0,1,377,303,74,19,12,7,33,24,9,245,221,24
188030,26,Biological Sciences/LifeSciences,637,229,408,14,3,11,13,5,8,18,7,11,379,133,246,0,0,0,167,65,102,11,3,8,19,6,13,16,7,9
188030,27,Mathematics,43,21,22,2,1,1,1,0,1,2,2,0,17,8,9,0,0,0,17,8,9,1,0,1,1,0,1,2,2,0
188030,40,Physical Sciences,129,73,56,4,1,3,1,0,1,0,0,0,58,32,26,0,0,0,50,30,20,4,0,4,7,6,1,5,4,1
188030,52,Business Management and Administrative Services,1580,811,769,22,12,10,29,12,17,51,33,18,872,409,463,2,1,1,470,262,208,28,13,15,34,21,13,72,48,24
188058,13,Education,164,28,136,24,4,20,6,2,4,4,2,2,96,12,84,0,0,0,20,8,12,12,0,12,2,0,2,0,0,0
188058,14,Engineering,39,34,5,6,6,0,0,0,0,4,4,0,23,22,1,0,0,0,4,0,4,2,2,0,0,0,0,0,0,0
188058,26,Biological Sciences/LifeSciences,90,30,60,12,0,12,0,0,0,2,2,0,52,20,32,0,0,0,10,4,6,6,2,4,7,1,6,1,1,0
188058,27,Mathematics,22,12,10,0,0,0,0,0,0,0,0,0,14,8,6,0,0,0,6,4,2,0,0,0,0,0,0,2,0,2
188058,52,Business Management and Administrative Services,348,130,218,34,4,30,4,0,4,20,14,6,244,88,156,0,0,0,14,8,6,18,2,16,4,4,0,10,10,0
188146,52,Business Management and Administrative Services,28,11,17,0,0,0,1,0,1,6,3,3,4,2,2,1,0,1,11,4,7,3,0,3,0,0,0,2,2,0
188182,13,Education,92,17,75,1,0,1,1,0,1,3,0,3,50,8,42,0,0,0,19,3,16,0,0,0,18,6,12,0,0,0
188182,26,Biological Sciences/LifeSciences,47,16,31,0,0,0,0,0,0,7,2,5,23,7,16,0,0,0,2,0,2,0,0,0,15,7,8,0,0,0
188182,52,Business Management and Administrative Services,110,75,35,0,0,0,1,1,0,13,10,3,47,27,20,0,0,0,13,7,6,0,0,0,36,30,6,0,0,0
188304,13,Education,172,31,141,6,1,5,5,4,1,5,3,2,103,16,87,0,0,0,40,6,34,0,0,0,11,1,10,2,0,2
188304,26,Biological Sciences/LifeSciences,89,35,54,4,0,4,1,0,1,3,1,2,37,15,22,0,0,0,36,15,21,2,1,1,3,1,2,3,2,1
188304,27,Mathematics,22,15,7,0,0,0,0,0,0,0,0,0,10,6,4,0,0,0,8,5,3,0,0,0,1,1,0,3,3,0
188304,40,Physical Sciences,37,15,22,0,0,0,0,0,0,2,0,2,18,7,11,0,0,0,12,5,7,0,0,0,3,2,1,2,1,1
188304,52,Business Management and Administrative Services,192,102,90,4,0,4,8,7,1,24,20,4,90,34,56,2,1,1,43,25,18,1,1,0,8,4,4,12,10,2
188340,14,Engineering,101,82,19,0,0,0,20,17,3,9,7,2,25,23,2,0,0,0,19,12,7,4,3,1,17,16,1,7,4,3
188340,52,Business Management and Administrative Services,20,13,7,0,0,0,2,1,1,2,1,1,4,2,2,1,1,0,3,2,1,2,1,1,5,4,1,1,1,0
188429,13,Education,126,64,62,0,0,0,4,0,4,5,2,3,15,9,6,0,0,0,90,46,44,2,0,2,9,7,2,1,0,1
188429,26,Biological Sciences/LifeSciences,388,117,271,0,0,0,109,35,74,28,7,21,58,17,41,0,0,0,135,43,92,12,3,9,31,8,23,15,4,11
188429,27,Mathematics,79,26,53,0,0,0,10,3,7,2,1,1,7,1,6,0,0,0,47,14,33,2,0,2,5,2,3,6,5,1
188429,40,Physical Sciences,102,63,39,0,0,0,22,15,7,7,4,3,19,9,10,0,0,0,34,23,11,1,1,0,7,3,4,12,8,4
188429,52,Business Management and Administrative Services,663,360,303,1,0,1,50,20,30,41,22,19,100,50,50,0,0,0,341,194,147,9,6,3,39,18,21,82,50,32
188517,52,Business Management and Administrative Services,126,39,87,7,1,6,2,0,2,47,15,32,21,5,16,0,0,0,40,13,27,8,4,4,0,0,0,1,1,0
188526,26,Biological Sciences/LifeSciences,17,10,7,0,0,0,1,1,0,0,0,0,2,1,1,0,0,0,14,8,6,0,0,0,0,0,0,0,0,0
188526,40,Physical Sciences,6,2,4,0,0,0,0,0,0,0,0,0,0,0,0,0,0,0,6,2,4,0,0,0,0,0,0,0,0,0
188641,13,Education,52,10,42,1,0,1,0,0,0,7,2,5,3,0,3,0,0,0,32,6,26,2,0,2,7,2,5,0,0,0
188641,14,Engineering,454,370,84,0,0,0,18,14,4,14,12,2,18,17,1,0,0,0,340,274,66,5,5,0,47,40,7,12,8,4
188641,26,Biological Sciences/LifeSciences,38,8,30,0,0,0,1,0,1,9,2,7,5,1,4,0,0,0,20,4,16,3,1,2,0,0,0,0,0,0
188641,27,Mathematics,8,3,5,0,0,0,1,1,0,1,0,1,0,0,0,0,0,0,5,2,3,0,0,0,1,0,1,0,0,0
188641,40,Physical Sciences,30,17,13,0,0,0,0,0,0,0,0,0,3,1,2,0,0,0,22,14,8,2,2,0,3,0,3,0,0,0
188641,52,Business Management and Administrative Services,239,150,89,1,1,0,5,2,3,37,22,15,22,15,7,0,0,0,142,88,54,5,4,1,21,15,6,6,3,3
189088,52,Business Management and Administrative Services,3,3,0,0,0,0,0,0,0,0,0,0,0,0,0,0,0,0,2,2,0,0,0,0,0,0,0,1,1,0
189097,26,Biological Sciences/LifeSciences,79,0,79,0,0,0,21,0,21,6,0,6,10,0,10,0,0,0,33,0,33,7,0,7,0,0,0,2,0,2
189097,27,Mathematics,43,0,43,0,0,0,6,0,6,0,0,0,1,0,1,0,0,0,23,0,23,3,0,3,0,0,0,10,0,10
189097,40,Physical Sciences,21,0,21,0,0,0,0,0,0,2,0,2,2,0,2,0,0,0,13,0,13,2,0,2,0,0,0,2,0,2
189228,52,Business Management and Administrative Services,2437,947,1490,13,5,8,68,29,39,546,190,356,471,190,281,2,1,1,191,66,125,0,0,0,670,259,411,476,207,269
189413,13,Education,95,10,85,0,0,0,1,0,1,14,0,14,78,10,68,0,0,0,2,0,2,0,0,0,0,0,0,0,0,0
189413,52,Business Management and Administrative Services,183,33,150,0,0,0,0,0,0,29,10,19,144,20,124,0,0,0,6,3,3,4,0,4,0,0,0,0,0,0
189459,52,Business Management and Administrative Services,162,61,101,0,0,0,2,1,1,28,13,15,12,3,9,0,0,0,44,19,25,2,1,1,74,24,50,0,0,0
189556,52,Business Management and Administrative Services,98,27,71,1,1,0,0,0,0,20,5,15,3,0,3,1,1,0,69,19,50,4,1,3,0,0,0,0,0,0
189565,52,Business Management and Administrative Services,70,26,44,0,0,0,0,0,0,3,1,2,1,1,0,0,0,0,53,17,36,2,1,1,11,6,5,0,0,0
189583,52,Business Management and Administrative Services,145,55,90,0,0,0,1,0,1,107,42,65,9,3,6,0,0,0,19,8,11,8,2,6,1,0,1,0,0,0
189592,52,Business Management and Administrative Services,61,19,42,0,0,0,0,0,0,25,8,17,4,2,2,0,0,0,25,7,18,2,1,1,5,1,4,0,0,0
189705,13,Education,119,28,91,1,0,1,0,0,0,1,0,1,7,2,5,1,0,1,94,19,75,0,0,0,8,4,4,7,3,4
189705,14,Engineering,17,15,2,0,0,0,0,0,0,1,1,0,3,3,0,0,0,0,11,10,1,1,0,1,0,0,0,1,1,0
189705,26,Biological Sciences/LifeSciences,458,152,306,3,0,3,20,6,14,33,10,23,18,9,9,0,0,0,341,113,228,10,2,8,24,8,16,9,4,5
189705,27,Mathematics,29,15,14,1,0,1,1,1,0,1,1,0,2,1,1,0,0,0,21,10,11,0,0,0,2,1,1,1,1,0
189705,40,Physical Sciences,50,32,18,0,0,0,1,0,1,5,0,5,2,1,1,0,0,0,38,27,11,0,0,0,2,2,0,2,2,0
189705,52,Business Management and Administrative Services,688,445,243,1,0,1,15,9,6,37,19,18,26,20,6,2,0,2,525,345,180,7,6,1,18,10,8,57,36,21
189848,13,Education,62,5,57,0,0,0,1,0,1,1,1,0,1,0,1,0,0,0,36,3,33,12,0,12,11,1,10,0,0,0
189848,26,Biological Sciences/LifeSciences,45,12,33,0,0,0,0,0,0,6,2,4,1,0,1,0,0,0,34,9,25,0,0,0,4,1,3,0,0,0
189848,52,Business Management and Administrative Services,259,96,163,3,2,1,2,2,0,19,15,4,16,5,11,0,0,0,179,59,120,5,1,4,32,9,23,3,3,0
190044,14,Engineering,1899,1489,410,2,2,0,59,37,22,32,25,7,77,53,24,0,0,0,1626,1286,340,37,30,7,41,36,5,25,20,5
190044,26,Biological Sciences/LifeSciences,207,53,154,1,0,1,9,2,7,9,3,6,16,5,11,0,0,0,157,41,116,9,2,7,3,0,3,3,0,3
190044,27,Mathematics,37,26,11,0,0,0,1,1,0,0,0,0,1,1,0,0,0,0,31,21,10,2,2,0,0,0,0,2,1,1
190044,40,Physical Sciences,57,40,17,0,0,0,0,0,0,0,0,0,6,5,1,0,0,0,45,31,14,2,1,1,3,3,0,1,0,1
190044,52,Business Management and Administrative Services,355,242,113,3,2,1,10,6,4,6,2,4,20,12,8,1,0,1,239,171,68,11,7,4,7,5,2,58,37,21
190099,13,Education,50,9,41,1,1,0,1,0,1,7,4,3,9,2,7,0,0,0,22,2,20,3,0,3,1,0,1,6,0,6
190099,26,Biological Sciences/LifeSciences,237,75,162,0,0,0,13,6,7,9,2,7,24,9,15,0,0,0,157,47,110,9,2,7,8,1,7,17,8,9
190099,27,Mathematics,39,19,20,0,0,0,1,1,0,0,0,0,3,2,1,0,0,0,15,9,6,2,0,2,0,0,0,18,7,11
190099,40,Physical Sciences,94,56,38,0,0,0,3,3,0,1,0,1,5,1,4,0,0,0,65,41,24,5,1,4,4,1,3,11,9,2
190114,52,Business Management and Administrative Services,180,71,109,0,0,0,7,4,3,97,27,70,34,12,22,1,0,1,7,5,2,5,2,3,15,9,6,14,12,2
190150,14,Engineering,681,410,271,1,1,0,151,85,66,44,29,15,95,59,36,0,0,0,210,128,82,31,21,10,12,9,3,137,78,59
190150,26,Biological Sciences/LifeSciences,295,124,171,0,0,0,80,34,46,25,9,16,45,19,26,2,1,1,108,45,63,12,7,5,2,0,2,21,9,12
190150,27,Mathematics,178,121,57,1,1,0,44,31,13,4,3,1,14,10,4,0,0,0,50,35,15,9,6,3,3,2,1,53,33,20
190150,40,Physical Sciences,153,87,66,1,0,1,28,18,10,11,4,7,16,11,5,0,0,0,65,40,25,11,3,8,2,2,0,19,9,10
190248,13,Education,47,6,41,0,0,0,1,0,1,7,1,6,12,0,12,0,0,0,25,4,21,2,1,1,0,0,0,0,0,0
190248,26,Biological Sciences/LifeSciences,61,25,36,0,0,0,2,2,0,13,4,9,15,4,11,0,0,0,14,6,8,5,1,4,0,0,0,12,8,4
190248,52,Business Management and Administrative Services,228,138,90,2,2,0,4,3,1,37,22,15,49,28,21,0,0,0,56,31,25,2,1,1,6,1,5,72,50,22
190372,14,Engineering,966,772,194,0,0,0,280,232,48,14,12,2,28,28,0,0,0,0,252,202,50,52,44,8,130,98,32,210,156,54
190415,14,Engineering,2786,1529,1257,10,8,2,694,305,389,98,64,34,354,264,90,5,4,1,997,583,414,127,69,58,227,112,115,274,120,154
190415,26,Biological Sciences/LifeSciences,1732,710,1022,5,3,2,397,163,234,173,59,114,266,122,144,2,1,1,578,253,325,90,37,53,135,46,89,86,26,60
190415,27,Mathematics,151,98,53,0,0,0,34,23,11,0,0,0,10,7,3,0,0,0,46,31,15,7,4,3,14,12,2,40,21,19
190415,40,Physical Sciences,211,129,82,1,0,1,33,19,14,10,3,7,29,13,16,0,0,0,101,71,30,8,5,3,10,7,3,19,11,8
190415,52,Business Management and Administrative Services,1927,941,986,10,4,6,217,78,139,116,43,73,282,137,145,1,0,1,903,487,416,81,38,43,146,81,65,171,73,98
190503,52,Business Management and Administrative Services,433,206,227,0,0,0,32,18,14,28,9,19,68,30,38,3,1,2,221,101,120,15,8,7,16,11,5,50,28,22
190512,26,Biological Sciences/LifeSciences,250,108,142,0,0,0,72,32,40,19,7,12,65,28,37,0,0,0,74,28,46,8,7,1,0,0,0,12,6,6
190512,27,Mathematics,155,99,56,0,0,0,35,23,12,20,11,9,36,22,14,0,0,0,35,25,10,4,1,3,0,0,0,25,17,8
190512,52,Business Management and Administrative Services,11338,5758,5580,22,14,8,3820,1905,1915,947,460,487,2726,1427,1299,20,11,9,2276,1261,1015,134,66,68,0,0,0,1393,614,779
190549,13,Education,1059,215,844,2,0,2,201,33,168,250,45,205,285,58,227,0,0,0,279,74,205,10,2,8,0,0,0,32,3,29
190549,26,Biological Sciences/LifeSciences,502,200,302,0,0,0,110,45,65,105,35,70,82,25,57,1,1,0,180,86,94,4,1,3,0,0,0,20,7,13
190549,27,Mathematics,129,72,57,0,0,0,22,11,11,34,20,14,23,11,12,0,0,0,46,28,18,1,0,1,0,0,0,3,2,1
190549,40,Physical Sciences,199,104,95,0,0,0,43,23,20,29,16,13,32,12,20,0,0,0,86,48,38,3,2,1,0,0,0,6,3,3
190549,52,Business Management and Administrative Services,2454,1173,1281,7,6,1,575,285,290,547,228,319,464,222,242,7,4,3,726,371,355,28,14,14,0,0,0,100,43,57
190558,13,Education,180,26,154,0,0,0,17,0,17,15,2,13,33,8,25,0,0,0,112,16,96,1,0,1,0,0,0,2,0,2
190558,14,Engineering,525,454,71,0,0,0,90,81,9,64,55,9,117,97,20,0,0,0,218,191,27,6,4,2,0,0,0,30,26,4
190558,26,Biological Sciences/LifeSciences,759,318,441,1,1,0,121,51,70,104,31,73,150,64,86,1,0,1,350,154,196,13,8,5,0,0,0,19,9,10
190558,27,Mathematics,103,50,53,0,0,0,15,8,7,10,5,5,19,10,9,0,0,0,57,27,30,1,0,1,0,0,0,1,0,1
190558,40,Physical Sciences,832,367,465,1,1,0,91,48,43,235,74,161,217,93,124,2,2,0,247,132,115,9,7,2,0,0,0,30,10,20
190558,52,Business Management and Administrative Services,1860,1092,768,6,4,2,302,153,149,216,127,89,428,239,189,5,2,3,816,524,292,13,7,6,0,0,0,74,36,38
190567,13,Education,636,60,576,1,1,0,122,4,118,91,9,82,345,37,308,1,0,1,40,7,33,5,1,4,0,0,0,31,1,30
190567,14,Engineering,2529,1940,589,5,5,0,933,732,201,247,196,51,589,438,151,11,10,1,489,365,124,35,27,8,0,0,0,220,167,53
190567,26,Biological Sciences/LifeSciences,764,285,479,2,0,2,256,95,161,173,63,110,188,67,121,1,1,0,104,43,61,14,8,6,0,0,0,26,8,18
190567,27,Mathematics,221,150,71,0,0,0,76,48,28,32,26,6,59,45,14,2,1,1,30,17,13,6,2,4,0,0,0,16,11,5
190567,40,Physical Sciences,186,106,80,0,0,0,53,28,25,29,19,10,44,22,22,0,0,0,46,27,19,4,2,2,0,0,0,10,8,2
190567,52,Business Management and Administrative Services,260,144,116,1,1,0,70,42,28,47,27,20,95,46,49,1,0,1,25,15,10,4,2,2,0,0,0,17,11,6
190576,13,Education,1,0,1,0,0,0,0,0,0,1,0,1,0,0,0,0,0,0,0,0,0,0,0,0,0,0,0,0,0,0
190576,52,Business Management and Administrative Services,360,126,234,0,0,0,29,14,15,121,39,82,128,33,95,0,0,0,71,37,34,7,1,6,0,0,0,4,2,2
190594,13,Education,117,33,84,0,0,0,25,7,18,14,6,8,42,11,31,2,1,1,33,8,25,0,0,0,0,0,0,1,0,1
190594,26,Biological Sciences/LifeSciences,436,160,276,0,0,0,130,51,79,56,15,41,119,39,80,3,2,1,94,39,55,6,2,4,0,0,0,28,12,16
190594,27,Mathematics,142,69,73,1,0,1,51,21,30,10,6,4,35,18,17,1,1,0,31,18,13,2,1,1,0,0,0,11,4,7
190594,40,Physical Sciences,607,248,359,1,0,1,246,103,143,54,19,35,100,37,63,2,0,2,140,69,71,13,3,10,0,0,0,51,17,34
190594,52,Business Management and Administrative Services,447,179,268,2,1,1,150,60,90,53,24,29,121,51,70,4,2,2,80,32,48,6,2,4,0,0,0,31,7,24
190600,26,Biological Sciences/LifeSciences,82,17,65,1,0,1,11,4,7,16,3,13,27,8,19,0,0,0,21,2,19,1,0,1,0,0,0,5,0,5
190637,13,Education,102,39,63,0,0,0,5,1,4,15,9,6,67,22,45,0,0,0,11,5,6,1,1,0,0,0,0,3,1,2
190637,26,Biological Sciences/LifeSciences,319,106,213,1,1,0,27,11,16,98,36,62,156,42,114,1,1,0,23,13,10,2,0,2,0,0,0,11,2,9
190637,27,Mathematics,107,50,57,0,0,0,4,3,1,26,14,12,65,28,37,0,0,0,8,2,6,0,0,0,0,0,0,4,3,1
190637,40,Physical Sciences,131,61,70,0,0,0,15,2,13,48,29,19,53,25,28,1,1,0,9,2,7,0,0,0,0,0,0,5,2,3
190637,52,Business Management and Administrative Services,1302,581,721,2,0,2,74,38,36,316,148,168,789,333,456,1,1,0,66,35,31,7,4,3,0,0,0,47,22,25
190646,13,Education,404,47,357,1,0,1,4,0,4,304,40,264,70,6,64,0,0,0,4,0,4,3,0,3,0,0,0,18,1,17
190646,26,Biological Sciences/LifeSciences,1171,245,926,3,1,2,45,13,32,861,168,693,170,39,131,1,0,1,33,9,24,20,6,14,0,0,0,38,9,29
190646,27,Mathematics,41,23,18,0,0,0,2,2,0,31,19,12,3,1,2,0,0,0,1,0,1,0,0,0,0,0,0,4,1,3
190646,40,Physical Sciences,738,145,593,1,0,1,19,6,13,566,113,453,101,15,86,2,0,2,10,2,8,8,0,8,0,0,0,31,9,22
190646,52,Business Management and Administrative Services,982,421,561,6,2,4,27,16,11,757,326,431,122,46,76,1,0,1,16,12,4,10,3,7,0,0,0,43,16,27
190655,13,Education,128,58,70,0,0,0,23,9,14,32,12,20,43,22,21,1,1,0,20,12,8,0,0,0,0,0,0,9,2,7
190655,26,Biological Sciences/LifeSciences,309,125,184,1,1,0,77,35,42,97,37,60,73,31,42,4,2,2,33,10,23,5,3,2,0,0,0,19,6,13
190655,27,Mathematics,109,84,25,1,1,0,34,27,7,28,22,6,30,20,10,0,0,0,9,8,1,0,0,0,0,0,0,7,6,1
190655,40,Physical Sciences,847,373,474,4,1,3,193,92,101,251,91,160,271,125,146,5,3,2,95,43,52,7,6,1,0,0,0,21,12,9
190655,52,Business Management and Administrative Services,1955,712,1243,7,2,5,432,184,248,517,173,344,705,248,457,5,2,3,161,67,94,21,7,14,0,0,0,107,29,78
190664,13,Education,1047,342,705,4,0,4,211,63,148,90,28,62,395,119,276,3,2,1,301,114,187,13,4,9,0,0,0,30,12,18
190664,26,Biological Sciences/LifeSciences,525,192,333,1,0,1,159,53,106,53,16,37,142,48,94,3,1,2,140,61,79,7,5,2,0,0,0,20,8,12
190664,27,Mathematics,214,114,100,0,0,0,80,39,41,7,2,5,49,27,22,0,0,0,64,39,25,2,2,0,0,0,0,12,5,7
190664,40,Physical Sciences,181,124,57,0,0,0,60,38,22,15,9,6,37,31,6,1,1,0,50,31,19,3,3,0,0,0,0,15,11,4
190664,52,Business Management and Administrative Services,1542,777,765,4,2,2,593,283,310,140,63,77,390,202,188,11,5,6,301,176,125,16,7,9,0,0,0,87,39,48
190691,13,Education,74,25,49,1,0,1,14,5,9,29,7,22,24,12,12,0,0,0,2,1,1,0,0,0,0,0,0,4,0,4
190691,26,Biological Sciences/LifeSciences,615,217,398,2,0,2,188,66,122,210,67,143,124,49,75,8,3,5,40,16,24,4,2,2,0,0,0,39,14,25
190691,27,Mathematics,61,31,30,0,0,0,16,9,7,23,11,12,15,8,7,0,0,0,4,3,1,1,0,1,0,0,0,2,0,2
190691,40,Physical Sciences,103,71,32,1,1,0,26,17,9,31,21,10,31,20,11,1,0,1,10,9,1,1,1,0,0,0,0,2,2,0
190691,52,Business Management and Administrative Services,1044,447,597,20,7,13,244,116,128,359,141,218,284,119,165,12,5,7,47,26,21,12,4,8,0,0,0,66,29,37
190716,26,Biological Sciences/LifeSciences,173,60,113,2,0,2,10,3,7,8,2,6,6,3,3,0,0,0,134,46,88,3,2,1,3,1,2,7,3,4
190716,27,Mathematics,6,4,2,0,0,0,0,0,0,2,2,0,0,0,0,0,0,0,4,2,2,0,0,0,0,0,0,0,0,0
190716,40,Physical Sciences,12,5,7,0,0,0,2,0,2,2,1,1,1,1,0,0,0,0,6,2,4,1,1,0,0,0,0,0,0,0
190716,52,Business Management and Administrative Services,100,57,43,0,0,0,7,4,3,11,5,6,6,2,4,0,0,0,70,43,27,2,1,1,3,1,2,1,1,0
190725,13,Education,72,10,62,0,0,0,1,1,0,7,0,7,7,2,5,0,0,0,54,7,47,1,0,1,2,0,2,0,0,0
190725,26,Biological Sciences/LifeSciences,101,29,72,0,0,0,3,2,1,13,4,9,16,4,12,0,0,0,62,16,46,4,0,4,0,0,0,3,3,0
190725,27,Mathematics,3,1,2,0,0,0,0,0,0,0,0,0,0,0,0,0,0,0,2,0,2,0,0,0,1,1,0,0,0,0
190725,52,Business Management and Administrative Services,256,142,114,1,0,1,5,2,3,39,21,18,27,17,10,0,0,0,170,92,78,3,1,2,2,2,0,9,7,2
190761,13,Education,70,11,59,0,0,0,1,0,1,5,0,5,23,4,19,0,0,0,33,5,28,2,0,2,6,2,4,0,0,0
190761,26,Biological Sciences/LifeSciences,109,42,67,0,0,0,8,3,5,21,8,13,45,15,30,0,0,0,23,11,12,4,3,1,7,2,5,1,0,1
190761,27,Mathematics,6,3,3,0,0,0,0,0,0,1,1,0,3,1,2,0,0,0,2,1,1,0,0,0,0,0,0,0,0,0
190761,52,Business Management and Administrative Services,166,110,56,0,0,0,2,1,1,22,15,7,41,26,15,0,0,0,71,46,25,7,6,1,17,10,7,6,6,0
190983,13,Education,75,19,56,0,0,0,0,0,0,1,1,0,2,0,2,0,0,0,68,17,51,3,0,3,1,1,0,0,0,0
190983,26,Biological Sciences/LifeSciences,137,51,86,0,0,0,6,2,4,3,0,3,3,0,3,0,0,0,114,44,70,1,0,1,3,0,3,7,5,2
190983,27,Mathematics,10,2,8,0,0,0,0,0,0,1,0,1,0,0,0,0,0,0,6,2,4,0,0,0,2,0,2,1,0,1
190983,40,Physical Sciences,18,7,11,0,0,0,0,0,0,1,1,0,1,1,0,0,0,0,16,5,11,0,0,0,0,0,0,0,0,0
190983,52,Business Management and Administrative Services,182,106,76,0,0,0,2,1,1,8,6,2,6,5,1,0,0,0,126,66,60,5,3,2,11,9,2,24,16,8
191126,52,Business Management and Administrative Services,2944,293,2651,10,1,9,259,42,217,259,27,232,479,52,427,8,2,6,1485,108,1377,93,17,76,8,0,8,343,44,299
191205,13,Education,39,18,21,0,0,0,0,0,0,8,2,6,7,3,4,0,0,0,20,9,11,0,0,0,4,4,0,0,0,0
191205,52,Business Management and Administrative Services,279,214,65,1,1,0,4,4,0,68,50,18,41,33,8,1,1,0,142,105,37,8,7,1,12,12,0,2,1,1
191241,14,Engineering,81,47,34,0,0,0,11,7,4,4,3,1,13,5,8,1,1,0,43,26,17,1,1,0,2,1,1,6,3,3
191241,26,Biological Sciences/LifeSciences,636,199,437,0,0,0,89,22,67,21,5,16,89,32,57,0,0,0,390,123,267,18,8,10,14,5,9,15,4,11
191241,27,Mathematics,106,52,54,0,0,0,20,10,10,4,4,0,13,7,6,0,0,0,47,23,24,2,2,0,4,1,3,16,5,11
191241,40,Physical Sciences,121,57,64,0,0,0,14,8,6,0,0,0,15,8,7,0,0,0,83,36,47,1,0,1,1,0,1,7,5,2
191241,52,Business Management and Administrative Services,2406,1412,994,2,1,1,266,142,124,47,30,17,239,149,90,1,0,1,1446,872,574,56,31,25,50,36,14,299,151,148
191515,26,Biological Sciences/LifeSciences,106,38,68,0,0,0,10,4,6,6,3,3,8,2,6,0,0,0,69,24,45,1,0,1,7,1,6,5,4,1
191515,27,Mathematics,85,49,36,0,0,0,3,1,2,2,2,0,4,3,1,0,0,0,54,29,25,0,0,0,8,5,3,14,9,5
191515,40,Physical Sciences,73,45,28,0,0,0,2,1,1,3,3,0,6,6,0,0,0,0,51,28,23,1,1,0,4,3,1,6,3,3
191533,13,Education,11,4,7,0,0,0,0,0,0,1,1,0,0,0,0,0,0,0,10,3,7,0,0,0,0,0,0,0,0,0
191533,26,Biological Sciences/LifeSciences,187,75,112,2,0,2,8,3,5,25,12,13,24,8,16,0,0,0,114,46,68,0,0,0,8,3,5,6,3,3
191533,27,Mathematics,26,8,18,0,0,0,0,0,0,1,1,0,2,1,1,0,0,0,16,3,13,0,0,0,5,1,4,2,2,0
191533,40,Physical Sciences,64,40,24,0,0,0,1,1,0,4,3,1,7,5,2,0,0,0,38,20,18,0,0,0,11,9,2,3,2,1
191533,52,Business Management and Administrative Services,217,150,67,1,1,0,4,0,4,21,16,5,13,9,4,0,0,0,133,86,47,0,0,0,35,29,6,10,9,1
191597,26,Biological Sciences/LifeSciences,436,62,374,3,0,3,41,7,34,316,42,274,45,8,37,1,0,1,28,5,23,2,0,2,0,0,0,0,0,0
191621,52,Business Management and Administrative Services,134,82,52,4,2,2,1,0,1,6,5,1,2,1,1,1,1,0,107,66,41,3,3,0,8,3,5,2,1,1
191630,13,Education,1,0,1,0,0,0,0,0,0,0,0,0,0,0,0,0,0,0,1,0,1,0,0,0,0,0,0,0,0,0
191630,26,Biological Sciences/LifeSciences,127,33,94,0,0,0,14,5,9,6,0,6,10,2,8,0,0,0,86,23,63,0,0,0,11,3,8,0,0,0
191630,27,Mathematics,26,13,13,0,0,0,10,3,7,1,1,0,3,1,2,0,0,0,10,6,4,0,0,0,2,2,0,0,0,0
191630,40,Physical Sciences,75,54,21,1,1,0,5,4,1,2,2,0,4,4,0,0,0,0,55,38,17,0,0,0,8,5,3,0,0,0
191649,13,Education,139,26,113,0,0,0,7,4,3,7,0,7,14,2,12,1,0,1,101,20,81,2,0,2,5,0,5,2,0,2
191649,14,Engineering,514,390,124,1,0,1,60,44,16,46,30,16,68,47,21,4,3,1,263,210,53,18,13,5,18,15,3,36,28,8
191649,26,Biological Sciences/LifeSciences,521,185,336,4,3,1,114,51,63,57,19,38,80,17,63,7,2,5,219,76,143,10,3,7,15,9,6,15,5,10
191649,27,Mathematics,66,30,36,0,0,0,5,4,1,1,0,1,7,4,3,1,0,1,49,20,29,1,0,1,0,0,0,2,2,0
191649,40,Physical Sciences,86,50,36,0,0,0,11,6,5,11,5,6,9,6,3,2,2,0,46,27,19,1,1,0,2,1,1,4,2,2
191649,52,Business Management and Administrative Services,1574,948,626,5,2,3,177,102,75,79,44,35,198,115,83,14,8,6,863,534,329,27,14,13,60,40,20,151,89,62
191676,13,Education,110,16,94,0,0,0,1,1,0,0,0,0,2,0,2,1,0,1,96,13,83,3,0,3,3,1,2,4,1,3
191676,26,Biological Sciences/LifeSciences,103,27,76,0,0,0,2,1,1,5,1,4,3,0,3,0,0,0,76,22,54,2,0,2,1,0,1,14,3,11
191676,27,Mathematics,17,7,10,0,0,0,0,0,0,0,0,0,0,0,0,0,0,0,15,6,9,1,1,0,0,0,0,1,0,1
191676,40,Physical Sciences,26,15,11,0,0,0,0,0,0,1,1,0,0,0,0,0,0,0,22,12,10,0,0,0,0,0,0,3,2,1
191676,52,Business Management and Administrative Services,122,62,60,0,0,0,2,1,1,5,3,2,0,0,0,0,0,0,83,42,41,4,2,2,8,0,8,20,14,6
191931,13,Education,63,9,54,0,0,0,0,0,0,2,0,2,8,1,7,0,0,0,52,8,44,0,0,0,1,0,1,0,0,0
191931,26,Biological Sciences/LifeSciences,67,20,47,0,0,0,4,0,4,4,1,3,16,5,11,1,0,1,34,10,24,0,0,0,7,3,4,1,1,0
191931,27,Mathematics,7,3,4,0,0,0,0,0,0,1,1,0,2,0,2,0,0,0,3,1,2,0,0,0,1,1,0,0,0,0
191931,40,Physical Sciences,32,16,16,0,0,0,3,0,3,2,1,1,9,4,5,0,0,0,16,11,5,0,0,0,2,0,2,0,0,0
191931,52,Business Management and Administrative Services,504,309,195,1,0,1,17,11,6,26,20,6,81,40,41,0,0,0,322,204,118,6,2,4,32,19,13,19,13,6
191968,13,Education,207,83,124,0,0,0,5,1,4,7,4,3,13,6,7,0,0,0,171,71,100,5,0,5,6,1,5,0,0,0
191968,26,Biological Sciences/LifeSciences,288,106,182,0,0,0,18,5,13,21,10,11,28,12,16,0,0,0,195,68,127,9,2,7,14,7,7,3,2,1
191968,27,Mathematics,27,10,17,0,0,0,3,1,2,3,0,3,2,2,0,0,0,0,15,4,11,1,1,0,2,1,1,1,1,0
191968,40,Physical Sciences,86,62,24,0,0,0,2,2,0,7,6,1,6,5,1,0,0,0,57,41,16,5,2,3,3,2,1,6,4,2
191968,52,Business Management and Administrative Services,594,422,172,1,1,0,23,14,9,39,26,13,56,34,22,0,0,0,411,305,106,4,2,2,34,22,12,26,18,8
192004,52,Business Management and Administrative Services,311,81,230,15,3,12,1,0,1,5,3,2,63,14,49,0,0,0,211,53,158,13,6,7,3,2,1,0,0,0
192165,13,Education,155,155,0,0,0,0,0,0,0,0,0,0,0,0,0,0,0,0,155,155,0,0,0,0,0,0,0,0,0,0
192192,13,Education,104,15,89,0,0,0,0,0,0,3,0,3,7,1,6,0,0,0,88,14,74,1,0,1,4,0,4,1,0,1
192192,26,Biological Sciences/LifeSciences,83,24,59,2,0,2,0,0,0,9,1,8,8,2,6,0,0,0,54,17,37,3,1,2,6,2,4,1,1,0
192192,27,Mathematics,7,4,3,0,0,0,0,0,0,0,0,0,0,0,0,0,0,0,7,4,3,0,0,0,0,0,0,0,0,0
192192,52,Business Management and Administrative Services,322,175,147,0,0,0,1,1,0,34,19,15,14,9,5,0,0,0,223,122,101,4,1,3,15,9,6,31,14,17
192271,52,Business Management and Administrative Services,1407,114,1293,12,2,10,92,8,84,212,24,188,145,13,132,5,0,5,747,44,703,25,1,24,83,6,77,86,16,70
192323,26,Biological Sciences/LifeSciences,542,178,364,0,0,0,20,4,16,22,7,15,16,8,8,0,0,0,443,145,298,9,0,9,27,12,15,5,2,3
192323,27,Mathematics,36,11,25,0,0,0,0,0,0,3,1,2,3,0,3,0,0,0,29,9,20,0,0,0,1,1,0,0,0,0
192323,40,Physical Sciences,98,71,27,0,0,0,1,0,1,1,1,0,5,2,3,0,0,0,81,61,20,4,2,2,4,4,0,2,1,1
192323,52,Business Management and Administrative Services,751,454,297,4,2,2,16,3,13,36,23,13,43,27,16,2,0,2,594,360,234,16,11,5,31,21,10,9,7,2
192439,13,Education,101,22,79,0,0,0,6,1,5,29,8,21,32,6,26,0,0,0,10,2,8,0,0,0,23,5,18,1,0,1
192439,26,Biological Sciences/LifeSciences,318,102,216,0,0,0,68,25,43,80,21,59,43,9,34,0,0,0,62,23,39,4,3,1,54,19,35,7,2,5
192439,40,Physical Sciences,14,4,10,1,1,0,3,1,2,2,0,2,3,1,2,0,0,0,3,1,2,0,0,0,2,0,2,0,0,0
192439,52,Business Management and Administrative Services,333,161,172,2,0,2,28,11,17,105,48,57,59,32,27,0,0,0,38,21,17,9,5,4,41,16,25,51,28,23
192448,13,Education,293,107,186,2,0,2,1,0,1,20,11,9,35,11,24,0,0,0,205,72,133,2,1,1,23,9,14,5,3,2
192448,26,Biological Sciences/LifeSciences,91,33,58,0,0,0,14,4,10,17,8,9,14,4,10,0,0,0,30,10,20,2,1,1,7,1,6,7,5,2
192448,27,Mathematics,33,25,8,0,0,0,3,2,1,3,3,0,3,2,1,0,0,0,12,10,2,2,1,1,4,4,0,6,3,3
192448,40,Physical Sciences,24,10,14,0,0,0,0,0,0,2,2,0,4,1,3,0,0,0,12,7,5,1,0,1,3,0,3,2,0,2
192448,52,Business Management and Administrative Services,617,367,250,0,0,0,27,17,10,67,38,29,81,41,40,1,1,0,251,159,92,6,1,5,68,45,23,116,65,51
192703,13,Education,307,90,217,1,0,1,8,3,5,12,4,8,70,30,40,0,0,0,199,43,156,4,3,1,10,4,6,3,3,0
192703,14,Engineering,1191,891,300,0,0,0,110,79,31,50,33,17,219,156,63,1,1,0,675,525,150,30,21,9,78,59,19,28,17,11
192703,26,Biological Sciences/LifeSciences,171,56,115,0,0,0,17,5,12,13,2,11,54,19,35,0,0,0,75,26,49,3,1,2,8,3,5,1,0,1
192703,27,Mathematics,22,10,12,1,1,0,1,0,1,2,1,1,2,2,0,0,0,0,13,5,8,0,0,0,1,1,0,2,0,2
192703,40,Physical Sciences,47,31,16,0,0,0,4,3,1,0,0,0,9,6,3,0,0,0,27,18,9,1,0,1,5,3,2,1,1,0
192703,52,Business Management and Administrative Services,661,405,256,0,0,0,25,13,12,31,19,12,113,65,48,0,0,0,399,248,151,10,4,6,44,30,14,39,26,13
192749,13,Education,18,10,8,0,0,0,0,0,0,2,0,2,0,0,0,0,0,0,16,10,6,0,0,0,0,0,0,0,0,0
192749,26,Biological Sciences/LifeSciences,42,7,35,0,0,0,0,0,0,1,1,0,9,3,6,0,0,0,18,1,17,0,0,0,9,1,8,5,1,4
192749,27,Mathematics,32,14,18,0,0,0,0,0,0,0,0,0,2,2,0,0,0,0,18,6,12,0,0,0,8,4,4,4,2,2
192749,40,Physical Sciences,2,0,2,0,0,0,0,0,0,0,0,0,0,0,0,0,0,0,1,0,1,0,0,0,0,0,0,1,0,1
192749,52,Business Management and Administrative Services,205,99,106,1,0,1,2,1,1,16,6,10,35,15,20,1,0,1,79,37,42,2,0,2,43,25,18,26,15,11
192785,52,Business Management and Administrative Services,5,1,4,0,0,0,1,1,0,0,0,0,1,0,1,0,0,0,1,0,1,0,0,0,2,0,2,0,0,0
192819,13,Education,84,31,53,0,0,0,3,0,3,2,2,0,7,3,4,0,0,0,68,25,43,2,1,1,2,0,2,0,0,0
192819,26,Biological Sciences/LifeSciences,317,110,207,0,0,0,19,8,11,15,6,9,37,13,24,0,0,0,227,76,151,7,0,7,3,2,1,9,5,4
192819,27,Mathematics,88,33,55,0,0,0,1,0,1,2,0,2,7,5,2,0,0,0,72,25,47,1,0,1,2,1,1,3,2,1
192819,40,Physical Sciences,18,8,10,0,0,0,0,0,0,1,1,0,2,1,1,0,0,0,12,6,6,2,0,2,0,0,0,1,0,1
192819,52,Business Management and Administrative Services,1673,778,895,0,0,0,43,16,27,38,26,12,138,60,78,0,0,0,1356,627,729,34,14,20,18,9,9,46,26,20
192864,26,Biological Sciences/LifeSciences,47,11,36,0,0,0,7,1,6,8,2,6,9,5,4,0,0,0,17,1,16,0,0,0,3,2,1,3,0,3
192864,52,Business Management and Administrative Services,243,67,176,2,0,2,13,4,9,21,6,15,45,10,35,0,0,0,114,30,84,1,0,1,15,2,13,32,15,17
192925,13,Education,78,13,65,0,0,0,1,0,1,10,2,8,2,0,2,0,0,0,64,11,53,0,0,0,1,0,1,0,0,0
192925,26,Biological Sciences/LifeSciences,40,7,33,0,0,0,4,1,3,8,2,6,1,1,0,0,0,0,26,3,23,0,0,0,1,0,1,0,0,0
192925,52,Business Management and Administrative Services,412,169,243,12,3,9,7,3,4,95,30,65,38,16,22,2,1,1,217,100,117,0,0,0,41,16,25,0,0,0
193016,26,Biological Sciences/LifeSciences,216,65,151,1,0,1,12,4,8,52,14,38,82,22,60,1,1,0,43,13,30,2,1,1,19,9,10,4,1,3
193016,27,Mathematics,59,22,37,0,0,0,3,0,3,11,3,8,24,9,15,0,0,0,17,7,10,0,0,0,3,2,1,1,1,0
193016,52,Business Management and Administrative Services,1148,544,604,3,0,3,57,27,30,245,105,140,387,167,220,3,1,2,330,189,141,16,9,7,62,27,35,45,19,26
193070,13,Education,56,56,0,0,0,0,0,0,0,0,0,0,0,0,0,0,0,0,56,56,0,0,0,0,0,0,0,0,0,0
193292,13,Education,286,58,228,0,0,0,0,0,0,10,1,9,49,12,37,0,0,0,212,43,169,5,0,5,10,2,8,0,0,0
193292,26,Biological Sciences/LifeSciences,153,41,112,0,0,0,11,3,8,26,3,23,30,9,21,1,0,1,80,24,56,1,0,1,2,1,1,2,1,1
193292,27,Mathematics,7,5,2,0,0,0,1,1,0,1,1,0,0,0,0,1,1,0,3,2,1,1,0,1,0,0,0,0,0,0
193292,52,Business Management and Administrative Services,466,290,176,7,4,3,22,12,10,30,19,11,74,41,33,4,2,2,313,196,117,7,7,0,7,7,0,2,2,0
193308,13,Education,89,5,84,1,0,1,0,0,0,33,2,31,45,3,42,0,0,0,2,0,2,0,0,0,4,0,4,4,0,4
193308,52,Business Management and Administrative Services,2032,876,1156,12,5,7,36,20,16,854,370,484,636,268,368,4,2,2,66,35,31,0,0,0,39,14,25,385,162,223
193353,13,Education,245,43,202,1,0,1,1,0,1,8,1,7,31,8,23,1,0,1,192,32,160,3,0,3,7,2,5,1,0,1
193353,26,Biological Sciences/LifeSciences,144,47,97,0,0,0,7,2,5,12,5,7,32,9,23,1,0,1,85,27,58,3,2,1,4,2,2,0,0,0
193353,27,Mathematics,71,21,50,0,0,0,0,0,0,7,3,4,12,7,5,0,0,0,49,10,39,0,0,0,2,1,1,1,0,1
193353,40,Physical Sciences,10,4,6,0,0,0,0,0,0,2,2,0,2,0,2,1,0,1,5,2,3,0,0,0,0,0,0,0,0,0
193353,52,Business Management and Administrative Services,313,199,114,1,1,0,6,4,2,25,16,9,41,23,18,0,0,0,206,133,73,7,5,2,27,17,10,0,0,0
193399,26,Biological Sciences/LifeSciences,189,55,134,0,0,0,20,4,16,25,7,18,89,25,64,0,0,0,38,12,26,10,7,3,5,0,5,2,0,2
193399,27,Mathematics,9,2,7,0,0,0,1,0,1,1,0,1,1,1,0,0,0,0,6,1,5,0,0,0,0,0,0,0,0,0
193399,40,Physical Sciences,12,6,6,0,0,0,2,1,1,2,1,1,6,3,3,0,0,0,2,1,1,0,0,0,0,0,0,0,0,0
193399,52,Business Management and Administrative Services,253,144,109,0,0,0,10,5,5,27,15,12,103,59,44,0,0,0,66,40,26,11,5,6,10,7,3,26,13,13
193584,13,Education,65,13,52,0,0,0,1,0,1,2,1,1,2,1,1,0,0,0,58,11,47,0,0,0,2,0,2,0,0,0
193584,26,Biological Sciences/LifeSciences,166,63,103,0,0,0,11,1,10,21,5,16,9,4,5,0,0,0,111,45,66,4,1,3,9,7,2,1,0,1
193584,27,Mathematics,27,7,20,0,0,0,0,0,0,4,2,2,0,0,0,0,0,0,22,5,17,0,0,0,0,0,0,1,0,1
193584,40,Physical Sciences,13,5,8,0,0,0,2,1,1,0,0,0,0,0,0,0,0,0,11,4,7,0,0,0,0,0,0,0,0,0
193584,52,Business Management and Administrative Services,222,127,95,0,0,0,7,1,6,20,10,10,12,9,3,0,0,0,164,94,70,5,0,5,8,8,0,6,5,1
193645,13,Education,5,1,4,0,0,0,1,0,1,1,1,0,2,0,2,0,0,0,1,0,1,0,0,0,0,0,0,0,0,0
193645,26,Biological Sciences/LifeSciences,52,5,47,0,0,0,4,0,4,17,1,16,18,1,17,1,0,1,7,1,6,0,0,0,5,2,3,0,0,0
193645,27,Mathematics,5,0,5,0,0,0,0,0,0,1,0,1,3,0,3,0,0,0,0,0,0,0,0,0,1,0,1,0,0,0
193645,40,Physical Sciences,4,0,4,0,0,0,1,0,1,1,0,1,2,0,2,0,0,0,0,0,0,0,0,0,0,0,0,0,0,0
193645,52,Business Management and Administrative Services,37,15,22,0,0,0,1,0,1,14,4,10,15,8,7,0,0,0,3,1,2,0,0,0,4,2,2,0,0,0
193654,52,Business Management and Administrative Services,219,25,194,0,0,0,10,4,6,4,1,3,17,2,15,2,0,2,43,3,40,2,0,2,6,0,6,135,15,120
193900,13,Education,329,37,292,1,0,1,72,4,68,18,3,15,53,11,42,0,0,0,109,9,100,14,1,13,10,1,9,52,8,44
193900,14,Engineering,1340,950,390,1,1,0,451,342,109,76,43,33,169,116,53,1,0,1,314,222,92,45,28,17,104,68,36,179,130,49
193900,26,Biological Sciences/LifeSciences,691,298,393,0,0,0,235,115,120,36,12,24,94,36,58,0,0,0,173,77,96,29,11,18,52,13,39,72,34,38
193900,27,Mathematics,432,269,163,0,0,0,100,63,37,11,5,6,26,19,7,0,0,0,58,34,24,10,8,2,23,17,6,204,123,81
193900,40,Physical Sciences,212,121,91,0,0,0,58,33,25,9,4,5,15,7,8,0,0,0,66,38,28,7,3,4,18,13,5,39,23,16
193900,52,Business Management and Administrative Services,3323,1967,1356,5,4,1,887,497,390,142,71,71,416,258,158,3,2,1,710,470,240,82,40,42,240,137,103,838,488,350
193973,13,Education,472,94,378,0,0,0,2,1,1,7,1,6,13,4,9,1,0,1,209,30,179,5,1,4,6,0,6,229,57,172
193973,26,Biological Sciences/LifeSciences,242,71,171,2,0,2,7,2,5,20,7,13,6,1,5,0,0,0,181,55,126,9,1,8,8,2,6,9,3,6
193973,27,Mathematics,15,8,7,0,0,0,1,1,0,1,0,1,2,2,0,0,0,0,8,3,5,2,1,1,0,0,0,1,1,0
193973,40,Physical Sciences,26,10,16,0,0,0,0,0,0,0,0,0,1,0,1,0,0,0,21,8,13,1,0,1,1,1,0,2,1,1
193973,52,Business Management and Administrative Services,815,434,381,8,1,7,14,10,4,25,16,9,27,18,9,0,0,0,646,330,316,13,5,8,21,12,9,61,42,19
194091,14,Engineering,514,458,56,1,1,0,94,85,9,50,43,7,58,51,7,0,0,0,125,115,10,13,11,2,88,82,6,85,70,15
194091,26,Biological Sciences/LifeSciences,451,206,245,1,0,1,156,70,86,31,12,19,40,14,26,1,1,0,94,44,50,18,7,11,73,35,38,37,23,14
194091,40,Physical Sciences,9,5,4,0,0,0,3,0,3,0,0,0,0,0,0,0,0,0,3,3,0,0,0,0,1,1,0,2,1,1
194091,52,Business Management and Administrative Services,384,222,162,0,0,0,25,14,11,21,10,11,54,32,22,0,0,0,82,51,31,7,4,3,54,26,28,141,85,56
194161,13,Education,97,13,84,0,0,0,4,0,4,16,4,12,36,5,31,0,0,0,33,4,29,1,0,1,1,0,1,6,0,6
194161,26,Biological Sciences/LifeSciences,30,5,25,2,0,2,2,2,0,4,1,3,10,2,8,1,0,1,3,0,3,0,0,0,1,0,1,7,0,7
194161,52,Business Management and Administrative Services,255,136,119,3,2,1,13,6,7,98,45,53,58,32,26,1,1,0,40,24,16,2,1,1,9,2,7,31,23,8
194310,13,Education,128,16,112,0,0,0,5,1,4,12,0,12,19,1,18,0,0,0,86,14,72,5,0,5,0,0,0,1,0,1
194310,26,Biological Sciences/LifeSciences,280,65,215,0,0,0,38,8,30,44,11,33,47,15,32,0,0,0,117,24,93,11,4,7,6,1,5,17,2,15
194310,27,Mathematics,21,10,11,0,0,0,0,0,0,3,0,3,3,1,2,0,0,0,7,5,2,2,0,2,0,0,0,6,4,2
194310,40,Physical Sciences,33,17,16,0,0,0,3,2,1,3,1,2,4,2,2,0,0,0,18,9,9,1,0,1,1,0,1,3,3,0
194310,52,Business Management and Administrative Services,2289,1201,1088,1,0,1,257,146,111,175,86,89,273,116,157,2,2,0,945,519,426,57,23,34,52,21,31,527,288,239
194392,26,Biological Sciences/LifeSciences,38,20,18,0,0,0,0,0,0,1,0,1,3,3,0,0,0,0,31,14,17,0,0,0,3,3,0,0,0,0
194392,52,Business Management and Administrative Services,54,26,28,0,0,0,0,0,0,11,8,3,8,5,3,0,0,0,25,8,17,3,2,1,7,3,4,0,0,0
194499,52,Business Management and Administrative Services,688,118,570,0,0,0,83,15,68,226,45,181,214,22,192,0,0,0,87,17,70,78,19,59,0,0,0,0,0,0
194578,13,Education,71,11,60,0,0,0,9,1,8,10,2,8,12,2,10,0,0,0,35,4,31,1,0,1,0,0,0,4,2,2
194578,52,Business Management and Administrative Services,58,42,16,0,0,0,13,8,5,8,7,1,9,6,3,0,0,0,18,15,3,1,0,1,0,0,0,9,6,3
194824,14,Engineering,3285,2258,1027,1,1,0,297,189,108,108,85,23,301,215,86,1,0,1,1970,1360,610,223,130,93,56,35,21,328,243,85
194824,26,Biological Sciences/LifeSciences,227,84,143,1,0,1,33,17,16,11,1,10,15,6,9,0,0,0,129,46,83,23,10,13,5,1,4,10,3,7
194824,27,Mathematics,216,145,71,0,0,0,20,14,6,2,0,2,9,4,5,0,0,0,87,66,21,12,9,3,5,2,3,81,50,31
194824,40,Physical Sciences,265,199,66,0,0,0,12,10,2,5,2,3,17,13,4,0,0,0,199,153,46,13,5,8,3,2,1,16,14,2
194824,52,Business Management and Administrative Services,271,199,72,1,1,0,25,15,10,20,15,5,20,16,4,0,0,0,147,106,41,14,13,1,7,4,3,37,29,8
194958,13,Education,159,44,115,0,0,0,3,1,2,13,4,9,8,2,6,0,0,0,123,33,90,6,1,5,2,0,2,4,3,1
194958,26,Biological Sciences/LifeSciences,77,28,49,0,0,0,3,1,2,9,2,7,4,2,2,0,0,0,53,20,33,7,3,4,0,0,0,1,0,1
194958,27,Mathematics,8,3,5,0,0,0,0,0,0,0,0,0,1,0,1,0,0,0,7,3,4,0,0,0,0,0,0,0,0,0
194958,40,Physical Sciences,32,15,17,0,0,0,2,0,2,4,2,2,0,0,0,0,0,0,23,13,10,1,0,1,0,0,0,2,0,2
194958,52,Business Management and Administrative Services,196,102,94,0,0,0,5,1,4,30,13,17,8,2,6,0,0,0,137,77,60,5,3,2,0,0,0,11,6,5
195003,14,Engineering,3344,2588,756,2,1,1,276,212,64,75,49,26,164,124,40,0,0,0,2457,1911,546,85,64,21,90,71,19,195,156,39
195003,26,Biological Sciences/LifeSciences,599,226,373,0,0,0,69,18,51,38,9,29,59,27,32,0,0,0,342,139,203,12,5,7,14,10,4,65,18,47
195003,27,Mathematics,141,83,58,1,0,1,13,5,8,4,1,3,7,6,1,0,0,0,101,62,39,6,4,2,3,1,2,6,4,2
195003,40,Physical Sciences,312,229,83,0,0,0,21,11,10,8,4,4,28,19,9,0,0,0,231,174,57,8,7,1,4,4,0,12,10,2
195003,52,Business Management and Administrative Services,926,545,381,5,2,3,77,39,38,64,27,37,97,51,46,0,0,0,492,308,184,32,21,11,35,21,14,124,76,48
195030,13,Education,37,11,26,0,0,0,7,3,4,0,0,0,0,0,0,0,0,0,23,7,16,1,0,1,3,1,2,3,0,3
195030,14,Engineering,1162,768,394,0,0,0,142,89,53,51,37,14,78,47,31,0,0,0,534,349,185,22,10,12,81,58,23,254,178,76
195030,26,Biological Sciences/LifeSciences,980,390,590,3,1,2,166,73,93,52,24,28,75,32,43,0,0,0,502,186,316,34,9,25,70,35,35,78,30,48
195030,27,Mathematics,241,133,108,0,0,0,16,8,8,4,3,1,7,5,2,0,0,0,77,44,33,6,4,2,10,9,1,121,60,61
195030,40,Physical Sciences,288,199,89,0,0,0,28,18,10,6,4,2,12,9,3,1,1,0,143,100,43,9,5,4,22,15,7,67,47,20
195030,52,Business Management and Administrative Services,269,143,126,0,0,0,21,9,12,9,8,1,17,8,9,0,0,0,85,51,34,5,1,4,16,10,6,116,56,60
195128,13,Education,80,28,52,0,0,0,0,0,0,8,3,5,4,2,2,0,0,0,62,20,42,3,2,1,3,1,2,0,0,0
195128,26,Biological Sciences/LifeSciences,162,36,126,0,0,0,16,3,13,14,4,10,14,3,11,0,0,0,98,22,76,6,0,6,14,4,10,0,0,0
195128,27,Mathematics,3,1,2,0,0,0,0,0,0,1,0,1,1,1,0,0,0,0,1,0,1,0,0,0,0,0,0,0,0,0
195128,40,Physical Sciences,16,4,12,0,0,0,1,1,0,1,0,1,0,0,0,0,0,0,14,3,11,0,0,0,0,0,0,0,0,0
195128,52,Business Management and Administrative Services,151,66,85,0,0,0,6,2,4,39,29,10,16,7,9,1,1,0,71,25,46,7,1,6,11,1,10,0,0,0
195164,13,Education,114,17,97,0,0,0,1,0,1,5,0,5,5,1,4,0,0,0,84,12,72,5,1,4,12,2,10,2,1,1
195164,26,Biological Sciences/LifeSciences,189,80,109,0,0,0,44,22,22,7,1,6,12,3,9,0,0,0,101,42,59,6,1,5,13,8,5,6,3,3
195164,27,Mathematics,13,7,6,0,0,0,1,0,1,0,0,0,0,0,0,0,0,0,10,6,4,0,0,0,0,0,0,2,1,1
195164,40,Physical Sciences,30,16,14,0,0,0,0,0,0,1,1,0,0,0,0,0,0,0,25,14,11,0,0,0,4,1,3,0,0,0
195164,52,Business Management and Administrative Services,518,343,175,2,0,2,7,4,3,22,17,5,34,23,11,0,0,0,381,253,128,8,5,3,46,29,17,18,12,6
195173,13,Education,165,43,122,0,0,0,3,1,2,19,9,10,34,10,24,0,0,0,92,14,78,1,0,1,11,6,5,5,3,2
195173,26,Biological Sciences/LifeSciences,220,69,151,2,0,2,18,4,14,51,14,37,46,15,31,4,3,1,68,25,43,5,0,5,14,4,10,12,4,8
195173,27,Mathematics,13,4,9,0,0,0,0,0,0,3,0,3,0,0,0,0,0,0,5,3,2,2,0,2,0,0,0,3,1,2
195173,40,Physical Sciences,22,10,12,0,0,0,2,0,2,6,2,4,3,1,2,2,1,1,4,4,0,1,0,1,2,1,1,2,1,1
195173,52,Business Management and Administrative Services,438,269,169,3,2,1,12,8,4,70,45,25,75,42,33,5,2,3,204,129,75,6,3,3,29,14,15,34,24,10
195216,26,Biological Sciences/LifeSciences,149,47,102,0,0,0,5,3,2,3,0,3,3,1,2,0,0,0,125,38,87,4,1,3,1,1,0,8,3,5
195216,27,Mathematics,75,34,41,0,0,0,1,1,0,3,2,1,1,1,0,0,0,0,42,16,26,1,1,0,0,0,0,27,13,14
195216,40,Physical Sciences,62,33,29,0,0,0,1,0,1,2,1,1,0,0,0,0,0,0,53,27,26,1,1,0,0,0,0,5,4,1
195216,52,Business Management and Administrative Services,167,106,61,0,0,0,2,1,1,1,1,0,8,4,4,0,0,0,131,89,42,7,4,3,1,1,0,17,6,11
195234,13,Education,492,90,402,1,0,1,4,0,4,28,4,24,20,6,14,0,0,0,385,70,315,36,6,30,18,4,14,0,0,0
195234,26,Biological Sciences/LifeSciences,172,50,122,0,0,0,13,5,8,51,11,40,10,5,5,0,0,0,75,24,51,11,0,11,6,3,3,6,2,4
195234,27,Mathematics,16,10,6,0,0,0,2,1,1,2,0,2,2,1,1,0,0,0,6,5,1,1,1,0,1,0,1,2,2,0
195234,40,Physical Sciences,12,6,6,0,0,0,0,0,0,1,1,0,0,0,0,0,0,0,10,4,6,1,1,0,0,0,0,0,0,0
195234,52,Business Management and Administrative Services,438,264,174,1,1,0,7,3,4,62,37,25,27,10,17,2,1,1,261,164,97,34,20,14,21,11,10,23,17,6
195243,13,Education,118,14,104,1,0,1,1,0,1,4,0,4,21,2,19,1,0,1,78,12,66,1,0,1,10,0,10,1,0,1
195243,26,Biological Sciences/LifeSciences,91,41,50,0,0,0,5,3,2,9,6,3,27,13,14,0,0,0,40,14,26,0,0,0,4,1,3,6,4,2
195243,27,Mathematics,39,25,14,0,0,0,2,1,1,1,1,0,7,6,1,0,0,0,21,12,9,1,0,1,5,3,2,2,2,0
195243,52,Business Management and Administrative Services,308,203,105,0,0,0,9,4,5,37,25,12,68,44,24,0,0,0,155,102,53,0,0,0,23,15,8,16,13,3
195474,26,Biological Sciences/LifeSciences,416,148,268,0,0,0,50,15,35,12,3,9,23,8,15,0,0,0,311,116,195,6,0,6,5,2,3,9,4,5
195474,27,Mathematics,47,11,36,0,0,0,1,0,1,0,0,0,1,0,1,0,0,0,43,11,32,1,0,1,0,0,0,1,0,1
195474,40,Physical Sciences,126,68,58,0,0,0,7,2,5,7,3,4,16,9,7,0,0,0,92,51,41,2,1,1,1,1,0,1,1,0
195474,52,Business Management and Administrative Services,1130,687,443,1,0,1,35,15,20,34,20,14,58,38,20,1,0,1,945,576,369,22,15,7,5,4,1,29,19,10
195526,13,Education,37,3,34,0,0,0,2,0,2,1,0,1,4,1,3,0,0,0,28,2,26,2,0,2,0,0,0,0,0,0
195526,26,Biological Sciences/LifeSciences,146,50,96,0,0,0,13,8,5,4,3,1,17,5,12,0,0,0,96,31,65,8,3,5,6,0,6,2,0,2
195526,27,Mathematics,35,24,11,0,0,0,4,4,0,2,1,1,2,2,0,0,0,0,16,10,6,1,0,1,1,0,1,9,7,2
195526,40,Physical Sciences,96,51,45,0,0,0,4,1,3,3,2,1,11,5,6,0,0,0,57,34,23,10,3,7,3,0,3,8,6,2
195526,52,Business Management and Administrative Services,192,102,90,0,0,0,11,5,6,9,6,3,10,5,5,0,0,0,112,66,46,3,1,2,9,4,5,38,15,23
195544,13,Education,705,119,586,1,0,1,9,2,7,12,1,11,59,6,53,2,1,1,530,94,436,9,2,7,83,13,70,0,0,0
195544,26,Biological Sciences/LifeSciences,128,39,89,0,0,0,14,4,10,12,5,7,25,5,20,0,0,0,60,18,42,3,0,3,14,7,7,0,0,0
195544,27,Mathematics,86,60,26,1,1,0,4,1,3,2,1,1,16,11,5,0,0,0,49,37,12,2,1,1,12,8,4,0,0,0
195544,40,Physical Sciences,12,7,5,0,0,0,1,0,1,1,0,1,3,2,1,0,0,0,6,4,2,0,0,0,1,1,0,0,0,0
195544,52,Business Management and Administrative Services,849,440,409,2,1,1,25,12,13,67,32,35,116,50,66,0,0,0,540,294,246,15,8,7,84,43,41,0,0,0
195720,13,Education,135,26,109,0,0,0,2,1,1,3,0,3,4,3,1,0,0,0,120,21,99,3,0,3,3,1,2,0,0,0
195720,26,Biological Sciences/LifeSciences,287,113,174,0,0,0,16,7,9,7,3,4,10,3,7,1,0,1,244,96,148,5,2,3,4,2,2,0,0,0
195720,27,Mathematics,56,23,33,0,0,0,1,0,1,1,1,0,0,0,0,0,0,0,51,20,31,1,1,0,2,1,1,0,0,0
195720,40,Physical Sciences,147,70,77,0,0,0,12,4,8,5,1,4,7,3,4,0,0,0,110,55,55,6,4,2,7,3,4,0,0,0
195720,52,Business Management and Administrative Services,576,317,259,2,0,2,20,5,15,21,9,12,21,12,9,0,0,0,490,276,214,10,8,2,10,5,5,2,2,0
195809,13,Education,370,63,307,1,0,1,24,0,24,30,5,25,40,7,33,2,1,1,222,39,183,15,4,11,29,6,23,7,1,6
195809,26,Biological Sciences/LifeSciences,959,325,634,1,1,0,280,99,181,169,53,116,97,31,66,6,2,4,239,88,151,51,13,38,74,22,52,42,16,26
195809,27,Mathematics,60,31,29,1,0,1,9,5,4,10,4,6,7,2,5,0,0,0,19,12,7,3,1,2,2,1,1,9,6,3
195809,40,Physical Sciences,155,73,82,0,0,0,33,19,14,37,16,21,17,10,7,0,0,0,36,18,18,13,4,9,10,3,7,9,3,6
195809,52,Business Management and Administrative Services,2311,1341,970,4,2,2,256,127,129,319,168,151,204,115,89,10,7,3,976,612,364,84,42,42,164,106,58,294,162,132
196006,14,Engineering,21,19,2,0,0,0,0,0,0,0,0,0,0,0,0,0,0,0,20,18,2,1,1,0,0,0,0,0,0,0
196006,26,Biological Sciences/LifeSciences,32,15,17,0,0,0,3,2,1,4,2,2,7,4,3,0,0,0,16,5,11,1,1,0,1,1,0,0,0,0
196006,52,Business Management and Administrative Services,724,480,244,0,0,0,6,5,1,150,111,39,82,56,26,0,0,0,455,287,168,12,6,6,6,5,1,13,10,3
196015,14,Engineering,13,12,1,2,2,0,0,0,0,1,1,0,0,0,0,0,0,0,10,9,1,0,0,0,0,0,0,0,0,0
196015,52,Business Management and Administrative Services,409,254,155,10,4,6,7,5,2,64,46,18,40,31,9,0,0,0,252,141,111,6,3,3,7,4,3,23,20,3
196024,52,Business Management and Administrative Services,828,476,352,2,2,0,15,6,9,139,74,65,123,68,55,2,1,1,470,291,179,19,12,7,28,14,14,30,8,22
196033,13,Education,73,1,72,0,0,0,0,0,0,6,0,6,9,0,9,0,0,0,54,1,53,4,0,4,0,0,0,0,0,0
196033,26,Biological Sciences/LifeSciences,48,20,28,0,0,0,1,0,1,1,1,0,1,1,0,0,0,0,30,10,20,0,0,0,0,0,0,15,8,7
196033,52,Business Management and Administrative Services,311,172,139,0,0,0,8,4,4,84,49,35,45,29,16,0,0,0,164,86,78,7,1,6,1,1,0,2,2,0
196042,26,Biological Sciences/LifeSciences,393,151,242,1,1,0,71,27,44,42,14,28,81,26,55,1,0,1,177,72,105,13,6,7,1,0,1,6,5,1
196042,27,Mathematics,53,31,22,1,1,0,9,6,3,6,2,4,9,7,2,0,0,0,25,15,10,3,0,3,0,0,0,0,0,0
196042,52,Business Management and Administrative Services,1427,859,568,1,1,0,88,50,38,114,61,53,233,132,101,4,2,2,936,580,356,26,16,10,8,6,2,17,11,6
196051,14,Engineering,24,20,4,0,0,0,0,0,0,4,2,2,2,2,0,0,0,0,14,12,2,2,2,0,2,2,0,0,0,0
196051,52,Business Management and Administrative Services,364,237,127,6,3,3,7,4,3,105,79,26,28,23,5,0,0,0,193,108,85,11,8,3,5,3,2,9,9,0
196060,13,Education,7,3,4,0,0,0,0,0,0,3,1,2,3,2,1,0,0,0,1,0,1,0,0,0,0,0,0,0,0,0
196060,14,Engineering,112,98,14,0,0,0,12,9,3,4,3,1,5,5,0,0,0,0,79,72,7,3,2,1,3,3,0,6,4,2
196060,26,Biological Sciences/LifeSciences,639,264,375,0,0,0,97,39,58,150,55,95,83,31,52,2,1,1,253,116,137,21,6,15,18,8,10,15,8,7
196060,27,Mathematics,216,132,84,1,1,0,25,14,11,28,12,16,28,16,12,1,1,0,96,61,35,6,2,4,8,7,1,23,18,5
196060,40,Physical Sciences,280,155,125,0,0,0,26,15,11,34,13,21,29,16,13,0,0,0,153,86,67,6,1,5,8,5,3,24,19,5
196060,52,Business Management and Administrative Services,945,588,357,2,1,1,83,44,39,56,27,29,97,61,36,1,1,0,568,384,184,29,19,10,23,13,10,86,38,48
196079,14,Engineering,1387,1087,300,1,1,0,187,143,44,51,40,11,128,108,20,2,1,1,902,702,200,25,15,10,22,19,3,69,58,11
196079,26,Biological Sciences/LifeSciences,1437,566,871,0,0,0,262,106,156,102,39,63,177,69,108,1,0,1,802,319,483,40,11,29,26,10,16,27,12,15
196079,27,Mathematics,332,194,138,0,0,0,64,38,26,12,5,7,17,10,7,0,0,0,180,114,66,5,2,3,5,3,2,49,22,27
196079,40,Physical Sciences,250,162,88,1,1,0,34,18,16,10,9,1,22,13,9,0,0,0,154,110,44,3,1,2,4,2,2,22,8,14
196079,52,Business Management and Administrative Services,1582,957,625,3,1,2,301,156,145,48,28,20,141,92,49,0,0,0,815,544,271,35,17,18,25,17,8,214,102,112
196088,14,Engineering,3778,3164,614,11,9,2,515,418,97,189,156,33,269,216,53,3,3,0,2056,1759,297,79,64,15,208,172,36,448,367,81
196088,26,Biological Sciences/LifeSciences,2492,1173,1319,13,4,9,494,248,246,264,108,156,188,98,90,3,1,2,1220,569,651,73,35,38,137,68,69,100,42,58
196088,27,Mathematics,290,195,95,2,2,0,36,23,13,20,11,9,20,15,5,0,0,0,147,98,49,5,3,2,13,9,4,47,34,13
196088,40,Physical Sciences,529,354,175,2,2,0,61,34,27,27,10,17,36,24,12,0,0,0,311,229,82,16,10,6,24,12,12,52,33,19
196088,52,Business Management and Administrative Services,3311,2052,1259,4,4,0,509,271,238,129,75,54,159,122,37,3,3,0,1453,1020,433,54,41,13,154,98,56,846,418,428
196097,13,Education,85,21,64,0,0,0,6,0,6,2,0,2,17,3,14,0,0,0,53,14,39,1,0,1,5,3,2,1,1,0
196097,14,Engineering,1731,1360,371,2,2,0,556,434,122,57,46,11,170,125,45,1,1,0,572,465,107,44,35,9,145,117,28,184,135,49
196097,26,Biological Sciences/LifeSciences,3061,1409,1652,4,3,1,954,460,494,219,70,149,357,162,195,5,2,3,1049,511,538,86,38,48,226,96,130,161,67,94
196097,27,Mathematics,1028,706,322,0,0,0,240,169,71,36,28,8,74,51,23,1,1,0,277,198,79,15,9,6,66,50,16,319,200,119
196097,40,Physical Sciences,827,587,240,0,0,0,147,100,47,33,23,10,75,58,17,0,0,0,374,275,99,20,16,4,51,33,18,127,82,45
196097,52,Business Management and Administrative Services,1260,735,525,2,1,1,197,101,96,64,36,28,132,82,50,1,1,0,555,348,207,23,10,13,66,41,25,220,115,105
196103,14,Engineering,203,114,89,0,0,0,9,4,5,3,3,0,10,5,5,0,0,0,163,91,72,5,3,2,10,6,4,3,2,1
196103,26,Biological Sciences/LifeSciences,685,281,404,0,0,0,20,8,12,14,3,11,44,20,24,1,0,1,541,223,318,16,5,11,40,15,25,9,7,2
196103,40,Physical Sciences,55,30,25,0,0,0,2,0,2,0,0,0,2,0,2,0,0,0,46,26,20,1,1,0,3,3,0,1,0,1
196103,52,Business Management and Administrative Services,78,66,12,0,0,0,2,1,1,0,0,0,2,1,1,0,0,0,62,57,5,4,4,0,1,0,1,7,3,4
196112,14,Engineering,304,262,42,0,0,0,27,23,4,9,5,4,26,24,2,0,0,0,226,200,26,6,3,3,1,1,0,9,6,3
196112,26,Biological Sciences/LifeSciences,47,16,31,0,0,0,1,0,1,2,0,2,2,1,1,0,0,0,39,13,26,1,1,0,1,0,1,1,1,0
196112,27,Mathematics,18,12,6,0,0,0,0,0,0,0,0,0,3,2,1,0,0,0,14,9,5,0,0,0,0,0,0,1,1,0
196112,52,Business Management and Administrative Services,279,135,144,1,0,1,10,3,7,13,8,5,12,3,9,0,0,0,231,113,118,7,4,3,0,0,0,5,4,1
196121,13,Education,268,190,78,0,0,0,0,0,0,25,18,7,15,12,3,0,0,0,203,146,57,0,0,0,21,11,10,4,3,1
196121,26,Biological Sciences/LifeSciences,310,112,198,0,0,0,8,3,5,48,17,31,29,13,16,1,1,0,192,67,125,10,5,5,19,5,14,3,1,2
196121,27,Mathematics,93,52,41,0,0,0,1,1,0,7,3,4,5,3,2,0,0,0,70,39,31,4,3,1,6,3,3,0,0,0
196121,40,Physical Sciences,136,84,52,0,0,0,4,2,2,2,0,2,14,9,5,0,0,0,102,63,39,0,0,0,12,9,3,2,1,1
196121,52,Business Management and Administrative Services,1102,682,420,1,1,0,32,18,14,98,49,49,58,37,21,0,0,0,804,511,293,17,10,7,72,43,29,20,13,7
196130,13,Education,656,129,527,3,1,2,19,2,17,107,16,91,55,12,43,0,0,0,456,98,358,13,0,13,0,0,0,3,0,3
196130,26,Biological Sciences/LifeSciences,439,153,286,3,1,2,19,5,14,193,56,137,65,24,41,1,0,1,132,60,72,17,4,13,0,0,0,9,3,6
196130,27,Mathematics,59,39,20,2,1,1,4,3,1,17,10,7,9,7,2,0,0,0,25,18,7,2,0,2,0,0,0,0,0,0
196130,40,Physical Sciences,172,98,74,0,0,0,9,7,2,39,25,14,14,7,7,0,0,0,102,53,49,4,4,0,1,0,1,3,2,1
196130,52,Business Management and Administrative Services,749,375,374,3,0,3,25,17,8,183,85,98,58,31,27,1,1,0,447,228,219,21,10,11,1,0,1,10,3,7
196149,13,Education,1683,533,1150,3,2,1,26,8,18,53,16,37,171,54,117,1,1,0,1322,415,907,26,9,17,69,24,45,12,4,8
196149,26,Biological Sciences/LifeSciences,376,142,234,1,0,1,6,2,4,30,7,23,53,18,35,0,0,0,259,106,153,15,5,10,11,4,7,1,0,1
196149,27,Mathematics,37,22,15,0,0,0,1,1,0,2,2,0,4,4,0,0,0,0,26,13,13,2,1,1,2,1,1,0,0,0
196149,40,Physical Sciences,98,68,30,0,0,0,3,3,0,7,5,2,12,8,4,0,0,0,69,45,24,2,2,0,4,4,0,1,1,0
196149,52,Business Management and Administrative Services,475,334,141,3,3,0,3,2,1,33,22,11,68,45,23,1,0,1,330,233,97,11,10,1,21,15,6,5,4,1
196158,13,Education,747,198,549,3,1,2,13,4,9,17,3,14,42,17,25,1,0,1,640,165,475,15,4,11,12,3,9,4,1,3
196158,26,Biological Sciences/LifeSciences,251,86,165,1,0,1,7,3,4,26,5,21,26,8,18,1,0,1,176,62,114,5,4,1,5,1,4,4,3,1
196158,27,Mathematics,31,15,16,0,0,0,0,0,0,2,2,0,2,1,1,0,0,0,23,10,13,1,0,1,2,1,1,1,1,0
196158,40,Physical Sciences,95,56,39,0,0,0,1,1,0,5,0,5,6,3,3,0,0,0,78,48,30,0,0,0,2,2,0,3,2,1
196158,52,Business Management and Administrative Services,660,402,258,2,0,2,17,8,9,46,26,20,35,28,7,0,0,0,503,296,207,15,8,7,16,13,3,26,23,3
196167,13,Education,387,35,352,0,0,0,21,2,19,3,0,3,18,0,18,0,0,0,312,31,281,6,0,6,24,2,22,3,0,3
196167,26,Biological Sciences/LifeSciences,1014,377,637,0,0,0,101,40,61,33,13,20,71,35,36,1,0,1,750,263,487,27,14,13,19,4,15,12,8,4
196167,27,Mathematics,242,99,143,1,1,0,17,6,11,4,2,2,17,7,10,0,0,0,193,77,116,4,3,1,4,2,2,2,1,1
196167,40,Physical Sciences,478,307,171,0,0,0,32,21,11,17,8,9,29,18,11,0,0,0,365,237,128,15,12,3,10,5,5,10,6,4
196167,52,Business Management and Administrative Services,745,428,317,2,2,0,54,30,24,12,5,7,29,15,14,0,0,0,570,328,242,15,9,6,21,13,8,42,26,16
196176,13,Education,591,101,490,3,1,2,19,3,16,17,3,14,82,14,68,0,0,0,436,75,361,11,2,9,19,3,16,4,0,4
196176,14,Engineering,262,220,42,0,0,0,28,21,7,16,16,0,51,43,8,0,0,0,150,126,24,4,4,0,7,5,2,6,5,1
196176,26,Biological Sciences/LifeSciences,246,81,165,0,0,0,44,16,28,15,0,15,33,12,21,0,0,0,136,46,90,10,4,6,5,3,2,3,0,3
196176,27,Mathematics,48,20,28,0,0,0,4,2,2,2,1,1,6,3,3,0,0,0,29,13,16,2,0,2,5,1,4,0,0,0
196176,40,Physical Sciences,139,80,59,0,0,0,6,3,3,3,2,1,20,11,9,0,0,0,98,59,39,4,3,1,8,2,6,0,0,0
196176,52,Business Management and Administrative Services,631,355,276,1,0,1,43,18,25,28,14,14,99,49,50,1,1,0,374,224,150,18,12,6,19,9,10,48,28,20
196185,13,Education,722,129,593,0,0,0,14,2,12,8,2,6,62,7,55,0,0,0,617,115,502,14,1,13,7,2,5,0,0,0
196185,26,Biological Sciences/LifeSciences,644,221,423,1,0,1,26,7,19,32,10,22,81,30,51,0,0,0,486,166,320,9,5,4,4,1,3,5,2,3
196185,27,Mathematics,72,38,34,1,1,0,0,0,0,4,1,3,9,5,4,0,0,0,56,29,27,0,0,0,1,1,0,1,1,0
196185,40,Physical Sciences,191,140,51,0,0,0,1,0,1,3,1,2,18,14,4,0,0,0,159,116,43,3,3,0,5,4,1,2,2,0
196185,52,Business Management and Administrative Services,764,525,239,2,1,1,20,11,9,16,12,4,84,57,27,0,0,0,605,419,186,16,11,5,12,8,4,9,6,3
196194,13,Education,572,194,378,2,0,2,12,2,10,35,4,31,48,14,34,0,0,0,459,167,292,11,5,6,2,2,0,3,0,3
196194,14,Engineering,217,203,14,0,0,0,19,19,0,25,25,0,22,19,3,0,0,0,135,126,9,4,4,0,1,0,1,11,10,1
196194,26,Biological Sciences/LifeSciences,670,242,428,2,0,2,22,7,15,54,16,38,99,34,65,1,0,1,450,174,276,24,6,18,0,0,0,18,5,13
196194,27,Mathematics,41,24,17,1,1,0,2,2,0,4,2,2,2,2,0,0,0,0,29,15,14,0,0,0,0,0,0,3,2,1
196194,40,Physical Sciences,276,170,106,1,1,0,6,4,2,11,7,4,21,12,9,0,0,0,229,143,86,5,1,4,1,1,0,2,1,1
196194,52,Business Management and Administrative Services,1721,1143,578,1,0,1,51,27,24,107,55,52,152,100,52,0,0,0,1313,897,416,42,28,14,2,2,0,53,34,19
196200,13,Education,519,162,357,4,0,4,15,6,9,17,5,12,39,15,24,0,0,0,409,122,287,11,3,8,23,11,12,1,0,1
196200,26,Biological Sciences/LifeSciences,313,125,188,9,3,6,9,1,8,44,15,29,49,22,27,0,0,0,171,69,102,10,6,4,18,9,9,3,0,3
196200,27,Mathematics,112,62,50,0,0,0,2,2,0,10,5,5,15,10,5,0,0,0,73,38,35,3,2,1,8,4,4,1,1,0
196200,40,Physical Sciences,138,90,48,0,0,0,2,1,1,8,5,3,13,7,6,1,1,0,105,71,34,3,2,1,5,3,2,1,0,1
196200,52,Business Management and Administrative Services,254,155,99,6,2,4,6,3,3,30,20,10,35,19,16,0,0,0,148,90,58,5,3,2,20,14,6,4,4,0
196219,26,Biological Sciences/LifeSciences,183,79,104,0,0,0,20,7,13,26,16,10,55,24,31,0,0,0,56,20,36,6,3,3,17,8,9,3,1,2
196219,27,Mathematics,59,48,11,1,0,1,2,2,0,7,5,2,16,10,6,0,0,0,22,21,1,3,3,0,5,5,0,3,2,1
196219,40,Physical Sciences,16,7,9,0,0,0,0,0,0,2,0,2,6,1,5,0,0,0,5,5,0,0,0,0,2,1,1,1,0,1
196237,13,Education,356,57,299,0,0,0,17,3,14,47,4,43,90,6,84,0,0,0,190,42,148,3,0,3,9,2,7,0,0,0
196237,26,Biological Sciences/LifeSciences,457,159,298,1,0,1,108,43,65,139,39,100,112,34,78,1,0,1,70,32,38,8,1,7,13,7,6,5,3,2
196237,27,Mathematics,65,32,33,0,0,0,9,7,2,14,2,12,19,10,9,0,0,0,19,11,8,3,1,2,1,1,0,0,0,0
196237,40,Physical Sciences,32,10,22,0,0,0,3,2,1,10,2,8,11,5,6,0,0,0,6,1,5,1,0,1,1,0,1,0,0,0
196237,52,Business Management and Administrative Services,951,524,427,5,3,2,119,72,47,194,91,103,251,117,134,2,0,2,322,210,112,20,9,11,24,13,11,14,9,5
196246,13,Education,214,12,202,1,0,1,1,0,1,2,0,2,15,0,15,0,0,0,185,12,173,1,0,1,7,0,7,2,0,2
196246,26,Biological Sciences/LifeSciences,382,133,249,2,1,1,16,2,14,48,19,29,56,22,34,0,0,0,199,69,130,10,5,5,15,6,9,36,9,27
196246,27,Mathematics,46,22,24,0,0,0,2,2,0,4,1,3,4,0,4,0,0,0,30,15,15,0,0,0,0,0,0,6,4,2
196246,40,Physical Sciences,106,74,32,1,0,1,1,0,1,12,9,3,10,4,6,0,0,0,69,52,17,0,0,0,4,3,1,9,6,3
196246,52,Business Management and Administrative Services,1004,598,406,2,1,1,37,14,23,77,44,33,98,55,43,0,0,0,601,380,221,24,14,10,37,20,17,128,70,58
196264,13,Education,427,41,386,1,0,1,6,0,6,80,9,71,52,3,49,0,0,0,265,25,240,10,1,9,9,3,6,4,0,4
196264,40,Physical Sciences,640,390,250,6,4,2,21,18,3,85,49,36,61,39,22,1,0,1,409,250,159,28,13,15,24,15,9,5,2,3
196264,52,Business Management and Administrative Services,3718,1937,1781,30,8,22,105,64,41,525,222,303,487,285,202,11,4,7,2310,1230,1080,56,18,38,155,82,73,39,24,15
196291,14,Engineering,655,584,71,0,0,0,43,38,5,30,27,3,91,77,14,0,0,0,444,401,43,15,14,1,22,20,2,10,7,3
196291,40,Physical Sciences,92,57,35,0,0,0,2,1,1,5,4,1,11,5,6,0,0,0,67,46,21,4,0,4,3,1,2,0,0,0
196291,52,Business Management and Administrative Services,216,189,27,1,1,0,7,6,1,19,19,0,33,22,11,0,0,0,135,124,11,5,5,0,8,8,0,8,4,4
196307,26,Biological Sciences/LifeSciences,5,2,3,0,0,0,0,0,0,0,0,0,0,0,0,0,0,0,5,2,3,0,0,0,0,0,0,0,0,0
196413,13,Education,307,47,260,0,0,0,14,5,9,12,4,8,27,3,24,0,0,0,223,32,191,6,0,6,10,1,9,15,2,13
196413,14,Engineering,1254,951,303,4,4,0,119,80,39,84,55,29,135,99,36,0,0,0,713,556,157,24,16,8,31,23,8,144,118,26
196413,26,Biological Sciences/LifeSciences,593,211,382,6,6,0,64,25,39,57,19,38,75,23,52,1,1,0,332,110,222,22,10,12,12,5,7,24,12,12
196413,27,Mathematics,172,90,82,0,0,0,13,9,4,8,5,3,12,7,5,0,0,0,62,22,40,3,2,1,1,0,1,73,45,28
196413,40,Physical Sciences,170,98,72,1,1,0,19,9,10,13,6,7,13,9,4,0,0,0,95,60,35,3,1,2,3,1,2,23,11,12
196413,52,Business Management and Administrative Services,1682,1001,681,3,3,0,140,70,70,64,31,33,133,76,57,0,0,0,1088,695,393,40,21,19,51,27,24,163,78,85
196592,13,Education,65,6,59,0,0,0,0,0,0,15,1,14,10,2,8,0,0,0,35,3,32,1,0,1,3,0,3,1,0,1
196592,26,Biological Sciences/LifeSciences,591,221,370,1,0,1,19,7,12,53,14,39,56,12,44,1,1,0,395,161,234,14,5,9,36,11,25,16,10,6
196592,27,Mathematics,63,46,17,0,0,0,0,0,0,0,0,0,0,0,0,0,0,0,58,43,15,0,0,0,5,3,2,0,0,0
196592,52,Business Management and Administrative Services,653,382,271,0,0,0,19,13,6,43,15,28,30,15,15,1,0,1,392,247,145,5,2,3,114,61,53,49,29,20
196653,52,Business Management and Administrative Services,4,3,1,0,0,0,1,1,0,0,0,0,0,0,0,0,0,0,3,2,1,0,0,0,0,0,0,0,0,0
196680,13,Education,9,5,4,0,0,0,0,0,0,0,0,0,2,2,0,1,0,1,6,3,3,0,0,0,0,0,0,0,0,0
196680,52,Business Management and Administrative Services,5242,2131,3111,27,15,12,164,74,90,981,309,672,409,210,199,25,13,12,3352,1356,1996,143,81,62,90,54,36,51,19,32
196866,14,Engineering,406,311,95,0,0,0,22,10,12,14,8,6,31,27,4,0,0,0,286,227,59,15,14,1,1,1,0,37,24,13
196866,26,Biological Sciences/LifeSciences,253,84,169,0,0,0,34,14,20,10,5,5,14,6,8,0,0,0,177,52,125,5,3,2,0,0,0,13,4,9
196866,27,Mathematics,50,20,30,0,0,0,1,0,1,4,2,2,3,1,2,0,0,0,31,13,18,0,0,0,0,0,0,11,4,7
196866,40,Physical Sciences,127,68,59,0,0,0,8,4,4,3,1,2,10,6,4,0,0,0,99,52,47,3,2,1,0,0,0,4,3,1
197027,14,Engineering,454,382,72,9,5,4,37,29,8,13,9,4,47,40,7,1,1,0,338,290,48,0,0,0,7,7,0,2,1,1
197036,14,Engineering,1154,970,184,10,8,2,66,57,9,82,67,15,137,113,24,3,3,0,796,672,124,42,33,9,1,0,1,17,17,0
197036,26,Biological Sciences/LifeSciences,136,81,55,0,0,0,23,13,10,10,5,5,15,11,4,1,0,1,74,45,29,13,7,6,0,0,0,0,0,0
197036,27,Mathematics,74,54,20,0,0,0,5,4,1,6,5,1,7,4,3,0,0,0,54,39,15,0,0,0,0,0,0,2,2,0
197036,40,Physical Sciences,112,91,21,3,2,1,9,6,3,7,5,2,9,8,1,1,1,0,78,65,13,3,2,1,2,2,0,0,0,0
197036,52,Business Management and Administrative Services,365,332,33,6,6,0,12,11,1,51,47,4,47,39,8,4,4,0,227,209,18,13,12,1,3,3,0,2,1,1
197045,13,Education,108,25,83,1,1,0,0,0,0,5,0,5,11,2,9,0,0,0,86,21,65,2,0,2,3,1,2,0,0,0
197045,26,Biological Sciences/LifeSciences,179,56,123,0,0,0,10,4,6,24,4,20,19,6,13,0,0,0,109,36,73,4,0,4,6,3,3,7,3,4
197045,27,Mathematics,15,8,7,0,0,0,0,0,0,0,0,0,5,3,2,0,0,0,10,5,5,0,0,0,0,0,0,0,0,0
197045,40,Physical Sciences,37,21,16,1,0,1,0,0,0,1,1,0,4,3,1,0,0,0,26,14,12,1,0,1,2,2,0,2,1,1
197045,52,Business Management and Administrative Services,323,240,83,2,2,0,9,4,5,51,40,11,30,25,5,1,1,0,199,143,56,5,5,0,12,10,2,14,10,4
197133,13,Education,19,4,15,0,0,0,5,3,2,1,0,1,4,0,4,0,0,0,6,1,5,2,0,2,0,0,0,1,0,1
197133,26,Biological Sciences/LifeSciences,171,66,105,0,0,0,37,18,19,9,2,7,18,10,8,0,0,0,93,31,62,8,4,4,0,0,0,6,1,5
197133,27,Mathematics,39,25,14,0,0,0,6,5,1,0,0,0,6,3,3,0,0,0,15,8,7,4,3,1,0,0,0,8,6,2
197133,40,Physical Sciences,67,32,35,0,0,0,10,4,6,4,2,2,12,6,6,0,0,0,36,19,17,2,0,2,0,0,0,3,1,2
197142,52,Business Management and Administrative Services,30,18,12,0,0,0,0,0,0,19,12,7,1,1,0,0,0,0,8,3,5,2,2,0,0,0,0,0,0,0
197151,13,Education,133,51,82,1,0,1,3,0,3,0,0,0,0,0,0,0,0,0,8,3,5,2,0,2,116,46,70,3,2,1
197197,13,Education,47,5,42,0,0,0,1,1,0,1,1,0,4,0,4,0,0,0,38,3,35,0,0,0,3,0,3,0,0,0
197197,26,Biological Sciences/LifeSciences,57,24,33,0,0,0,3,1,2,5,2,3,6,3,3,0,0,0,36,14,22,0,0,0,5,2,3,2,2,0
197197,27,Mathematics,10,4,6,0,0,0,0,0,0,0,0,0,0,0,0,0,0,0,9,4,5,0,0,0,1,0,1,0,0,0
197197,40,Physical Sciences,26,10,16,0,0,0,0,0,0,3,2,1,2,1,1,0,0,0,16,6,10,0,0,0,4,0,4,1,1,0
197197,52,Business Management and Administrative Services,173,118,55,0,0,0,3,1,2,21,18,3,11,7,4,0,0,0,114,79,35,3,0,3,9,6,3,12,7,5
197221,14,Engineering,92,76,16,0,0,0,11,10,1,0,0,0,0,0,0,0,0,0,71,59,12,8,6,2,2,1,1,0,0,0
197230,13,Education,11,1,10,0,0,0,0,0,0,0,0,0,0,0,0,0,0,0,9,1,8,0,0,0,2,0,2,0,0,0
197230,26,Biological Sciences/LifeSciences,56,15,41,0,0,0,3,0,3,7,2,5,3,1,2,1,0,1,36,9,27,0,0,0,6,3,3,0,0,0
197230,27,Mathematics,6,4,2,0,0,0,0,0,0,0,0,0,0,0,0,0,0,0,6,4,2,0,0,0,0,0,0,0,0,0
197230,40,Physical Sciences,13,7,6,0,0,0,0,0,0,2,1,1,0,0,0,0,0,0,8,6,2,0,0,0,3,0,3,0,0,0
197230,52,Business Management and Administrative Services,45,27,18,0,0,0,1,0,1,6,5,1,5,4,1,0,0,0,25,14,11,1,1,0,7,3,4,0,0,0
197285,52,Business Management and Administrative Services,400,172,228,0,0,0,6,1,5,156,76,80,173,70,103,0,0,0,50,19,31,4,1,3,11,5,6,0,0,0
197674,13,Education,216,216,0,0,0,0,0,0,0,0,0,0,0,0,0,0,0,0,209,209,0,0,0,0,0,0,0,7,7,0
197708,13,Education,29,0,29,0,0,0,0,0,0,0,0,0,0,0,0,0,0,0,29,0,29,0,0,0,0,0,0,0,0,0
197708,14,Engineering,49,40,9,0,0,0,0,0,0,0,0,0,0,0,0,0,0,0,47,38,9,0,0,0,0,0,0,2,2,0
197708,26,Biological Sciences/LifeSciences,402,152,250,0,0,0,0,0,0,0,0,0,0,0,0,0,0,0,385,149,236,1,1,0,0,0,0,16,2,14
197708,27,Mathematics,65,48,17,0,0,0,0,0,0,0,0,0,0,0,0,0,0,0,59,43,16,0,0,0,0,0,0,6,5,1
197708,40,Physical Sciences,46,31,15,0,0,0,0,0,0,0,0,0,0,0,0,0,0,0,44,30,14,0,0,0,0,0,0,2,1,1
197708,52,Business Management and Administrative Services,776,601,175,0,0,0,0,0,0,0,0,0,1,1,0,0,0,0,729,564,165,1,1,0,2,2,0,43,33,10
197832,52,Business Management and Administrative Services,78,10,68,1,0,1,0,0,0,57,10,47,5,0,5,0,0,0,14,0,14,0,0,0,1,0,1,0,0,0
197869,13,Education,1727,414,1313,2,0,2,18,5,13,26,9,17,54,20,34,0,0,0,1573,364,1209,28,7,21,24,9,15,2,0,2
197869,26,Biological Sciences/LifeSciences,945,377,568,7,5,2,41,12,29,49,14,35,69,32,37,0,0,0,721,292,429,48,20,28,7,1,6,3,1,2
197869,27,Mathematics,144,81,63,1,1,0,4,1,3,4,3,1,7,3,4,0,0,0,122,69,53,5,3,2,1,1,0,0,0,0
197869,40,Physical Sciences,578,355,223,1,0,1,18,9,9,19,7,12,35,21,14,1,1,0,473,297,176,17,11,6,10,6,4,4,3,1
197869,52,Business Management and Administrative Services,3001,2063,938,5,5,0,62,34,28,88,64,24,132,86,46,2,0,2,2564,1773,791,85,62,23,39,27,12,24,12,12
197911,13,Education,111,7,104,0,0,0,1,0,1,23,1,22,2,0,2,0,0,0,70,5,65,7,0,7,8,1,7,0,0,0
197911,26,Biological Sciences/LifeSciences,102,20,82,0,0,0,2,1,1,27,5,22,11,2,9,0,0,0,52,8,44,2,0,2,5,2,3,3,2,1
197911,27,Mathematics,17,12,5,0,0,0,0,0,0,0,0,0,3,2,1,0,0,0,11,7,4,0,0,0,1,1,0,2,2,0
197911,40,Physical Sciences,9,3,6,0,0,0,0,0,0,1,0,1,2,1,1,0,0,0,4,1,3,0,0,0,1,0,1,1,1,0
197911,52,Business Management and Administrative Services,162,96,66,0,0,0,0,0,0,32,15,17,13,7,6,0,0,0,83,52,31,0,0,0,14,5,9,20,17,3
197984,13,Education,140,16,124,1,0,1,1,0,1,38,6,32,3,0,3,0,0,0,69,7,62,0,0,0,27,3,24,1,0,1
197984,26,Biological Sciences/LifeSciences,44,14,30,0,0,0,2,0,2,2,0,2,0,0,0,0,0,0,21,6,15,0,0,0,19,8,11,0,0,0
197984,27,Mathematics,14,9,5,0,0,0,0,0,0,2,1,1,0,0,0,0,0,0,5,3,2,0,0,0,7,5,2,0,0,0
197984,52,Business Management and Administrative Services,240,119,121,0,0,0,2,1,1,62,23,39,3,0,3,0,0,0,117,65,52,2,0,2,48,24,24,6,6,0
197993,13,Education,40,0,40,0,0,0,0,0,0,34,0,34,2,0,2,0,0,0,0,0,0,0,0,0,4,0,4,0,0,0
197993,26,Biological Sciences/LifeSciences,84,0,84,0,0,0,0,0,0,70,0,70,3,0,3,0,0,0,0,0,0,3,0,3,8,0,8,0,0,0
197993,27,Mathematics,3,0,3,0,0,0,0,0,0,2,0,2,0,0,0,0,0,0,0,0,0,1,0,1,0,0,0,0,0,0
197993,40,Physical Sciences,5,0,5,0,0,0,0,0,0,4,0,4,0,0,0,0,0,0,0,0,0,0,0,0,1,0,1,0,0,0
197993,52,Business Management and Administrative Services,53,0,53,0,0,0,0,0,0,46,0,46,3,0,3,0,0,0,0,0,0,0,0,0,4,0,4,0,0,0
198066,13,Education,9,3,6,0,0,0,0,0,0,0,0,0,1,0,1,0,0,0,8,3,5,0,0,0,0,0,0,0,0,0
198066,26,Biological Sciences/LifeSciences,11,3,8,0,0,0,0,0,0,1,0,1,0,0,0,0,0,0,10,3,7,0,0,0,0,0,0,0,0,0
198066,27,Mathematics,10,7,3,0,0,0,0,0,0,1,1,0,2,2,0,0,0,0,6,3,3,0,0,0,0,0,0,1,1,0
198066,52,Business Management and Administrative Services,79,57,22,1,1,0,0,0,0,11,11,0,2,2,0,0,0,0,51,31,20,4,4,0,2,0,2,8,8,0
198136,13,Education,221,53,168,3,1,2,3,1,2,17,5,12,21,4,17,0,0,0,148,31,117,6,2,4,23,9,14,0,0,0
198136,14,Engineering,89,73,16,1,1,0,0,0,0,4,4,0,13,9,4,0,0,0,50,40,10,5,5,0,13,12,1,3,2,1
198136,26,Biological Sciences/LifeSciences,419,122,297,3,1,2,11,1,10,69,18,51,31,10,21,0,0,0,224,71,153,22,6,16,53,13,40,6,2,4
198136,27,Mathematics,15,10,5,0,0,0,0,0,0,1,1,0,3,3,0,0,0,0,8,4,4,0,0,0,0,0,0,3,2,1
198136,40,Physical Sciences,22,14,8,0,0,0,0,0,0,2,0,2,2,2,0,0,0,0,12,9,3,2,1,1,2,0,2,2,2,0
198136,52,Business Management and Administrative Services,986,624,362,5,4,1,15,9,6,163,81,82,74,46,28,2,0,2,593,394,199,20,16,4,79,55,24,35,19,16
198215,13,Education,107,19,88,0,0,0,0,0,0,36,6,30,4,1,3,1,0,1,66,12,54,0,0,0,0,0,0,0,0,0
198215,26,Biological Sciences/LifeSciences,62,17,45,0,0,0,1,1,0,6,2,4,10,3,7,0,0,0,44,11,33,1,0,1,0,0,0,0,0,0
198215,27,Mathematics,7,3,4,0,0,0,0,0,0,0,0,0,2,1,1,0,0,0,5,2,3,0,0,0,0,0,0,0,0,0
198215,40,Physical Sciences,11,2,9,0,0,0,0,0,0,0,0,0,0,0,0,0,0,0,10,2,8,1,0,1,0,0,0,0,0,0
198215,52,Business Management and Administrative Services,278,131,147,1,1,0,3,1,2,64,30,34,15,5,10,0,0,0,175,81,94,7,3,4,0,0,0,13,10,3
198303,13,Education,120,42,78,1,0,1,0,0,0,66,23,43,6,2,4,0,0,0,37,13,24,6,3,3,3,1,2,1,0,1
198303,26,Biological Sciences/LifeSciences,164,46,118,1,0,1,1,0,1,110,24,86,9,4,5,1,0,1,31,14,17,6,2,4,3,1,2,2,1,1
198303,27,Mathematics,10,7,3,0,0,0,0,0,0,5,3,2,1,1,0,0,0,0,1,1,0,0,0,0,0,0,0,3,2,1
198303,52,Business Management and Administrative Services,208,134,74,3,3,0,0,0,0,128,80,48,8,5,3,1,0,1,42,31,11,5,2,3,3,1,2,18,12,6
198385,26,Biological Sciences/LifeSciences,113,51,62,0,0,0,10,5,5,9,3,6,10,7,3,0,0,0,73,30,43,5,2,3,1,0,1,5,4,1
198385,27,Mathematics,50,36,14,0,0,0,1,0,1,1,1,0,3,2,1,0,0,0,28,18,10,3,2,1,0,0,0,14,13,1
198385,40,Physical Sciences,77,55,22,1,1,0,7,4,3,2,2,0,5,4,1,0,0,0,53,39,14,1,0,1,1,1,0,7,4,3
198419,14,Engineering,1222,834,388,5,4,1,348,244,104,52,35,17,74,45,29,0,0,0,538,363,175,18,13,5,28,17,11,159,113,46
198419,26,Biological Sciences/LifeSciences,447,182,265,1,0,1,150,63,87,45,16,29,40,23,17,1,1,0,171,68,103,12,4,8,3,0,3,24,7,17
198419,27,Mathematics,98,63,35,9,0,9,21,21,0,3,3,0,0,0,0,0,0,0,29,23,6,0,0,0,1,1,0,35,15,20
198419,40,Physical Sciences,117,71,46,1,1,0,31,21,10,4,2,2,6,4,2,0,0,0,56,32,24,1,1,0,3,1,2,15,9,6
198464,13,Education,1830,351,1479,8,2,6,17,5,12,199,46,153,87,26,61,1,1,0,1435,251,1184,51,12,39,32,8,24,0,0,0
198464,14,Engineering,695,564,131,8,7,1,25,21,4,77,54,23,53,40,13,3,1,2,488,405,83,24,23,1,9,6,3,8,7,1
198464,26,Biological Sciences/LifeSciences,1990,823,1167,19,6,13,122,55,67,388,145,243,162,65,97,2,2,0,1151,488,663,88,40,48,46,18,28,12,4,8
198464,27,Mathematics,63,32,31,0,0,0,2,0,2,7,4,3,2,0,2,0,0,0,45,26,19,3,1,2,2,0,2,2,1,1
198464,40,Physical Sciences,347,208,139,2,1,1,19,12,7,57,27,30,34,20,14,0,0,0,204,128,76,13,9,4,12,7,5,6,4,2
198464,52,Business Management and Administrative Services,4295,2469,1826,23,12,11,114,62,52,494,267,227,237,122,115,5,3,2,3141,1839,1302,123,73,50,121,68,53,37,23,14
198507,13,Education,211,87,124,3,2,1,0,0,0,134,62,72,4,0,4,0,0,0,56,18,38,3,0,3,11,5,6,0,0,0
198507,26,Biological Sciences/LifeSciences,169,36,133,1,1,0,0,0,0,132,25,107,9,2,7,0,0,0,17,4,13,2,1,1,7,2,5,1,1,0
198507,27,Mathematics,18,6,12,0,0,0,0,0,0,13,5,8,1,0,1,0,0,0,1,1,0,0,0,0,3,0,3,0,0,0
198507,40,Physical Sciences,11,2,9,0,0,0,0,0,0,7,1,6,0,0,0,0,0,0,2,1,1,0,0,0,2,0,2,0,0,0
198507,52,Business Management and Administrative Services,202,94,108,0,0,0,0,0,0,139,68,71,4,3,1,1,0,1,35,14,21,4,2,2,19,7,12,0,0,0
198516,13,Education,254,16,238,0,0,0,2,0,2,14,3,11,15,2,13,0,0,0,214,10,204,7,1,6,0,0,0,2,0,2
198516,14,Engineering,56,38,18,0,0,0,5,2,3,1,0,1,5,4,1,0,0,0,42,29,13,1,1,0,0,0,0,2,2,0
198516,26,Biological Sciences/LifeSciences,296,95,201,0,0,0,14,6,8,18,8,10,18,5,13,1,1,0,222,68,154,13,4,9,1,0,1,9,3,6
198516,27,Mathematics,116,43,73,1,0,1,3,0,3,6,1,5,8,2,6,0,0,0,94,39,55,3,1,2,0,0,0,1,0,1
198516,40,Physical Sciences,39,27,12,0,0,0,2,0,2,0,0,0,2,0,2,0,0,0,34,27,7,0,0,0,0,0,0,1,0,1
198516,52,Business Management and Administrative Services,1940,1200,740,3,2,1,44,20,24,69,51,18,99,57,42,1,1,0,1612,1010,602,39,21,18,10,6,4,63,32,31
198543,13,Education,222,41,181,12,3,9,1,0,1,130,26,104,12,2,10,1,0,1,54,9,45,0,0,0,12,1,11,0,0,0
198543,26,Biological Sciences/LifeSciences,256,72,184,7,1,6,4,1,3,167,44,123,26,9,17,1,1,0,29,9,20,3,1,2,19,6,13,0,0,0
198543,27,Mathematics,46,28,18,1,1,0,0,0,0,34,21,13,3,1,2,0,0,0,3,2,1,0,0,0,4,3,1,1,0,1
198543,40,Physical Sciences,45,18,27,2,1,1,1,1,0,26,7,19,5,2,3,0,0,0,8,5,3,1,0,1,2,2,0,0,0,0
198543,52,Business Management and Administrative Services,555,218,337,15,3,12,8,5,3,384,163,221,35,10,25,0,0,0,77,24,53,2,1,1,32,12,20,2,0,2
198561,13,Education,108,20,88,0,0,0,1,1,0,16,4,12,2,0,2,0,0,0,75,11,64,0,0,0,14,4,10,0,0,0
198561,26,Biological Sciences/LifeSciences,129,50,79,0,0,0,1,0,1,17,6,11,8,4,4,1,1,0,84,30,54,0,0,0,18,9,9,0,0,0
198561,27,Mathematics,11,6,5,0,0,0,1,1,0,0,0,0,1,1,0,0,0,0,9,4,5,0,0,0,0,0,0,0,0,0
198561,40,Physical Sciences,16,8,8,0,0,0,1,0,1,1,0,1,0,0,0,0,0,0,12,6,6,0,0,0,2,2,0,0,0,0
198561,52,Business Management and Administrative Services,424,193,231,4,3,1,11,4,7,55,28,27,20,7,13,1,1,0,288,126,162,1,1,0,44,23,21,0,0,0
198598,13,Education,120,31,89,1,0,1,0,0,0,29,6,23,3,2,1,0,0,0,74,20,54,2,0,2,11,3,8,0,0,0
198598,26,Biological Sciences/LifeSciences,34,11,23,0,0,0,0,0,0,13,7,6,1,0,1,0,0,0,16,2,14,1,1,0,3,1,2,0,0,0
198598,27,Mathematics,8,6,2,0,0,0,0,0,0,1,0,1,0,0,0,0,0,0,6,5,1,0,0,0,1,1,0,0,0,0
198598,40,Physical Sciences,2,2,0,0,0,0,0,0,0,0,0,0,0,0,0,0,0,0,2,2,0,0,0,0,0,0,0,0,0,0
198598,52,Business Management and Administrative Services,138,102,36,0,0,0,1,1,0,39,27,12,7,5,2,0,0,0,74,57,17,6,5,1,11,7,4,0,0,0
198613,13,Education,68,10,58,1,0,1,2,0,2,11,0,11,5,1,4,0,0,0,45,8,37,2,0,2,0,0,0,2,1,1
198613,26,Biological Sciences/LifeSciences,117,34,83,0,0,0,5,1,4,17,3,14,16,4,12,0,0,0,70,26,44,6,0,6,1,0,1,2,0,2
198613,27,Mathematics,8,5,3,0,0,0,0,0,0,4,2,2,1,1,0,0,0,0,3,2,1,0,0,0,0,0,0,0,0,0
198613,40,Physical Sciences,45,26,19,0,0,0,0,0,0,4,2,2,2,0,2,0,0,0,36,22,14,0,0,0,1,1,0,2,1,1
198613,52,Business Management and Administrative Services,305,173,132,1,0,1,8,4,4,92,47,45,17,12,5,0,0,0,174,103,71,4,3,1,5,2,3,4,2,2
198677,13,Education,57,35,22,0,0,0,2,1,1,17,6,11,2,1,1,1,0,1,35,27,8,0,0,0,0,0,0,0,0,0
198695,13,Education,213,17,196,0,0,0,5,2,3,11,1,10,9,1,8,0,0,0,172,12,160,10,1,9,3,0,3,3,0,3
198695,26,Biological Sciences/LifeSciences,320,97,223,0,0,0,9,3,6,16,4,12,15,2,13,1,1,0,248,76,172,16,3,13,7,4,3,8,4,4
198695,27,Mathematics,31,7,24,0,0,0,0,0,0,3,0,3,3,2,1,0,0,0,24,4,20,1,1,0,0,0,0,0,0,0
198695,40,Physical Sciences,62,43,19,0,0,0,3,2,1,4,3,1,4,4,0,0,0,0,43,30,13,5,2,3,1,1,0,2,1,1
198695,52,Business Management and Administrative Services,1430,823,607,3,1,2,25,9,16,54,31,23,59,38,21,0,0,0,1147,668,479,76,34,42,15,10,5,51,32,19
198747,52,Business Management and Administrative Services,59,32,27,3,3,0,1,1,0,8,2,6,12,10,2,0,0,0,25,8,17,4,2,2,1,1,0,5,5,0
198756,14,Engineering,29,21,8,0,0,0,0,0,0,23,16,7,4,3,1,0,0,0,0,0,0,0,0,0,0,0,0,2,2,0
198756,26,Biological Sciences/LifeSciences,149,21,128,0,0,0,1,0,1,117,16,101,10,2,8,0,0,0,0,0,0,5,0,5,12,3,9,4,0,4
198756,27,Mathematics,7,5,2,0,0,0,0,0,0,4,2,2,0,0,0,0,0,0,0,0,0,0,0,0,1,1,0,2,2,0
198756,40,Physical Sciences,6,1,5,0,0,0,0,0,0,5,1,4,0,0,0,1,0,1,0,0,0,0,0,0,0,0,0,0,0,0
198756,52,Business Management and Administrative Services,228,92,136,1,0,1,0,0,0,188,74,114,7,2,5,0,0,0,0,0,0,5,4,1,17,9,8,10,3,7
198808,13,Education,112,9,103,0,0,0,0,0,0,4,0,4,1,0,1,0,0,0,88,8,80,1,0,1,18,1,17,0,0,0
198808,26,Biological Sciences/LifeSciences,187,57,130,1,1,0,2,1,1,5,3,2,9,1,8,1,0,1,144,47,97,3,2,1,20,2,18,2,0,2
198808,52,Business Management and Administrative Services,74,53,21,1,1,0,1,1,0,10,8,2,7,6,1,12,0,12,30,30,0,0,0,0,9,5,4,4,2,2
198835,13,Education,101,7,94,0,0,0,0,0,0,7,2,5,3,0,3,0,0,0,85,5,80,5,0,5,1,0,1,0,0,0
198835,26,Biological Sciences/LifeSciences,70,24,46,0,0,0,3,0,3,7,1,6,6,5,1,0,0,0,48,15,33,3,1,2,2,1,1,1,1,0
198835,27,Mathematics,21,8,13,0,0,0,0,0,0,2,0,2,0,0,0,0,0,0,16,7,9,2,1,1,1,0,1,0,0,0
198835,40,Physical Sciences,21,12,9,0,0,0,1,1,0,3,2,1,2,2,0,0,0,0,14,6,8,0,0,0,1,1,0,0,0,0
198835,52,Business Management and Administrative Services,225,137,88,3,3,0,4,1,3,25,18,7,14,4,10,0,0,0,145,89,56,10,5,5,11,7,4,13,10,3
198862,13,Education,55,11,44,0,0,0,0,0,0,41,9,32,0,0,0,0,0,0,1,0,1,3,1,2,10,1,9,0,0,0
198862,26,Biological Sciences/LifeSciences,102,24,78,0,0,0,0,0,0,76,19,57,0,0,0,0,0,0,1,1,0,4,0,4,21,4,17,0,0,0
198862,27,Mathematics,5,4,1,0,0,0,0,0,0,5,4,1,0,0,0,0,0,0,0,0,0,0,0,0,0,0,0,0,0,0
198862,52,Business Management and Administrative Services,230,144,86,1,1,0,0,0,0,177,118,59,2,0,2,0,0,0,1,1,0,3,2,1,42,18,24,4,4,0
198899,13,Education,130,26,104,2,0,2,1,0,1,9,6,3,4,0,4,0,0,0,106,20,86,2,0,2,6,0,6,0,0,0
198899,26,Biological Sciences/LifeSciences,157,42,115,0,0,0,4,3,1,31,6,25,13,5,8,0,0,0,100,24,76,5,2,3,4,2,2,0,0,0
198899,27,Mathematics,8,5,3,0,0,0,0,0,0,0,0,0,1,0,1,0,0,0,7,5,2,0,0,0,0,0,0,0,0,0
198899,40,Physical Sciences,16,8,8,0,0,0,0,0,0,3,2,1,1,0,1,0,0,0,12,6,6,0,0,0,0,0,0,0,0,0
198899,52,Business Management and Administrative Services,189,124,65,2,1,1,3,2,1,36,28,8,14,9,5,2,0,2,125,80,45,4,2,2,3,2,1,0,0,0
198950,13,Education,16,0,16,0,0,0,0,0,0,0,0,0,0,0,0,1,0,1,10,0,10,4,0,4,0,0,0,1,0,1
198950,26,Biological Sciences/LifeSciences,107,0,107,1,0,1,3,0,3,12,0,12,5,0,5,0,0,0,67,0,67,1,0,1,14,0,14,4,0,4
198950,27,Mathematics,33,0,33,0,0,0,4,0,4,3,0,3,1,0,1,0,0,0,19,0,19,2,0,2,3,0,3,1,0,1
198950,40,Physical Sciences,25,0,25,0,0,0,1,0,1,3,0,3,1,0,1,0,0,0,16,0,16,0,0,0,3,0,3,1,0,1
198950,52,Business Management and Administrative Services,149,0,149,0,0,0,8,0,8,12,0,12,8,0,8,0,0,0,104,0,104,4,0,4,6,0,6,7,0,7
198969,13,Education,67,25,42,1,0,1,1,0,1,10,7,3,4,2,2,0,0,0,41,15,26,3,1,2,7,0,7,0,0,0
198969,14,Engineering,23,19,4,0,0,0,0,0,0,6,5,1,0,0,0,0,0,0,4,3,1,0,0,0,5,5,0,8,6,2
198969,26,Biological Sciences/LifeSciences,171,67,104,3,0,3,3,2,1,31,12,19,15,2,13,0,0,0,83,37,46,9,1,8,11,7,4,16,6,10
198969,27,Mathematics,13,12,1,0,0,0,0,0,0,0,0,0,0,0,0,0,0,0,6,6,0,1,0,1,2,2,0,4,4,0
198969,40,Physical Sciences,29,15,14,1,1,0,0,0,0,5,2,3,3,2,1,0,0,0,9,4,5,1,0,1,3,2,1,7,4,3
198969,52,Business Management and Administrative Services,602,434,168,3,1,2,7,5,2,62,44,18,40,23,17,1,1,0,312,244,68,16,10,6,74,47,27,87,59,28
198978,52,Business Management and Administrative Services,787,196,591,13,1,12,2,0,2,543,133,410,14,3,11,0,0,0,182,54,128,14,2,12,19,3,16,0,0,0
199032,13,Education,15,2,13,0,0,0,0,0,0,1,0,1,0,0,0,0,0,0,14,2,12,0,0,0,0,0,0,0,0,0
199032,26,Biological Sciences/LifeSciences,103,44,59,0,0,0,3,0,3,11,6,5,4,2,2,0,0,0,72,29,43,0,0,0,7,3,4,6,4,2
199032,52,Business Management and Administrative Services,168,108,60,2,1,1,0,0,0,31,15,16,11,7,4,0,0,0,96,61,35,5,4,1,8,6,2,15,14,1
199069,13,Education,561,65,496,4,2,2,1,0,1,204,16,188,14,2,12,0,0,0,276,39,237,31,3,28,28,3,25,3,0,3
199069,26,Biological Sciences/LifeSciences,82,23,59,1,0,1,0,0,0,11,2,9,5,2,3,0,0,0,41,12,29,9,1,8,7,2,5,8,4,4
199069,27,Mathematics,12,7,5,0,0,0,1,0,1,1,1,0,0,0,0,0,0,0,4,3,1,2,1,1,2,0,2,2,2,0
199069,40,Physical Sciences,11,6,5,0,0,0,0,0,0,2,1,1,0,0,0,0,0,0,5,3,2,3,1,2,0,0,0,1,1,0
199069,52,Business Management and Administrative Services,963,448,515,9,4,5,3,2,1,281,93,188,36,16,20,2,1,1,463,236,227,69,35,34,54,28,26,46,33,13
199102,13,Education,416,141,275,1,1,0,3,2,1,261,69,192,13,7,6,1,0,1,82,44,38,14,4,10,40,13,27,1,1,0
199102,14,Engineering,1245,882,363,2,2,0,20,16,4,873,574,299,56,42,14,0,0,0,141,128,13,45,31,14,33,22,11,75,67,8
199102,26,Biological Sciences/LifeSciences,470,98,372,0,0,0,2,1,1,412,85,327,14,3,11,0,0,0,1,1,0,27,3,24,8,4,4,6,1,5
199102,27,Mathematics,49,23,26,0,0,0,1,1,0,41,17,24,1,0,1,0,0,0,1,1,0,4,3,1,1,1,0,0,0,0
199102,40,Physical Sciences,116,45,71,1,1,0,1,1,0,94,32,62,4,1,3,0,0,0,7,6,1,4,0,4,3,2,1,2,2,0
199102,52,Business Management and Administrative Services,1177,589,588,2,0,2,13,6,7,1045,518,527,24,6,18,0,0,0,21,16,5,33,18,15,23,13,10,16,12,4
199111,14,Engineering,77,61,16,0,0,0,0,0,0,1,1,0,6,6,0,0,0,0,63,50,13,1,0,1,6,4,2,0,0,0
199111,26,Biological Sciences/LifeSciences,135,39,96,0,0,0,3,1,2,3,1,2,12,4,8,0,0,0,106,32,74,4,1,3,6,0,6,1,0,1
199111,27,Mathematics,49,29,20,0,0,0,1,1,0,1,0,1,4,0,4,0,0,0,38,26,12,3,0,3,2,2,0,0,0,0
199111,40,Physical Sciences,100,55,45,0,0,0,0,0,0,4,1,3,2,2,0,0,0,0,87,47,40,3,3,0,4,2,2,0,0,0
199111,52,Business Management and Administrative Services,181,93,88,1,0,1,2,0,2,8,4,4,10,4,6,0,0,0,149,78,71,2,1,1,5,4,1,4,2,2
199120,13,Education,96,2,94,0,0,0,6,0,6,6,0,6,5,0,5,0,0,0,71,2,69,5,0,5,3,0,3,0,0,0
199120,14,Engineering,356,216,140,0,0,0,54,36,18,30,23,7,23,11,12,1,0,1,203,125,78,19,12,7,16,5,11,10,4,6
199120,26,Biological Sciences/LifeSciences,2502,877,1625,13,6,7,433,161,272,181,58,123,228,95,133,1,0,1,1409,487,922,103,32,71,96,27,69,38,11,27
199120,27,Mathematics,517,299,218,0,0,0,74,52,22,16,6,10,22,14,8,0,0,0,285,156,129,27,20,7,20,13,7,73,38,35
199120,40,Physical Sciences,928,504,424,4,2,2,143,75,68,44,20,24,69,30,39,2,1,1,564,319,245,35,17,18,41,23,18,26,17,9
199120,52,Business Management and Administrative Services,1932,1163,769,10,8,2,188,107,81,93,55,38,127,73,54,1,1,0,1292,799,493,70,38,32,78,48,30,73,34,39
199139,13,Education,875,78,797,1,1,0,16,3,13,106,14,92,59,4,55,0,0,0,632,56,576,32,0,32,28,0,28,1,0,1
199139,14,Engineering,2242,1968,274,13,10,3,145,120,25,129,114,15,175,139,36,1,1,0,1506,1359,147,60,52,8,61,50,11,152,123,29
199139,26,Biological Sciences/LifeSciences,1176,412,764,1,0,1,156,60,96,239,58,181,159,64,95,1,1,0,519,197,322,48,15,33,22,6,16,31,11,20
199139,27,Mathematics,372,232,140,1,1,0,24,12,12,64,40,24,30,19,11,1,1,0,221,142,79,7,5,2,12,5,7,12,7,5
199139,40,Physical Sciences,591,362,229,0,0,0,41,16,25,77,46,31,53,28,25,0,0,0,365,242,123,25,13,12,17,10,7,13,7,6
199139,52,Business Management and Administrative Services,3843,2307,1536,11,9,2,270,133,137,498,270,228,331,177,154,9,8,1,2327,1486,841,166,88,78,104,60,44,127,76,51
199148,13,Education,1165,200,965,7,2,5,23,2,21,210,23,187,83,16,67,0,0,0,790,147,643,46,9,37,0,0,0,6,1,5
199148,26,Biological Sciences/LifeSciences,1395,436,959,5,2,3,159,66,93,463,113,350,149,48,101,1,0,1,521,170,351,69,24,45,6,1,5,22,12,10
199148,27,Mathematics,111,62,49,0,0,0,18,11,7,29,11,18,7,7,0,0,0,0,48,28,20,3,0,3,0,0,0,6,5,1
199148,40,Physical Sciences,189,100,89,0,0,0,28,11,17,39,15,24,23,10,13,0,0,0,83,56,27,8,3,5,2,0,2,6,5,1
199148,52,Business Management and Administrative Services,2756,1385,1371,13,8,5,195,89,106,698,306,392,243,117,126,4,2,2,1370,729,641,90,47,43,14,5,9,129,82,47
199157,13,Education,233,33,200,0,0,0,2,1,1,162,19,143,9,1,8,0,0,0,49,11,38,8,1,7,3,0,3,0,0,0
199157,26,Biological Sciences/LifeSciences,506,152,354,0,0,0,18,8,10,380,106,274,38,12,26,0,0,0,26,11,15,28,11,17,12,3,9,4,1,3
199157,27,Mathematics,29,16,13,0,0,0,0,0,0,26,15,11,0,0,0,0,0,0,1,1,0,0,0,0,1,0,1,1,0,1
199157,40,Physical Sciences,91,41,50,1,0,1,3,2,1,62,22,40,11,6,5,0,0,0,10,9,1,2,1,1,1,0,1,1,1,0
199157,52,Business Management and Administrative Services,789,392,397,3,2,1,5,3,2,655,312,343,35,20,15,0,0,0,41,31,10,38,17,21,9,5,4,3,2,1
199193,13,Education,553,133,420,4,4,0,19,6,13,32,10,22,25,6,19,1,0,1,447,100,347,13,3,10,6,3,3,6,1,5
199193,14,Engineering,6732,4709,2023,24,17,7,413,277,136,282,158,124,293,194,99,1,0,1,4857,3431,1426,228,154,74,159,105,54,475,373,102
199193,26,Biological Sciences/LifeSciences,1912,668,1244,6,3,3,189,68,121,124,40,84,100,34,66,2,0,2,1323,457,866,69,25,44,41,12,29,58,29,29
199193,27,Mathematics,409,240,169,0,0,0,34,17,17,13,6,7,17,13,4,0,0,0,244,152,92,20,11,9,10,4,6,71,37,34
199193,40,Physical Sciences,574,381,193,0,0,0,35,19,16,28,11,17,25,15,10,0,0,0,420,293,127,28,15,13,8,5,3,30,23,7
199193,52,Business Management and Administrative Services,2724,1592,1132,7,3,4,191,108,83,125,66,59,123,63,60,4,2,2,1929,1176,753,78,36,42,60,38,22,207,100,107
199209,13,Education,141,16,125,1,0,1,1,0,1,51,5,46,8,1,7,0,0,0,62,8,54,4,0,4,14,2,12,0,0,0
199209,26,Biological Sciences/LifeSciences,102,31,71,4,0,4,2,0,2,15,5,10,9,1,8,0,0,0,31,12,19,2,0,2,23,6,17,16,7,9
199209,27,Mathematics,19,14,5,0,0,0,0,0,0,3,2,1,1,1,0,0,0,0,9,5,4,0,0,0,3,3,0,3,3,0
199209,40,Physical Sciences,12,6,6,0,0,0,0,0,0,1,1,0,0,0,0,0,0,0,5,2,3,1,0,1,2,0,2,3,3,0
199209,52,Business Management and Administrative Services,1081,391,690,11,3,8,8,4,4,526,140,386,23,10,13,3,0,3,352,136,216,21,12,9,89,50,39,48,36,12
199218,13,Education,539,33,506,3,0,3,2,0,2,20,6,14,36,0,36,0,0,0,445,23,422,14,2,12,18,1,17,1,1,0
199218,26,Biological Sciences/LifeSciences,834,281,553,4,1,3,29,7,22,36,18,18,55,15,40,0,0,0,655,222,433,26,5,21,27,12,15,2,1,1
199218,27,Mathematics,117,61,56,0,0,0,4,0,4,5,5,0,6,2,4,0,0,0,92,48,44,8,6,2,1,0,1,1,0,1
199218,40,Physical Sciences,314,196,118,1,1,0,11,6,5,10,8,2,29,21,8,0,0,0,239,148,91,11,7,4,13,5,8,0,0,0
199218,52,Business Management and Administrative Services,1938,1135,803,8,4,4,50,29,21,71,43,28,139,76,63,2,1,1,1479,881,598,59,34,25,65,40,25,65,27,38
199272,13,Education,37,7,30,0,0,0,0,0,0,8,3,5,1,0,1,0,0,0,25,4,21,1,0,1,1,0,1,1,0,1
199272,26,Biological Sciences/LifeSciences,46,8,38,0,0,0,2,1,1,10,2,8,5,3,2,0,0,0,24,2,22,0,0,0,5,0,5,0,0,0
199272,52,Business Management and Administrative Services,212,103,109,1,0,1,4,2,2,68,22,46,15,7,8,1,1,0,102,60,42,5,3,2,16,8,8,0,0,0
199281,13,Education,621,125,496,96,20,76,2,1,1,143,25,118,19,4,15,0,0,0,338,71,267,11,3,8,12,1,11,0,0,0
199281,26,Biological Sciences/LifeSciences,584,197,387,129,41,88,16,8,8,207,76,131,32,8,24,0,0,0,173,57,116,15,4,11,9,2,7,3,1,2
199281,27,Mathematics,14,8,6,5,4,1,0,0,0,5,2,3,0,0,0,0,0,0,2,1,1,1,1,0,0,0,0,1,0,1
199281,40,Physical Sciences,176,76,100,42,14,28,4,3,1,52,20,32,10,5,5,0,0,0,53,26,27,7,4,3,6,2,4,2,2,0
199281,52,Business Management and Administrative Services,735,373,362,86,34,52,12,6,6,267,141,126,34,15,19,0,0,0,291,152,139,14,8,6,11,7,4,20,10,10
199306,13,Education,29,11,18,0,0,0,1,0,1,3,2,1,2,2,0,0,0,0,22,7,15,0,0,0,1,0,1,0,0,0
199306,26,Biological Sciences/LifeSciences,26,7,19,0,0,0,0,0,0,6,2,4,2,1,1,0,0,0,14,4,10,1,0,1,3,0,3,0,0,0
199306,27,Mathematics,11,8,3,0,0,0,0,0,0,0,0,0,2,1,1,0,0,0,7,5,2,0,0,0,0,0,0,2,2,0
199306,40,Physical Sciences,4,3,1,0,0,0,0,0,0,0,0,0,0,0,0,0,0,0,4,3,1,0,0,0,0,0,0,0,0,0
199306,52,Business Management and Administrative Services,183,114,69,1,1,0,2,0,2,45,27,18,11,4,7,0,0,0,94,60,34,2,1,1,5,2,3,23,19,4
199412,13,Education,36,2,34,0,0,0,0,0,0,1,0,1,3,0,3,0,0,0,25,1,24,1,0,1,5,0,5,1,1,0
199412,26,Biological Sciences/LifeSciences,180,52,128,1,0,1,6,3,3,25,7,18,16,5,11,0,0,0,98,27,71,5,1,4,15,3,12,14,6,8
199412,27,Mathematics,16,5,11,0,0,0,0,0,0,2,1,1,1,0,1,0,0,0,9,2,7,0,0,0,1,0,1,3,2,1
199412,40,Physical Sciences,19,4,15,0,0,0,0,0,0,3,0,3,2,1,1,0,0,0,8,0,8,1,0,1,2,1,1,3,2,1
199412,52,Business Management and Administrative Services,285,179,106,3,0,3,7,4,3,30,12,18,25,15,10,0,0,0,142,96,46,7,4,3,16,11,5,55,37,18
199458,13,Education,19,2,17,0,0,0,0,0,0,0,0,0,1,0,1,0,0,0,16,1,15,2,1,1,0,0,0,0,0,0
199458,52,Business Management and Administrative Services,27,17,10,0,0,0,1,1,0,10,7,3,1,0,1,0,0,0,14,8,6,1,1,0,0,0,0,0,0,0
199582,13,Education,16,3,13,0,0,0,0,0,0,15,3,12,0,0,0,0,0,0,1,0,1,0,0,0,0,0,0,0,0,0
199582,14,Engineering,13,9,4,0,0,0,0,0,0,13,9,4,0,0,0,0,0,0,0,0,0,0,0,0,0,0,0,0,0,0
199582,26,Biological Sciences/LifeSciences,31,4,27,0,0,0,0,0,0,28,4,24,0,0,0,0,0,0,1,0,1,0,0,0,1,0,1,1,0,1
199582,27,Mathematics,1,0,1,0,0,0,0,0,0,1,0,1,0,0,0,0,0,0,0,0,0,0,0,0,0,0,0,0,0,0
199582,40,Physical Sciences,5,2,3,0,0,0,0,0,0,5,2,3,0,0,0,0,0,0,0,0,0,0,0,0,0,0,0,0,0,0
199582,52,Business Management and Administrative Services,136,89,47,1,1,0,0,0,0,122,81,41,2,1,1,0,0,0,3,2,1,0,0,0,8,4,4,0,0,0
199607,13,Education,50,0,50,0,0,0,2,0,2,8,0,8,1,0,1,0,0,0,34,0,34,0,0,0,5,0,5,0,0,0
199607,26,Biological Sciences/LifeSciences,66,2,64,0,0,0,5,0,5,8,0,8,8,1,7,0,0,0,39,1,38,3,0,3,2,0,2,1,0,1
199607,27,Mathematics,18,0,18,0,0,0,1,0,1,4,0,4,3,0,3,0,0,0,8,0,8,2,0,2,0,0,0,0,0,0
199607,40,Physical Sciences,7,0,7,0,0,0,0,0,0,2,0,2,2,0,2,0,0,0,2,0,2,0,0,0,1,0,1,0,0,0
199607,52,Business Management and Administrative Services,83,7,76,0,0,0,3,0,3,15,0,15,11,1,10,0,0,0,49,6,43,0,0,0,1,0,1,4,0,4
199643,13,Education,98,14,84,0,0,0,0,0,0,73,11,62,0,0,0,0,0,0,0,0,0,2,0,2,23,3,20,0,0,0
199643,26,Biological Sciences/LifeSciences,109,22,87,0,0,0,0,0,0,68,12,56,0,0,0,0,0,0,1,0,1,5,1,4,30,7,23,5,2,3
199643,27,Mathematics,2,2,0,0,0,0,0,0,0,2,2,0,0,0,0,0,0,0,0,0,0,0,0,0,0,0,0,0,0,0
199643,40,Physical Sciences,13,1,12,0,0,0,0,0,0,7,0,7,1,0,1,0,0,0,1,0,1,1,0,1,3,1,2,0,0,0
199643,52,Business Management and Administrative Services,282,153,129,0,0,0,1,1,0,178,99,79,2,1,1,2,1,1,4,2,2,3,1,2,82,41,41,10,7,3
199698,13,Education,100,25,75,0,0,0,0,0,0,16,4,12,1,0,1,0,0,0,49,12,37,0,0,0,32,8,24,2,1,1
199698,26,Biological Sciences/LifeSciences,38,6,32,0,0,0,3,0,3,1,1,0,1,1,0,0,0,0,24,3,21,0,0,0,7,1,6,2,0,2
199698,52,Business Management and Administrative Services,89,45,44,0,0,0,0,0,0,5,3,2,1,1,0,0,0,0,40,18,22,2,2,0,21,6,15,20,15,5
199847,13,Education,16,0,16,0,0,0,1,0,1,0,0,0,1,0,1,0,0,0,14,0,14,0,0,0,0,0,0,0,0,0
199847,26,Biological Sciences/LifeSciences,201,91,110,0,0,0,19,10,9,11,4,7,12,2,10,0,0,0,146,72,74,8,2,6,0,0,0,5,1,4
199847,27,Mathematics,63,29,34,0,0,0,0,0,0,1,0,1,2,1,1,0,0,0,44,20,24,0,0,0,1,0,1,15,8,7
199847,40,Physical Sciences,123,64,59,0,0,0,11,4,7,6,5,1,8,5,3,0,0,0,84,44,40,2,0,2,1,0,1,11,6,5
199847,52,Business Management and Administrative Services,538,317,221,3,1,2,21,16,5,4,3,1,33,21,12,1,1,0,371,229,142,17,14,3,0,0,0,88,32,56
199865,26,Biological Sciences/LifeSciences,67,22,45,0,0,0,1,0,1,5,2,3,6,0,6,0,0,0,47,17,30,2,1,1,3,1,2,3,1,2
199865,27,Mathematics,10,7,3,0,0,0,0,0,0,0,0,0,1,1,0,0,0,0,7,4,3,0,0,0,0,0,0,2,2,0
199865,40,Physical Sciences,18,10,8,0,0,0,0,0,0,0,0,0,2,2,0,0,0,0,13,7,6,0,0,0,0,0,0,3,1,2
199962,13,Education,158,36,122,0,0,0,1,1,0,14,8,6,5,1,4,0,0,0,120,18,102,7,4,3,9,3,6,2,1,1
199962,26,Biological Sciences/LifeSciences,164,38,126,1,0,1,5,1,4,20,2,18,6,2,4,0,0,0,97,26,71,20,4,16,10,1,9,5,2,3
199962,27,Mathematics,24,17,7,0,0,0,0,0,0,5,5,0,0,0,0,0,0,0,17,11,6,1,1,0,0,0,0,1,0,1
199962,40,Physical Sciences,40,19,21,0,0,0,1,0,1,3,1,2,3,0,3,0,0,0,21,12,9,8,2,6,1,1,0,3,3,0
199962,52,Business Management and Administrative Services,302,189,113,1,0,1,1,1,0,34,23,11,21,12,9,0,0,0,173,105,68,18,12,6,17,9,8,37,27,10
199999,13,Education,263,61,202,1,0,1,0,0,0,200,52,148,13,1,12,0,0,0,28,5,23,14,2,12,5,0,5,2,1,1
199999,26,Biological Sciences/LifeSciences,264,59,205,0,0,0,5,2,3,221,44,177,6,2,4,1,0,1,13,8,5,15,2,13,1,0,1,2,1,1
199999,27,Mathematics,23,15,8,0,0,0,0,0,0,20,13,7,0,0,0,0,0,0,1,0,1,0,0,0,2,2,0,0,0,0
199999,40,Physical Sciences,31,7,24,0,0,0,0,0,0,29,6,23,0,0,0,0,0,0,2,1,1,0,0,0,0,0,0,0,0,0
199999,52,Business Management and Administrative Services,420,231,189,0,0,0,1,1,0,361,198,163,11,5,6,0,0,0,24,18,6,12,5,7,9,4,5,2,0,2
200004,13,Education,722,115,607,1,0,1,6,1,5,39,6,33,29,4,25,1,1,0,614,95,519,22,6,16,10,2,8,0,0,0
200004,14,Engineering,259,239,20,2,2,0,6,6,0,10,9,1,9,7,2,1,1,0,201,185,16,7,7,0,1,1,0,22,21,1
200004,26,Biological Sciences/LifeSciences,453,148,305,2,1,1,15,7,8,39,13,26,37,14,23,0,0,0,328,102,226,24,7,17,6,4,2,2,0,2
200004,27,Mathematics,41,18,23,0,0,0,0,0,0,0,0,0,5,3,2,0,0,0,34,13,21,0,0,0,1,1,0,1,1,0
200004,40,Physical Sciences,165,85,80,0,0,0,1,0,1,11,4,7,13,7,6,0,0,0,132,69,63,6,3,3,0,0,0,2,2,0
200004,52,Business Management and Administrative Services,1453,832,621,19,6,13,24,12,12,123,83,40,81,46,35,1,0,1,1103,621,482,69,43,26,17,10,7,16,11,5
200013,13,Education,45,2,43,4,0,4,0,0,0,1,0,1,0,0,0,0,0,0,36,0,36,0,0,0,4,2,2,0,0,0
200013,14,Engineering,9,8,1,1,1,0,0,0,0,0,0,0,0,0,0,0,0,0,8,7,1,0,0,0,0,0,0,0,0,0
200013,52,Business Management and Administrative Services,159,58,101,7,2,5,1,0,1,6,3,3,2,2,0,0,0,0,128,44,84,2,0,2,13,7,6,0,0,0
200022,52,Business Management and Administrative Services,334,254,80,8,5,3,2,2,0,18,14,4,19,19,0,0,0,0,270,200,70,10,7,3,6,6,0,1,1,0
200059,13,Education,175,70,105,2,1,1,0,0,0,3,3,0,12,3,9,1,1,0,151,58,93,2,2,0,3,1,2,1,1,0
200059,26,Biological Sciences/LifeSciences,36,16,20,1,0,1,0,0,0,1,1,0,2,1,1,0,0,0,28,11,17,0,0,0,0,0,0,4,3,1
200059,27,Mathematics,16,14,2,0,0,0,0,0,0,0,0,0,0,0,0,0,0,0,13,11,2,1,1,0,0,0,0,2,2,0
200059,40,Physical Sciences,8,5,3,0,0,0,0,0,0,0,0,0,0,0,0,0,0,0,7,4,3,0,0,0,0,0,0,1,1,0
200059,52,Business Management and Administrative Services,338,129,209,4,0,4,3,1,2,13,9,4,13,6,7,1,0,1,268,92,176,10,6,4,5,2,3,21,13,8
200086,13,Education,32,6,26,24,6,18,0,0,0,1,0,1,1,0,1,0,0,0,5,0,5,1,0,1,0,0,0,0,0,0
200086,27,Mathematics,2,2,0,1,1,0,0,0,0,0,0,0,0,0,0,0,0,0,0,0,0,1,1,0,0,0,0,0,0,0
200086,52,Business Management and Administrative Services,60,20,40,49,16,33,0,0,0,3,2,1,3,0,3,0,0,0,1,0,1,1,0,1,3,2,1,0,0,0
200156,13,Education,137,60,77,0,0,0,2,2,0,5,5,0,7,3,4,3,0,3,111,45,66,0,0,0,0,0,0,9,5,4
200156,26,Biological Sciences/LifeSciences,93,43,50,0,0,0,1,0,1,4,3,1,5,4,1,0,0,0,76,33,43,0,0,0,0,0,0,7,3,4
200156,27,Mathematics,27,24,3,0,0,0,0,0,0,1,1,0,3,3,0,0,0,0,15,13,2,0,0,0,0,0,0,8,7,1
200156,40,Physical Sciences,2,2,0,0,0,0,0,0,0,0,0,0,0,0,0,0,0,0,1,1,0,0,0,0,0,0,0,1,1,0
200156,52,Business Management and Administrative Services,162,122,40,6,5,1,2,0,2,10,10,0,7,4,3,1,1,0,111,81,30,0,0,0,0,0,0,25,21,4
200217,13,Education,258,70,188,6,2,4,2,0,2,0,0,0,6,3,3,1,1,0,229,59,170,5,1,4,8,4,4,1,0,1
200217,14,Engineering,43,40,3,0,0,0,1,1,0,3,2,1,1,1,0,0,0,0,31,30,1,2,2,0,5,4,1,0,0,0
200217,26,Biological Sciences/LifeSciences,105,44,61,2,1,1,1,0,1,2,1,1,4,3,1,0,0,0,87,36,51,5,2,3,4,1,3,0,0,0
200217,27,Mathematics,5,2,3,0,0,0,0,0,0,0,0,0,0,0,0,0,0,0,4,2,2,0,0,0,1,0,1,0,0,0
200217,40,Physical Sciences,16,4,12,0,0,0,0,0,0,0,0,0,1,0,1,0,0,0,13,3,10,1,0,1,1,1,0,0,0,0
200217,52,Business Management and Administrative Services,393,215,178,10,4,6,6,2,4,9,6,3,14,6,8,2,1,1,305,163,142,11,6,5,31,24,7,5,3,2
200226,13,Education,287,78,209,5,1,4,1,0,1,4,3,1,11,4,7,1,0,1,249,66,183,4,1,3,3,1,2,9,2,7
200226,26,Biological Sciences/LifeSciences,53,17,36,0,0,0,0,0,0,4,2,2,6,0,6,0,0,0,37,13,24,4,1,3,0,0,0,2,1,1
200226,27,Mathematics,18,9,9,0,0,0,1,1,0,1,1,0,0,0,0,0,0,0,13,5,8,1,1,0,0,0,0,2,1,1
200226,40,Physical Sciences,2,0,2,0,0,0,0,0,0,0,0,0,0,0,0,0,0,0,2,0,2,0,0,0,0,0,0,0,0,0
200226,52,Business Management and Administrative Services,138,74,64,8,3,5,0,0,0,13,12,1,7,4,3,1,1,0,95,46,49,6,3,3,0,0,0,8,5,3
200253,13,Education,521,125,396,3,0,3,1,0,1,13,8,5,25,14,11,1,0,1,416,85,331,16,3,13,7,1,6,39,14,25
200253,26,Biological Sciences/LifeSciences,105,44,61,0,0,0,6,1,5,6,3,3,11,2,9,0,0,0,57,23,34,6,4,2,4,1,3,15,10,5
200253,27,Mathematics,14,11,3,0,0,0,1,1,0,2,2,0,0,0,0,0,0,0,9,7,2,0,0,0,1,0,1,1,1,0
200253,40,Physical Sciences,48,26,22,0,0,0,0,0,0,0,0,0,2,0,2,0,0,0,34,19,15,1,1,0,0,0,0,11,6,5
200253,52,Business Management and Administrative Services,595,326,269,22,11,11,14,7,7,44,35,9,31,16,15,2,1,1,360,173,187,24,12,12,15,7,8,83,64,19
200280,13,Education,484,78,406,6,2,4,2,0,2,2,2,0,6,0,6,3,2,1,444,70,374,10,2,8,9,0,9,2,0,2
200280,14,Engineering,1848,1582,266,7,4,3,41,34,7,83,72,11,92,80,12,4,3,1,1400,1199,201,64,50,14,41,35,6,116,105,11
200280,26,Biological Sciences/LifeSciences,539,267,272,9,3,6,13,8,5,18,8,10,15,6,9,0,0,0,441,222,219,25,12,13,5,5,0,13,3,10
200280,27,Mathematics,70,37,33,1,0,1,1,1,0,0,0,0,3,0,3,0,0,0,57,31,26,5,4,1,0,0,0,3,1,2
200280,40,Physical Sciences,196,132,64,3,1,2,3,2,1,1,1,0,3,3,0,0,0,0,168,111,57,8,7,1,4,3,1,6,4,2
200280,52,Business Management and Administrative Services,1404,967,437,11,9,2,18,11,7,15,10,5,33,23,10,1,0,1,1223,846,377,32,20,12,17,12,5,54,36,18
200332,13,Education,396,193,203,1,0,1,0,0,0,7,5,2,10,5,5,0,0,0,360,173,187,8,5,3,6,4,2,4,1,3
200332,14,Engineering,2091,1846,245,19,14,5,19,18,1,42,39,3,35,27,8,3,2,1,1837,1631,206,57,48,9,30,24,6,49,43,6
200332,26,Biological Sciences/LifeSciences,681,285,396,6,3,3,20,13,7,29,16,13,17,7,10,1,1,0,563,226,337,19,8,11,14,7,7,12,4,8
200332,27,Mathematics,85,55,30,0,0,0,0,0,0,2,0,2,2,2,0,0,0,0,71,49,22,1,1,0,3,2,1,6,1,5
200332,40,Physical Sciences,132,97,35,0,0,0,1,1,0,2,2,0,2,2,0,0,0,0,116,89,27,7,2,5,1,0,1,3,1,2
200332,52,Business Management and Administrative Services,1779,1186,593,7,2,5,24,11,13,60,46,14,33,17,16,1,1,0,1533,1032,501,40,28,12,18,13,5,63,36,27
200466,13,Education,38,6,32,28,5,23,0,0,0,1,1,0,0,0,0,0,0,0,9,0,9,0,0,0,0,0,0,0,0,0
200466,14,Engineering,11,4,7,4,3,1,0,0,0,1,1,0,0,0,0,0,0,0,6,0,6,0,0,0,0,0,0,0,0,0
200466,52,Business Management and Administrative Services,59,17,42,52,16,36,0,0,0,1,1,0,0,0,0,0,0,0,6,0,6,0,0,0,0,0,0,0,0,0
200484,52,Business Management and Administrative Services,36,22,14,1,0,1,0,0,0,4,4,0,3,3,0,1,0,1,23,13,10,2,2,0,1,0,1,1,0,1
200527,13,Education,56,12,44,54,11,43,0,0,0,0,0,0,0,0,0,0,0,0,2,1,1,0,0,0,0,0,0,0,0,0
200527,52,Business Management and Administrative Services,18,4,14,18,4,14,0,0,0,0,0,0,0,0,0,0,0,0,0,0,0,0,0,0,0,0,0,0,0,0
200554,13,Education,43,16,27,40,16,24,1,0,1,0,0,0,0,0,0,0,0,0,2,0,2,0,0,0,0,0,0,0,0,0
200554,14,Engineering,13,8,5,12,8,4,0,0,0,0,0,0,0,0,0,0,0,0,1,0,1,0,0,0,0,0,0,0,0,0
200554,52,Business Management and Administrative Services,97,35,62,93,34,59,0,0,0,2,1,1,0,0,0,0,0,0,2,0,2,0,0,0,0,0,0,0,0,0
200572,13,Education,527,154,373,5,3,2,1,0,1,4,2,2,16,8,8,0,0,0,477,133,344,17,5,12,0,0,0,7,3,4
200572,14,Engineering,21,19,2,0,0,0,0,0,0,1,1,0,0,0,0,0,0,0,19,17,2,0,0,0,0,0,0,1,1,0
200572,26,Biological Sciences/LifeSciences,6,4,2,0,0,0,0,0,0,2,2,0,0,0,0,0,0,0,4,2,2,0,0,0,0,0,0,0,0,0
200572,27,Mathematics,4,4,0,1,1,0,0,0,0,0,0,0,0,0,0,0,0,0,2,2,0,0,0,0,0,0,0,1,1,0
200572,40,Physical Sciences,2,2,0,0,0,0,0,0,0,0,0,0,0,0,0,0,0,0,2,2,0,0,0,0,0,0,0,0,0,0
200572,52,Business Management and Administrative Services,116,72,44,1,0,1,1,0,1,10,9,1,13,12,1,0,0,0,88,48,40,2,2,0,0,0,0,1,1,0
200785,52,Business Management and Administrative Services,99,30,69,0,0,0,1,0,1,36,13,23,3,1,2,1,1,0,41,10,31,1,1,0,16,4,12,0,0,0
200800,13,Education,1093,345,748,0,0,0,10,0,10,65,27,38,21,6,15,0,0,0,935,290,645,37,13,24,19,9,10,6,0,6
200800,14,Engineering,3159,2602,557,3,2,1,65,44,21,138,99,39,68,54,14,0,0,0,2563,2141,422,85,59,26,62,52,10,175,151,24
200800,26,Biological Sciences/LifeSciences,719,284,435,2,2,0,39,15,24,81,29,52,26,10,16,0,0,0,499,206,293,44,11,33,18,7,11,10,4,6
200800,27,Mathematics,121,78,43,0,0,0,1,0,1,5,4,1,2,2,0,0,0,0,102,66,36,3,0,3,5,4,1,3,2,1
200800,40,Physical Sciences,200,127,73,0,0,0,3,3,0,6,3,3,8,5,3,0,0,0,163,103,60,16,10,6,3,3,0,1,0,1
200800,52,Business Management and Administrative Services,2281,1399,882,6,5,1,54,26,28,278,158,120,49,35,14,2,2,0,1731,1076,655,70,48,22,48,20,28,43,29,14
201104,13,Education,949,208,741,4,3,1,10,2,8,40,2,38,27,7,20,0,0,0,835,185,650,8,1,7,21,8,13,4,0,4
201104,26,Biological Sciences/LifeSciences,412,196,216,4,2,2,0,0,0,32,21,11,22,14,8,1,1,0,331,144,187,15,11,4,7,3,4,0,0,0
201104,27,Mathematics,11,6,5,0,0,0,0,0,0,0,0,0,0,0,0,0,0,0,10,5,5,0,0,0,0,0,0,1,1,0
201104,40,Physical Sciences,19,13,6,0,0,0,0,0,0,0,0,0,1,1,0,0,0,0,17,11,6,0,0,0,0,0,0,1,1,0
201104,52,Business Management and Administrative Services,1004,815,189,10,9,1,5,2,3,226,220,6,18,17,1,0,0,0,654,495,159,15,11,4,35,31,4,41,30,11
201195,13,Education,264,66,198,0,0,0,0,0,0,8,3,5,8,1,7,0,0,0,240,59,181,7,3,4,0,0,0,1,0,1
201195,14,Engineering,44,41,3,0,0,0,0,0,0,5,5,0,1,1,0,0,0,0,37,34,3,1,1,0,0,0,0,0,0,0
201195,26,Biological Sciences/LifeSciences,351,134,217,1,0,1,6,1,5,31,15,16,17,5,12,1,1,0,270,101,169,20,10,10,0,0,0,5,1,4
201195,27,Mathematics,40,23,17,0,0,0,2,0,2,1,1,0,1,1,0,0,0,0,35,20,15,0,0,0,0,0,0,1,1,0
201195,40,Physical Sciences,90,51,39,0,0,0,0,0,0,6,4,2,5,3,2,0,0,0,78,43,35,1,1,0,0,0,0,0,0,0
201195,52,Business Management and Administrative Services,549,340,209,0,0,0,10,4,6,55,31,24,35,21,14,0,0,0,412,259,153,28,18,10,4,3,1,5,4,1
201371,13,Education,99,28,71,0,0,0,1,0,1,2,0,2,0,0,0,0,0,0,90,27,63,4,0,4,1,1,0,1,0,1
201371,26,Biological Sciences/LifeSciences,20,8,12,0,0,0,0,0,0,0,0,0,0,0,0,0,0,0,18,8,10,2,0,2,0,0,0,0,0,0
201371,27,Mathematics,26,16,10,0,0,0,0,0,0,0,0,0,0,0,0,0,0,0,25,16,9,0,0,0,0,0,0,1,0,1
201371,40,Physical Sciences,15,11,4,0,0,0,0,0,0,0,0,0,1,0,1,0,0,0,13,10,3,0,0,0,1,1,0,0,0,0
201371,52,Business Management and Administrative Services,190,121,69,0,0,0,2,1,1,8,7,1,5,5,0,0,0,0,157,94,63,9,8,1,6,5,1,3,1,2
201441,13,Education,3551,1107,2444,6,2,4,20,10,10,173,63,110,108,35,73,1,0,1,2837,798,2039,93,25,68,117,42,75,196,132,64
201441,14,Engineering,592,528,64,3,3,0,7,7,0,39,31,8,28,25,3,0,0,0,444,400,44,23,18,5,21,20,1,27,24,3
201441,26,Biological Sciences/LifeSciences,913,302,611,0,0,0,11,5,6,100,25,75,40,13,27,1,0,1,700,244,456,32,5,27,18,6,12,11,4,7
201441,27,Mathematics,168,94,74,1,1,0,1,1,0,12,6,6,2,1,1,0,0,0,132,71,61,3,3,0,6,4,2,11,7,4
201441,40,Physical Sciences,481,257,224,0,0,0,9,6,3,41,16,25,20,10,10,0,0,0,370,197,173,13,8,5,15,10,5,13,10,3
201441,52,Business Management and Administrative Services,2231,1292,939,2,2,0,21,14,7,164,80,84,71,36,35,3,3,0,1779,1040,739,65,40,25,44,29,15,82,48,34
201469,52,Business Management and Administrative Services,56,17,39,0,0,0,3,0,3,19,6,13,4,2,2,0,0,0,28,9,19,2,0,2,0,0,0,0,0,0
201548,13,Education,454,142,312,0,0,0,8,4,4,31,4,27,9,3,6,0,0,0,380,122,258,14,3,11,11,5,6,1,1,0
201548,14,Engineering,11,10,1,0,0,0,0,0,0,1,1,0,2,1,1,0,0,0,6,6,0,2,2,0,0,0,0,0,0,0
201548,26,Biological Sciences/LifeSciences,229,78,151,0,0,0,5,2,3,22,5,17,11,4,7,1,0,1,148,47,101,20,8,12,18,12,6,4,0,4
201548,27,Mathematics,28,15,13,0,0,0,0,0,0,5,3,2,1,1,0,0,0,0,21,10,11,0,0,0,0,0,0,1,1,0
201548,40,Physical Sciences,15,8,7,0,0,0,0,0,0,2,1,1,0,0,0,0,0,0,13,7,6,0,0,0,0,0,0,0,0,0
201548,52,Business Management and Administrative Services,382,252,130,2,1,1,2,1,1,31,19,12,16,9,7,0,0,0,288,195,93,12,9,3,14,7,7,17,11,6
201645,13,Education,11,4,7,0,0,0,1,0,1,0,0,0,0,0,0,0,0,0,10,4,6,0,0,0,0,0,0,0,0,0
201645,14,Engineering,1828,1210,618,1,1,0,301,175,126,54,36,18,120,86,34,0,0,0,1026,689,337,82,50,32,38,23,15,206,150,56
201645,26,Biological Sciences/LifeSciences,507,221,286,0,0,0,172,64,108,18,7,11,35,14,21,1,0,1,190,95,95,30,13,17,12,8,4,49,20,29
201645,27,Mathematics,163,95,68,2,1,1,24,14,10,1,1,0,5,5,0,0,0,0,63,34,29,3,2,1,0,0,0,65,38,27
201645,40,Physical Sciences,263,188,75,0,0,0,34,19,15,7,6,1,21,15,6,1,1,0,142,104,38,13,10,3,6,5,1,39,28,11
201645,52,Business Management and Administrative Services,402,254,148,0,0,0,73,39,34,23,15,8,22,10,12,0,0,0,192,141,51,14,11,3,10,7,3,68,31,37
201654,13,Education,281,58,223,1,0,1,5,1,4,4,0,4,8,2,6,0,0,0,254,53,201,5,1,4,1,0,1,3,1,2
201654,14,Engineering,426,373,53,0,0,0,4,2,2,2,2,0,6,6,0,0,0,0,388,341,47,13,12,1,8,6,2,5,4,1
201654,26,Biological Sciences/LifeSciences,144,64,80,0,0,0,4,3,1,1,1,0,9,1,8,0,0,0,121,55,66,8,4,4,0,0,0,1,0,1
201654,27,Mathematics,23,10,13,0,0,0,0,0,0,0,0,0,1,0,1,0,0,0,22,10,12,0,0,0,0,0,0,0,0,0
201654,40,Physical Sciences,59,43,16,0,0,0,1,1,0,1,0,1,2,1,1,0,0,0,54,40,14,0,0,0,0,0,0,1,1,0
201654,52,Business Management and Administrative Services,385,264,121,3,2,1,12,9,3,5,3,2,18,13,5,0,0,0,316,214,102,12,10,2,4,3,1,15,10,5
201690,13,Education,170,73,97,1,0,1,1,0,1,156,68,88,3,1,2,0,0,0,4,1,3,1,1,0,4,2,2,0,0,0
201690,14,Engineering,106,77,29,0,0,0,0,0,0,99,73,26,1,0,1,0,0,0,1,1,0,1,1,0,2,1,1,2,1,1
201690,26,Biological Sciences/LifeSciences,135,25,110,0,0,0,0,0,0,127,25,102,3,0,3,0,0,0,0,0,0,1,0,1,4,0,4,0,0,0
201690,27,Mathematics,11,9,2,0,0,0,0,0,0,8,6,2,0,0,0,0,0,0,0,0,0,0,0,0,3,3,0,0,0,0
201690,40,Physical Sciences,17,2,15,0,0,0,0,0,0,15,2,13,0,0,0,0,0,0,1,0,1,0,0,0,0,0,0,1,0,1
201690,52,Business Management and Administrative Services,345,190,155,0,0,0,0,0,0,326,179,147,1,0,1,0,0,0,2,1,1,4,4,0,8,3,5,4,3,1
201858,13,Education,80,21,59,0,0,0,0,0,0,8,6,2,4,0,4,0,0,0,64,15,49,3,0,3,0,0,0,1,0,1
201858,52,Business Management and Administrative Services,240,177,63,0,0,0,4,1,3,68,60,8,15,13,2,1,1,0,134,90,44,10,6,4,1,0,1,7,6,1
201885,13,Education,1508,263,1245,2,0,2,29,7,22,160,33,127,45,7,38,0,0,0,1140,190,950,61,14,47,56,9,47,15,3,12
201885,14,Engineering,4146,3357,789,2,0,2,127,85,42,111,91,20,107,82,25,1,1,0,3355,2750,605,98,79,19,111,86,25,234,183,51
201885,26,Biological Sciences/LifeSciences,1725,639,1086,3,0,3,156,61,95,158,43,115,54,15,39,0,0,0,1149,458,691,80,22,58,79,24,55,46,16,30
201885,27,Mathematics,368,246,122,2,1,1,20,15,5,14,6,8,6,3,3,2,1,1,244,174,70,8,4,4,17,10,7,55,32,23
201885,40,Physical Sciences,510,290,220,0,0,0,21,9,12,36,12,24,14,8,6,2,0,2,354,213,141,21,13,8,25,18,7,37,17,20
201885,52,Business Management and Administrative Services,4608,2729,1879,7,4,3,151,69,82,274,130,144,107,54,53,0,0,0,3468,2140,1328,134,72,62,186,111,75,281,149,132
201946,13,Education,174,52,122,0,0,0,1,1,0,0,0,0,2,0,2,0,0,0,153,46,107,1,0,1,17,5,12,0,0,0
201946,14,Engineering,76,68,8,0,0,0,1,1,0,1,1,0,5,5,0,1,1,0,61,53,8,3,3,0,3,3,0,1,1,0
201946,26,Biological Sciences/LifeSciences,77,26,51,0,0,0,3,1,2,0,0,0,3,0,3,0,0,0,65,25,40,1,0,1,4,0,4,1,0,1
201946,40,Physical Sciences,66,18,48,1,0,1,2,0,2,2,0,2,0,0,0,0,0,0,57,17,40,0,0,0,4,1,3,0,0,0
201946,52,Business Management and Administrative Services,368,205,163,1,1,0,7,2,5,5,4,1,11,7,4,0,0,0,302,169,133,8,2,6,33,19,14,1,1,0
201955,13,Education,266,58,208,1,0,1,7,1,6,60,12,48,12,3,9,0,0,0,164,34,130,10,4,6,12,4,8,0,0,0
201955,14,Engineering,52,47,5,0,0,0,5,4,1,8,7,1,5,5,0,0,0,0,26,24,2,0,0,0,4,4,0,4,3,1
201955,26,Biological Sciences/LifeSciences,230,84,146,0,0,0,15,9,6,50,18,32,8,2,6,1,1,0,128,42,86,10,4,6,16,7,9,2,1,1
201955,40,Physical Sciences,86,37,49,0,0,0,9,5,4,15,4,11,7,2,5,0,0,0,43,21,22,5,1,4,3,1,2,4,3,1
201955,52,Business Management and Administrative Services,938,582,356,2,1,1,30,19,11,218,108,110,39,27,12,5,3,2,544,358,186,36,21,15,42,31,11,22,14,8
201964,13,Education,102,15,87,0,0,0,4,0,4,1,0,1,0,0,0,0,0,0,88,15,73,4,0,4,4,0,4,1,0,1
201964,52,Business Management and Administrative Services,1175,438,737,2,1,1,3,3,0,385,124,261,33,22,11,0,0,0,512,208,304,41,13,28,196,64,132,3,3,0
202134,13,Education,650,196,454,1,1,0,3,1,2,138,36,102,36,9,27,1,0,1,428,136,292,24,7,17,9,2,7,10,4,6
202134,14,Engineering,1537,1296,241,3,3,0,76,62,14,133,99,34,65,51,14,1,1,0,955,807,148,38,34,4,22,22,0,244,217,27
202134,26,Biological Sciences/LifeSciences,511,187,324,1,0,1,31,19,12,75,17,58,28,12,16,1,1,0,331,119,212,25,9,16,7,4,3,12,6,6
202134,27,Mathematics,110,60,50,0,0,0,6,4,2,8,1,7,4,3,1,0,0,0,86,51,35,2,1,1,1,0,1,3,0,3
202134,40,Physical Sciences,155,77,78,0,0,0,10,6,4,25,8,17,7,3,4,0,0,0,104,56,48,4,2,2,1,0,1,4,2,2
202134,52,Business Management and Administrative Services,2029,1202,827,3,1,2,78,50,28,267,122,145,105,60,45,3,2,1,1366,833,533,41,19,22,35,16,19,131,99,32
202480,13,Education,504,66,438,0,0,0,7,0,7,8,2,6,12,1,11,1,1,0,457,58,399,5,0,5,9,4,5,5,0,5
202480,14,Engineering,1906,1457,449,2,2,0,23,16,7,45,33,12,50,33,17,0,0,0,1413,1060,353,30,23,7,13,8,5,330,282,48
202480,26,Biological Sciences/LifeSciences,478,149,329,1,0,1,12,3,9,14,3,11,19,9,10,0,0,0,404,127,277,12,2,10,5,1,4,11,4,7
202480,27,Mathematics,41,18,23,1,1,0,0,0,0,1,0,1,0,0,0,0,0,0,25,7,18,0,0,0,0,0,0,14,10,4
202480,40,Physical Sciences,246,109,137,0,0,0,6,2,4,12,9,3,12,5,7,0,0,0,195,85,110,10,3,7,5,2,3,6,3,3
202480,52,Business Management and Administrative Services,2018,1252,766,2,0,2,18,5,13,24,14,10,60,40,20,2,1,1,1634,1013,621,33,21,12,26,18,8,219,140,79
202514,13,Education,106,42,64,0,0,0,1,0,1,4,2,2,7,2,5,0,0,0,91,37,54,1,0,1,0,0,0,2,1,1
202514,26,Biological Sciences/LifeSciences,47,21,26,0,0,0,1,0,1,2,1,1,2,0,2,0,0,0,39,20,19,1,0,1,0,0,0,2,0,2
202514,27,Mathematics,2,0,2,0,0,0,0,0,0,0,0,0,0,0,0,0,0,0,2,0,2,0,0,0,0,0,0,0,0,0
202514,52,Business Management and Administrative Services,67,48,19,0,0,0,0,0,0,10,9,1,2,2,0,0,0,0,54,36,18,1,1,0,0,0,0,0,0,0
202523,13,Education,89,26,63,0,0,0,5,2,3,6,2,4,13,4,9,0,0,0,55,15,40,7,2,5,2,0,2,1,1,0
202523,26,Biological Sciences/LifeSciences,223,76,147,0,0,0,15,5,10,13,4,9,20,5,15,0,0,0,137,47,90,12,5,7,4,3,1,22,7,15
202523,27,Mathematics,44,15,29,0,0,0,0,0,0,4,3,1,1,0,1,0,0,0,26,8,18,1,1,0,0,0,0,12,3,9
202523,40,Physical Sciences,98,56,42,0,0,0,7,6,1,7,1,6,10,7,3,0,0,0,62,36,26,3,1,2,2,0,2,7,5,2
202523,52,Business Management and Administrative Services,44,27,17,0,0,0,0,0,0,5,2,3,0,0,0,0,0,0,32,20,12,1,0,1,1,1,0,5,4,1
202684,52,Business Management and Administrative Services,108,39,69,0,0,0,0,0,0,98,36,62,1,0,1,0,0,0,4,1,3,5,2,3,0,0,0,0,0,0
202763,13,Education,148,33,115,0,0,0,0,0,0,1,0,1,6,1,5,0,0,0,132,29,103,4,2,2,0,0,0,5,1,4
202763,26,Biological Sciences/LifeSciences,269,50,219,0,0,0,1,0,1,8,6,2,3,2,1,0,0,0,244,39,205,6,0,6,1,0,1,6,3,3
202763,27,Mathematics,23,14,9,0,0,0,0,0,0,1,1,0,2,0,2,0,0,0,19,13,6,0,0,0,0,0,0,1,0,1
202763,40,Physical Sciences,52,18,34,0,0,0,0,0,0,4,2,2,1,0,1,0,0,0,42,15,27,3,1,2,0,0,0,2,0,2
202763,52,Business Management and Administrative Services,518,276,242,0,0,0,4,2,2,35,33,2,10,6,4,0,0,0,402,193,209,13,7,6,3,1,2,51,34,17
202806,52,Business Management and Administrative Services,2358,947,1411,16,6,10,39,17,22,407,143,264,70,29,41,4,1,3,1606,658,948,103,44,59,81,29,52,32,20,12
202903,13,Education,39,6,33,0,0,0,0,0,0,2,0,2,0,0,0,0,0,0,26,4,22,0,0,0,0,0,0,11,2,9
202903,52,Business Management and Administrative Services,3,0,3,0,0,0,0,0,0,0,0,0,0,0,0,0,0,0,3,0,3,0,0,0,0,0,0,0,0,0
202912,26,Biological Sciences/LifeSciences,403,39,364,0,0,0,5,0,5,39,2,37,8,2,6,0,0,0,346,35,311,4,0,4,1,0,1,0,0,0
203085,13,Education,149,48,101,2,0,2,0,0,0,9,6,3,3,2,1,0,0,0,124,33,91,5,2,3,6,5,1,0,0,0
203085,26,Biological Sciences/LifeSciences,110,46,64,0,0,0,5,3,2,7,3,4,2,1,1,0,0,0,87,37,50,3,1,2,5,0,5,1,1,0
203085,27,Mathematics,13,4,9,0,0,0,0,0,0,0,0,0,0,0,0,0,0,0,11,4,7,0,0,0,2,0,2,0,0,0
203085,52,Business Management and Administrative Services,191,144,47,0,0,0,1,0,1,34,29,5,6,4,2,0,0,0,135,101,34,6,4,2,9,6,3,0,0,0
203128,13,Education,27,9,18,0,0,0,0,0,0,3,1,2,0,0,0,0,0,0,17,5,12,3,1,2,2,1,1,2,1,1
203128,26,Biological Sciences/LifeSciences,71,22,49,0,0,0,4,0,4,10,4,6,2,0,2,0,0,0,48,17,31,2,0,2,3,0,3,2,1,1
203128,27,Mathematics,7,4,3,0,0,0,0,0,0,1,1,0,0,0,0,1,1,0,2,1,1,1,0,1,0,0,0,2,1,1
203128,40,Physical Sciences,8,5,3,0,0,0,0,0,0,0,0,0,0,0,0,0,0,0,8,5,3,0,0,0,0,0,0,0,0,0
203128,52,Business Management and Administrative Services,261,147,114,1,0,1,1,0,1,55,33,22,11,7,4,2,2,0,176,97,79,9,6,3,5,2,3,1,0,1
203368,13,Education,161,42,119,0,0,0,0,0,0,10,3,7,4,1,3,0,0,0,144,37,107,1,1,0,1,0,1,1,0,1
203368,14,Engineering,29,26,3,0,0,0,0,0,0,3,3,0,3,2,1,0,0,0,20,19,1,1,0,1,0,0,0,2,2,0
203368,26,Biological Sciences/LifeSciences,326,128,198,1,0,1,16,7,9,16,5,11,10,1,9,0,0,0,267,107,160,5,3,2,4,2,2,7,3,4
203368,27,Mathematics,33,17,16,0,0,0,2,2,0,1,0,1,1,0,1,0,0,0,28,14,14,1,1,0,0,0,0,0,0,0
203368,40,Physical Sciences,123,60,63,0,0,0,6,2,4,2,1,1,4,3,1,0,0,0,102,51,51,5,2,3,3,1,2,1,0,1
203368,52,Business Management and Administrative Services,892,582,310,0,0,0,20,12,8,32,23,9,28,17,11,0,0,0,777,506,271,10,9,1,6,6,0,19,9,10
203447,52,Business Management and Administrative Services,422,200,222,2,0,2,6,2,4,26,16,10,20,8,12,2,2,0,342,154,188,10,10,0,4,4,0,10,4,6
203456,52,Business Management and Administrative Services,206,86,120,0,0,0,0,0,0,8,2,6,0,0,0,2,0,2,146,46,100,36,32,4,10,4,6,4,2,2
203465,13,Education,584,154,430,2,0,2,2,0,2,10,2,8,18,4,14,0,0,0,526,136,390,12,6,6,14,6,8,0,0,0
203465,26,Biological Sciences/LifeSciences,386,100,286,0,0,0,8,0,8,34,6,28,10,4,6,0,0,0,310,78,232,10,6,4,12,6,6,2,0,2
203465,52,Business Management and Administrative Services,1412,828,584,6,4,2,16,10,6,70,34,36,34,26,8,2,2,0,1198,692,506,28,14,14,36,26,10,22,20,2
203474,52,Business Management and Administrative Services,612,290,322,0,0,0,4,0,4,64,22,42,6,2,4,4,2,2,490,242,248,16,10,6,16,8,8,12,4,8
203483,13,Education,250,24,226,0,0,0,0,0,0,2,0,2,2,0,2,0,0,0,234,22,212,4,2,2,8,0,8,0,0,0
203483,52,Business Management and Administrative Services,496,244,252,0,0,0,6,2,4,24,6,18,12,10,2,0,0,0,436,214,222,6,2,4,10,8,2,2,2,0
203492,13,Education,274,44,230,5,4,1,0,0,0,3,2,1,2,0,2,0,0,0,258,38,220,2,0,2,4,0,4,0,0,0
203492,52,Business Management and Administrative Services,362,164,198,0,0,0,0,0,0,14,0,14,8,2,6,0,0,0,322,154,168,8,0,8,6,6,0,4,2,2
203517,13,Education,3436,920,2516,6,4,2,20,12,8,156,58,98,86,26,60,4,4,0,2936,736,2200,92,24,68,104,44,60,32,12,20
203517,14,Engineering,608,566,42,0,0,0,6,4,2,42,32,10,8,8,0,0,0,0,326,300,26,12,12,0,10,10,0,204,200,4
203517,26,Biological Sciences/LifeSciences,2438,770,1668,4,2,2,122,44,78,230,56,174,70,30,40,2,0,2,1736,540,1196,110,30,80,72,20,52,92,48,44
203517,27,Mathematics,306,206,100,0,0,0,10,2,8,8,4,4,14,14,0,0,0,0,218,150,68,12,8,4,8,4,4,36,24,12
203517,40,Physical Sciences,936,510,426,0,0,0,30,18,12,60,6,54,24,12,12,0,0,0,718,408,310,42,24,18,34,22,12,28,20,8
203517,52,Business Management and Administrative Services,9044,4294,4750,12,6,6,102,42,60,710,240,470,286,114,172,6,4,2,6652,3162,3490,246,100,146,202,98,104,828,528,300
203526,13,Education,288,66,222,0,0,0,0,0,0,0,0,0,10,6,4,0,0,0,264,58,206,6,0,6,8,2,6,0,0,0
203526,52,Business Management and Administrative Services,684,360,324,4,0,4,12,8,4,56,26,30,20,12,8,0,0,0,550,292,258,22,8,14,14,10,4,6,4,2
203535,26,Biological Sciences/LifeSciences,123,49,74,0,0,0,6,2,4,7,3,4,2,0,2,0,0,0,84,33,51,13,6,7,5,1,4,6,4,2
203535,27,Mathematics,47,24,23,0,0,0,2,0,2,1,0,1,0,0,0,0,0,0,35,19,16,2,1,1,0,0,0,7,4,3
203535,40,Physical Sciences,51,34,17,0,0,0,0,0,0,3,2,1,3,2,1,0,0,0,37,24,13,5,4,1,1,0,1,2,2,0
203580,13,Education,70,20,50,0,0,0,0,0,0,6,3,3,3,0,3,0,0,0,58,16,42,1,1,0,2,0,2,0,0,0
203580,26,Biological Sciences/LifeSciences,123,45,78,1,0,1,1,0,1,15,6,9,4,1,3,0,0,0,86,28,58,7,4,3,5,3,2,4,3,1
203580,27,Mathematics,7,5,2,0,0,0,0,0,0,1,1,0,0,0,0,0,0,0,6,4,2,0,0,0,0,0,0,0,0,0
203580,40,Physical Sciences,10,5,5,0,0,0,0,0,0,0,0,0,1,1,0,0,0,0,9,4,5,0,0,0,0,0,0,0,0,0
203580,52,Business Management and Administrative Services,192,147,45,3,3,0,3,2,1,28,28,0,2,2,0,0,0,0,133,91,42,6,5,1,2,2,0,15,14,1
203757,13,Education,142,42,100,0,0,0,0,0,0,4,2,2,8,2,6,2,1,1,101,24,77,6,3,3,20,10,10,1,0,1
203757,26,Biological Sciences/LifeSciences,66,24,42,0,0,0,0,0,0,6,3,3,7,5,2,0,0,0,46,13,33,6,3,3,1,0,1,0,0,0
203757,52,Business Management and Administrative Services,219,132,87,0,0,0,1,1,0,33,20,13,25,16,9,1,1,0,140,81,59,7,3,4,4,2,2,8,8,0
203775,13,Education,129,33,96,1,0,1,1,0,1,8,6,2,2,0,2,0,0,0,114,26,88,3,1,2,0,0,0,0,0,0
203775,26,Biological Sciences/LifeSciences,111,34,77,0,0,0,2,0,2,14,8,6,1,1,0,0,0,0,91,23,68,3,2,1,0,0,0,0,0,0
203775,27,Mathematics,16,5,11,0,0,0,0,0,0,0,0,0,0,0,0,0,0,0,16,5,11,0,0,0,0,0,0,0,0,0
203775,40,Physical Sciences,17,5,12,0,0,0,0,0,0,2,1,1,1,1,0,0,0,0,14,3,11,0,0,0,0,0,0,0,0,0
203775,52,Business Management and Administrative Services,295,156,139,1,1,0,5,0,5,33,18,15,5,2,3,0,0,0,245,130,115,3,2,1,1,1,0,2,2,0
203845,13,Education,70,13,57,0,0,0,0,0,0,2,0,2,1,0,1,0,0,0,61,12,49,1,0,1,3,0,3,2,1,1
203845,14,Engineering,326,281,45,1,1,0,6,6,0,8,7,1,5,3,2,1,1,0,183,159,24,6,4,2,15,13,2,101,87,14
203845,26,Biological Sciences/LifeSciences,57,23,34,0,0,0,0,0,0,2,2,0,1,1,0,0,0,0,48,16,32,3,1,2,2,2,0,1,1,0
203845,27,Mathematics,21,17,4,0,0,0,0,0,0,0,0,0,0,0,0,0,0,0,13,11,2,2,2,0,2,1,1,4,3,1
203845,40,Physical Sciences,65,56,9,0,0,0,1,1,0,1,1,0,2,2,0,0,0,0,44,37,7,4,3,1,1,1,0,12,11,1
203845,52,Business Management and Administrative Services,129,76,53,1,1,0,2,2,0,6,4,2,3,2,1,0,0,0,89,52,37,7,4,3,5,5,0,16,6,10
203960,26,Biological Sciences/LifeSciences,12,5,7,0,0,0,0,0,0,1,1,0,0,0,0,0,0,0,8,3,5,3,1,2,0,0,0,0,0,0
204006,13,Education,201,39,162,1,0,1,2,0,2,12,2,10,6,1,5,0,0,0,174,34,140,4,2,2,2,0,2,0,0,0
204006,14,Engineering,77,59,18,0,0,0,6,6,0,8,7,1,0,0,0,0,0,0,60,44,16,2,1,1,1,1,0,0,0,0
204006,26,Biological Sciences/LifeSciences,108,48,60,1,0,1,2,2,0,10,5,5,2,0,2,0,0,0,88,38,50,3,1,2,2,2,0,0,0,0
204006,27,Mathematics,9,6,3,0,0,0,0,0,0,1,1,0,1,1,0,0,0,0,7,4,3,0,0,0,0,0,0,0,0,0
204006,40,Physical Sciences,34,19,15,0,0,0,1,1,0,5,3,2,0,0,0,0,0,0,27,15,12,0,0,0,1,0,1,0,0,0
204006,52,Business Management and Administrative Services,213,101,112,0,0,0,6,3,3,21,10,11,12,4,8,0,0,0,162,78,84,5,3,2,6,2,4,1,1,0
204015,13,Education,123,23,100,0,0,0,0,0,0,3,1,2,3,0,3,0,0,0,110,22,88,2,0,2,5,0,5,0,0,0
204015,14,Engineering,36,27,9,0,0,0,0,0,0,1,1,0,0,0,0,0,0,0,34,25,9,0,0,0,0,0,0,1,1,0
204015,26,Biological Sciences/LifeSciences,70,23,47,0,0,0,2,0,2,1,1,0,2,0,2,0,0,0,65,22,43,0,0,0,0,0,0,0,0,0
204015,27,Mathematics,2,1,1,0,0,0,0,0,0,0,0,0,0,0,0,0,0,0,1,0,1,0,0,0,0,0,0,1,1,0
204015,40,Physical Sciences,18,11,7,0,0,0,0,0,0,0,0,0,0,0,0,0,0,0,16,9,7,1,1,0,0,0,0,1,1,0
204015,52,Business Management and Administrative Services,106,51,55,1,0,1,1,0,1,7,2,5,1,1,0,0,0,0,74,39,35,3,1,2,2,1,1,17,7,10
204024,13,Education,1123,217,906,1,0,1,17,1,16,29,6,23,32,6,26,1,0,1,967,190,777,47,12,35,3,0,3,26,2,24
204024,14,Engineering,1337,1035,302,7,6,1,29,23,6,49,34,15,65,45,20,2,2,0,947,735,212,52,33,19,8,8,0,178,149,29
204024,26,Biological Sciences/LifeSciences,1266,491,775,0,0,0,41,19,22,49,22,27,59,27,32,0,0,0,1002,386,616,65,22,43,5,4,1,45,11,34
204024,27,Mathematics,288,165,123,0,0,0,6,4,2,2,1,1,9,3,6,0,0,0,127,78,49,7,2,5,0,0,0,137,77,60
204024,40,Physical Sciences,291,166,125,2,1,1,9,4,5,4,2,2,10,3,7,0,0,0,207,114,93,13,7,6,4,2,2,42,33,9
204024,52,Business Management and Administrative Services,3803,2253,1550,7,4,3,88,35,53,59,32,27,160,82,78,1,1,0,2978,1834,1144,96,60,36,7,5,2,407,200,207
204185,13,Education,130,40,90,1,0,1,0,0,0,4,4,0,1,1,0,1,1,0,115,30,85,4,2,2,4,2,2,0,0,0
204185,14,Engineering,77,69,8,0,0,0,0,0,0,3,3,0,1,0,1,0,0,0,64,58,6,2,1,1,6,6,0,1,1,0
204185,26,Biological Sciences/LifeSciences,77,19,58,1,0,1,2,0,2,1,0,1,1,0,1,0,0,0,70,19,51,1,0,1,1,0,1,0,0,0
204185,27,Mathematics,29,17,12,0,0,0,0,0,0,1,0,1,0,0,0,0,0,0,26,16,10,0,0,0,2,1,1,0,0,0
204185,40,Physical Sciences,65,33,32,0,0,0,1,1,0,4,4,0,0,0,0,0,0,0,58,26,32,0,0,0,1,1,0,1,1,0
204185,52,Business Management and Administrative Services,231,145,86,1,1,0,2,1,1,11,9,2,5,2,3,0,0,0,193,118,75,5,5,0,10,6,4,4,3,1
204194,13,Education,216,42,174,0,0,0,0,0,0,2,0,2,4,1,3,0,0,0,202,38,164,4,2,2,3,0,3,1,1,0
204194,14,Engineering,47,43,4,0,0,0,0,0,0,1,0,1,2,2,0,0,0,0,37,35,2,2,1,1,3,3,0,2,2,0
204194,26,Biological Sciences/LifeSciences,115,39,76,0,0,0,1,0,1,4,2,2,2,1,1,0,0,0,100,35,65,6,0,6,2,1,1,0,0,0
204194,27,Mathematics,9,3,6,0,0,0,0,0,0,0,0,0,1,0,1,0,0,0,8,3,5,0,0,0,0,0,0,0,0,0
204194,40,Physical Sciences,13,7,6,0,0,0,0,0,0,0,0,0,0,0,0,0,0,0,12,7,5,0,0,0,1,0,1,0,0,0
204194,52,Business Management and Administrative Services,410,211,199,0,0,0,3,2,1,21,9,12,10,6,4,1,1,0,340,167,173,10,6,4,18,13,5,7,7,0
204200,13,Education,108,20,88,0,0,0,0,0,0,10,0,10,0,0,0,0,0,0,90,17,73,6,3,3,2,0,2,0,0,0
204200,26,Biological Sciences/LifeSciences,73,38,35,1,0,1,0,0,0,7,4,3,1,0,1,1,1,0,58,30,28,2,1,1,3,2,1,0,0,0
204200,27,Mathematics,11,10,1,0,0,0,0,0,0,0,0,0,0,0,0,0,0,0,8,7,1,2,2,0,1,1,0,0,0,0
204200,40,Physical Sciences,12,2,10,0,0,0,0,0,0,2,1,1,0,0,0,0,0,0,10,1,9,0,0,0,0,0,0,0,0,0
204200,52,Business Management and Administrative Services,195,129,66,1,1,0,1,0,1,17,13,4,4,2,2,0,0,0,157,106,51,3,2,1,11,5,6,1,0,1
204264,13,Education,100,24,76,0,0,0,0,0,0,1,1,0,1,0,1,0,0,0,88,21,67,1,1,0,9,1,8,0,0,0
204264,14,Engineering,21,18,3,0,0,0,1,0,1,4,4,0,1,1,0,0,0,0,14,12,2,0,0,0,0,0,0,1,1,0
204264,26,Biological Sciences/LifeSciences,64,20,44,0,0,0,0,0,0,1,1,0,0,0,0,0,0,0,62,18,44,1,1,0,0,0,0,0,0,0
204264,27,Mathematics,19,8,11,0,0,0,0,0,0,1,1,0,0,0,0,0,0,0,14,5,9,0,0,0,0,0,0,4,2,2
204264,40,Physical Sciences,36,22,14,0,0,0,2,2,0,1,1,0,1,1,0,0,0,0,31,17,14,1,1,0,0,0,0,0,0,0
204264,52,Business Management and Administrative Services,175,106,69,1,0,1,1,1,0,7,5,2,3,3,0,0,0,0,134,78,56,6,6,0,7,4,3,16,9,7
204316,52,Business Management and Administrative Services,29,17,12,0,0,0,0,0,0,5,1,4,0,0,0,0,0,0,12,12,0,8,0,8,4,4,0,0,0,0
204468,13,Education,331,87,244,1,0,1,2,0,2,45,11,34,6,3,3,0,0,0,258,66,192,7,4,3,10,3,7,2,0,2
204468,26,Biological Sciences/LifeSciences,112,39,73,1,0,1,1,0,1,37,14,23,2,0,2,0,0,0,63,19,44,1,0,1,3,2,1,4,4,0
204468,27,Mathematics,26,22,4,0,0,0,0,0,0,7,7,0,4,4,0,0,0,0,14,10,4,1,1,0,0,0,0,0,0,0
204468,40,Physical Sciences,20,10,10,0,0,0,1,0,1,6,2,4,0,0,0,0,0,0,9,4,5,2,2,0,2,2,0,0,0,0
204468,52,Business Management and Administrative Services,455,336,119,2,1,1,7,7,0,161,126,35,18,13,5,14,1,13,190,136,54,13,11,2,6,1,5,44,40,4
204486,52,Business Management and Administrative Services,628,324,304,2,0,2,4,1,3,37,20,17,26,16,10,0,0,0,369,179,190,0,0,0,100,46,54,90,62,28
204501,14,Engineering,3,3,0,0,0,0,1,1,0,0,0,0,0,0,0,0,0,0,2,2,0,0,0,0,0,0,0,0,0,0
204501,26,Biological Sciences/LifeSciences,146,56,90,0,0,0,9,6,3,3,0,3,14,6,8,0,0,0,104,38,66,7,2,5,1,1,0,8,3,5
204501,27,Mathematics,43,32,11,0,0,0,1,1,0,0,0,0,1,1,0,0,0,0,30,23,7,1,1,0,0,0,0,10,6,4
204501,40,Physical Sciences,103,59,44,0,0,0,2,0,2,2,1,1,5,3,2,0,0,0,78,45,33,8,6,2,0,0,0,8,4,4
204617,13,Education,174,39,135,1,0,1,1,1,0,14,4,10,4,0,4,0,0,0,132,27,105,1,1,0,21,6,15,0,0,0
204617,14,Engineering,13,11,2,0,0,0,0,0,0,2,1,1,0,0,0,0,0,0,7,7,0,1,1,0,2,1,1,1,1,0
204617,26,Biological Sciences/LifeSciences,108,47,61,0,0,0,5,0,5,19,9,10,8,3,5,0,0,0,61,28,33,5,2,3,8,3,5,2,2,0
204617,27,Mathematics,6,3,3,0,0,0,0,0,0,0,0,0,0,0,0,0,0,0,4,1,3,0,0,0,2,2,0,0,0,0
204617,40,Physical Sciences,13,6,7,1,0,1,0,0,0,3,0,3,1,1,0,0,0,0,7,4,3,0,0,0,1,1,0,0,0,0
204617,52,Business Management and Administrative Services,395,204,191,0,0,0,5,2,3,124,51,73,15,5,10,0,0,0,197,113,84,18,12,6,32,18,14,4,3,1
204635,13,Education,95,39,56,0,0,0,0,0,0,3,3,0,1,1,0,0,0,0,85,34,51,2,1,1,4,0,4,0,0,0
204635,14,Engineering,419,352,67,1,0,1,1,1,0,6,5,1,4,2,2,0,0,0,355,300,55,8,6,2,32,26,6,12,12,0
204635,26,Biological Sciences/LifeSciences,128,39,89,0,0,0,2,1,1,3,0,3,2,0,2,0,0,0,106,33,73,2,1,1,9,3,6,4,1,3
204635,27,Mathematics,27,15,12,0,0,0,1,0,1,0,0,0,0,0,0,0,0,0,20,13,7,2,0,2,2,0,2,2,2,0
204635,40,Physical Sciences,35,24,11,0,0,0,0,0,0,0,0,0,1,1,0,0,0,0,28,19,9,0,0,0,4,3,1,2,1,1
204635,52,Business Management and Administrative Services,243,167,76,0,0,0,1,1,0,13,8,5,1,1,0,0,0,0,195,136,59,6,4,2,14,11,3,13,6,7
204671,13,Education,167,56,111,0,0,0,1,0,1,1,0,1,2,0,2,0,0,0,152,48,104,4,3,1,7,5,2,0,0,0
204671,14,Engineering,25,22,3,0,0,0,1,1,0,0,0,0,0,0,0,0,0,0,19,18,1,2,2,0,3,1,2,0,0,0
204671,26,Biological Sciences/LifeSciences,103,43,60,1,0,1,5,3,2,5,0,5,6,4,2,0,0,0,78,32,46,4,2,2,2,1,1,2,1,1
204671,27,Mathematics,2,1,1,0,0,0,0,0,0,0,0,0,0,0,0,0,0,0,1,0,1,1,1,0,0,0,0,0,0,0
204671,40,Physical Sciences,13,9,4,0,0,0,0,0,0,1,0,1,0,0,0,0,0,0,12,9,3,0,0,0,0,0,0,0,0,0
204671,52,Business Management and Administrative Services,43,26,17,0,0,0,0,0,0,1,0,1,2,1,1,0,0,0,39,25,14,1,0,1,0,0,0,0,0,0
204680,13,Education,141,40,101,0,0,0,0,0,0,4,0,4,0,0,0,0,0,0,133,37,96,1,0,1,3,3,0,0,0,0
204680,14,Engineering,12,12,0,0,0,0,0,0,0,0,0,0,0,0,0,0,0,0,12,12,0,0,0,0,0,0,0,0,0,0
204680,26,Biological Sciences/LifeSciences,59,23,36,2,2,0,8,2,6,8,3,5,4,2,2,0,0,0,31,12,19,4,2,2,2,0,2,0,0,0
204680,27,Mathematics,6,3,3,0,0,0,2,1,1,0,0,0,0,0,0,0,0,0,4,2,2,0,0,0,0,0,0,0,0,0
204680,40,Physical Sciences,10,6,4,0,0,0,0,0,0,1,0,1,0,0,0,0,0,0,9,6,3,0,0,0,0,0,0,0,0,0
204680,52,Business Management and Administrative Services,59,40,19,0,0,0,5,5,0,0,0,0,0,0,0,0,0,0,51,33,18,1,1,0,2,1,1,0,0,0
204699,13,Education,152,31,121,1,0,1,3,1,2,3,0,3,5,1,4,0,0,0,127,26,101,5,1,4,8,2,6,0,0,0
204699,14,Engineering,34,29,5,0,0,0,2,1,1,0,0,0,2,2,0,0,0,0,25,21,4,1,1,0,1,1,0,3,3,0
204699,26,Biological Sciences/LifeSciences,52,21,31,0,0,0,5,2,3,5,3,2,1,0,1,0,0,0,33,14,19,2,1,1,6,1,5,0,0,0
204699,27,Mathematics,5,2,3,0,0,0,1,0,1,0,0,0,0,0,0,1,0,1,2,1,1,1,1,0,0,0,0,0,0,0
204699,40,Physical Sciences,12,8,4,0,0,0,1,1,0,1,1,0,1,1,0,0,0,0,8,4,4,0,0,0,1,1,0,0,0,0
204699,52,Business Management and Administrative Services,72,43,29,0,0,0,1,1,0,0,0,0,3,2,1,0,0,0,62,35,27,5,4,1,1,1,0,0,0,0
204705,13,Education,256,60,196,0,0,0,4,1,3,10,1,9,6,2,4,0,0,0,217,53,164,11,2,9,8,1,7,0,0,0
204705,14,Engineering,36,30,6,0,0,0,2,2,0,3,2,1,2,2,0,0,0,0,26,21,5,0,0,0,3,3,0,0,0,0
204705,26,Biological Sciences/LifeSciences,153,53,100,0,0,0,12,3,9,40,17,23,5,4,1,1,0,1,81,25,56,8,3,5,5,1,4,1,0,1
204705,27,Mathematics,8,5,3,0,0,0,0,0,0,2,1,1,0,0,0,0,0,0,4,3,1,0,0,0,2,1,1,0,0,0
204705,40,Physical Sciences,31,18,13,0,0,0,0,0,0,4,2,2,1,0,1,0,0,0,25,16,9,1,0,1,0,0,0,0,0,0
204705,52,Business Management and Administrative Services,118,71,47,0,0,0,5,1,4,6,3,3,2,1,1,0,0,0,100,64,36,2,1,1,3,1,2,0,0,0
204796,13,Education,1767,572,1195,4,1,3,32,7,25,97,34,63,62,22,40,2,0,2,1432,462,970,48,18,30,62,21,41,28,7,21
204796,14,Engineering,8216,6388,1828,4,3,1,661,477,184,214,139,75,294,228,66,5,4,1,5703,4473,1230,204,162,42,357,278,79,774,624,150
204796,26,Biological Sciences/LifeSciences,4467,1859,2608,5,4,1,590,264,326,283,111,172,214,100,114,4,1,3,2917,1205,1712,165,58,107,160,65,95,129,51,78
204796,27,Mathematics,1036,662,374,1,0,1,55,34,21,32,18,14,16,8,8,0,0,0,433,304,129,13,7,6,30,22,8,456,269,187
204796,40,Physical Sciences,906,607,299,2,1,1,58,39,19,25,13,12,32,22,10,0,0,0,598,402,196,34,19,15,36,24,12,121,87,34
204796,52,Business Management and Administrative Services,7451,4337,3114,7,3,4,438,230,208,207,106,101,220,125,95,1,0,1,5107,3178,1929,148,84,64,270,170,100,1053,441,612
204802,13,Education,99,17,82,1,0,1,0,0,0,0,0,0,0,0,0,0,0,0,96,16,80,2,1,1,0,0,0,0,0,0
204802,14,Engineering,6,6,0,0,0,0,0,0,0,0,0,0,0,0,0,0,0,0,6,6,0,0,0,0,0,0,0,0,0,0
204802,26,Biological Sciences/LifeSciences,16,2,14,0,0,0,1,0,1,0,0,0,0,0,0,0,0,0,14,2,12,1,0,1,0,0,0,0,0,0
204802,40,Physical Sciences,2,2,0,0,0,0,0,0,0,0,0,0,0,0,0,0,0,0,2,2,0,0,0,0,0,0,0,0,0,0
204802,52,Business Management and Administrative Services,68,33,35,1,1,0,2,0,2,4,2,2,0,0,0,0,0,0,60,29,31,0,0,0,1,1,0,0,0,0
204820,13,Education,144,39,105,0,0,0,0,0,0,2,0,2,1,0,1,0,0,0,136,38,98,4,0,4,1,1,0,0,0,0
204820,14,Engineering,14,13,1,0,0,0,0,0,0,1,1,0,0,0,0,0,0,0,13,12,1,0,0,0,0,0,0,0,0,0
204820,26,Biological Sciences/LifeSciences,40,12,28,0,0,0,2,1,1,0,0,0,0,0,0,0,0,0,34,9,25,4,2,2,0,0,0,0,0,0
204820,40,Physical Sciences,11,7,4,0,0,0,0,0,0,0,0,0,0,0,0,0,0,0,11,7,4,0,0,0,0,0,0,0,0,0
204820,52,Business Management and Administrative Services,241,137,104,1,0,1,2,1,1,11,6,5,4,0,4,0,0,0,202,117,85,12,6,6,8,6,2,1,1,0
204839,13,Education,143,32,111,0,0,0,0,0,0,0,0,0,2,0,2,0,0,0,134,29,105,5,1,4,2,2,0,0,0,0
204839,14,Engineering,6,6,0,0,0,0,0,0,0,0,0,0,0,0,0,0,0,0,6,6,0,0,0,0,0,0,0,0,0,0
204839,26,Biological Sciences/LifeSciences,12,6,6,0,0,0,0,0,0,1,0,1,1,1,0,0,0,0,8,4,4,0,0,0,2,1,1,0,0,0
204839,27,Mathematics,1,1,0,0,0,0,0,0,0,0,0,0,0,0,0,0,0,0,1,1,0,0,0,0,0,0,0,0,0,0
204839,40,Physical Sciences,5,3,2,0,0,0,0,0,0,0,0,0,0,0,0,0,0,0,4,2,2,0,0,0,1,1,0,0,0,0
204839,52,Business Management and Administrative Services,156,81,75,0,0,0,2,1,1,6,3,3,0,0,0,1,0,1,132,68,64,6,3,3,6,4,2,3,2,1
204848,13,Education,215,54,161,1,1,0,0,0,0,2,0,2,1,0,1,0,0,0,200,50,150,9,3,6,1,0,1,1,0,1
204848,14,Engineering,31,29,2,0,0,0,0,0,0,1,1,0,0,0,0,0,0,0,28,27,1,2,1,1,0,0,0,0,0,0
204848,26,Biological Sciences/LifeSciences,57,17,40,0,0,0,1,0,1,1,0,1,0,0,0,0,0,0,53,15,38,2,2,0,0,0,0,0,0,0
204848,27,Mathematics,3,2,1,0,0,0,0,0,0,0,0,0,0,0,0,0,0,0,3,2,1,0,0,0,0,0,0,0,0,0
204848,40,Physical Sciences,9,7,2,0,0,0,1,1,0,1,1,0,0,0,0,0,0,0,6,4,2,0,0,0,1,1,0,0,0,0
204848,52,Business Management and Administrative Services,224,130,94,0,0,0,1,0,1,5,5,0,7,2,5,0,0,0,195,114,81,10,7,3,4,1,3,2,1,1
204857,13,Education,1105,253,852,0,0,0,5,0,5,31,7,24,29,9,20,0,0,0,982,228,754,43,6,37,7,1,6,8,2,6
204857,14,Engineering,1369,1130,239,3,3,0,16,12,4,71,51,20,35,27,8,0,0,0,1103,918,185,38,27,11,13,11,2,90,81,9
204857,26,Biological Sciences/LifeSciences,1252,499,753,3,0,3,11,5,6,82,32,50,37,20,17,1,0,1,1024,400,624,70,29,41,10,5,5,14,8,6
204857,27,Mathematics,52,32,20,0,0,0,0,0,0,4,1,3,5,3,2,0,0,0,35,25,10,0,0,0,0,0,0,8,3,5
204857,40,Physical Sciences,471,231,240,2,0,2,7,3,4,25,13,12,16,7,9,0,0,0,385,192,193,18,6,12,6,4,2,12,6,6
204857,52,Business Management and Administrative Services,2479,1617,862,3,0,3,25,14,11,74,46,28,55,24,31,1,1,0,2124,1406,718,75,50,25,21,13,8,101,63,38
204866,13,Education,116,21,95,0,0,0,0,0,0,1,0,1,1,1,0,0,0,0,110,19,91,3,0,3,1,1,0,0,0,0
204866,14,Engineering,7,7,0,0,0,0,0,0,0,0,0,0,0,0,0,0,0,0,7,7,0,0,0,0,0,0,0,0,0,0
204866,26,Biological Sciences/LifeSciences,32,12,20,0,0,0,0,0,0,0,0,0,1,1,0,0,0,0,28,10,18,3,1,2,0,0,0,0,0,0
204866,27,Mathematics,1,1,0,0,0,0,0,0,0,0,0,0,0,0,0,0,0,0,1,1,0,0,0,0,0,0,0,0,0,0
204866,40,Physical Sciences,3,1,2,0,0,0,0,0,0,0,0,0,0,0,0,0,0,0,2,0,2,1,1,0,0,0,0,0,0,0
204866,52,Business Management and Administrative Services,78,31,47,0,0,0,0,0,0,1,0,1,0,0,0,0,0,0,75,30,45,1,0,1,1,1,0,0,0,0
204936,13,Education,209,56,153,2,0,2,2,0,2,15,2,13,1,0,1,0,0,0,164,46,118,10,4,6,15,4,11,0,0,0
204936,14,Engineering,53,42,11,0,0,0,0,0,0,6,4,2,2,2,0,0,0,0,37,29,8,3,3,0,5,4,1,0,0,0
204936,26,Biological Sciences/LifeSciences,129,43,86,0,0,0,9,0,9,9,4,5,4,2,2,1,0,1,89,29,60,11,6,5,6,2,4,0,0,0
204936,27,Mathematics,31,18,13,0,0,0,1,0,1,1,0,1,1,1,0,0,0,0,27,16,11,0,0,0,1,1,0,0,0,0
204936,40,Physical Sciences,34,24,10,0,0,0,1,1,0,0,0,0,0,0,0,0,0,0,25,17,8,4,2,2,4,4,0,0,0,0
204936,52,Business Management and Administrative Services,305,189,116,0,0,0,4,2,2,13,8,5,7,3,4,0,0,0,238,157,81,10,4,6,23,13,10,10,2,8
205203,13,Education,288,83,205,0,0,0,0,0,0,6,1,5,2,1,1,1,1,0,240,66,174,0,0,0,38,13,25,1,1,0
205203,26,Biological Sciences/LifeSciences,23,10,13,0,0,0,0,0,0,0,0,0,0,0,0,0,0,0,19,8,11,0,0,0,4,2,2,0,0,0
205203,27,Mathematics,6,5,1,0,0,0,0,0,0,0,0,0,1,0,1,0,0,0,4,4,0,0,0,0,1,1,0,0,0,0
205203,40,Physical Sciences,43,13,30,0,0,0,0,0,0,0,0,0,0,0,0,0,0,0,32,8,24,0,0,0,9,3,6,2,2,0
205203,52,Business Management and Administrative Services,212,116,96,2,1,1,1,0,1,13,9,4,6,6,0,0,0,0,143,66,77,0,0,0,32,19,13,15,15,0
205443,13,Education,193,32,161,1,0,1,0,0,0,5,1,4,2,0,2,0,0,0,175,27,148,1,1,0,4,1,3,5,2,3
205443,26,Biological Sciences/LifeSciences,396,139,257,3,2,1,0,0,0,19,10,9,1,1,0,0,0,0,354,118,236,10,5,5,7,1,6,2,2,0
205443,27,Mathematics,39,19,20,0,0,0,0,0,0,1,1,0,0,0,0,0,0,0,37,18,19,0,0,0,1,0,1,0,0,0
205443,40,Physical Sciences,25,11,14,0,0,0,0,0,0,1,0,1,0,0,0,0,0,0,21,8,13,0,0,0,2,2,0,1,1,0
205443,52,Business Management and Administrative Services,271,165,106,1,1,0,0,0,0,18,16,2,3,2,1,0,0,0,227,131,96,11,8,3,8,5,3,3,2,1
205610,13,Education,23,2,21,0,0,0,0,0,0,15,2,13,1,0,1,0,0,0,6,0,6,0,0,0,1,0,1,0,0,0
205610,52,Business Management and Administrative Services,53,26,27,1,0,1,0,0,0,32,16,16,1,0,1,0,0,0,18,9,9,0,0,0,1,1,0,0,0,0
205647,52,Business Management and Administrative Services,12,6,6,1,1,0,1,0,1,5,2,3,0,0,0,0,0,0,4,2,2,0,0,0,1,1,0,0,0,0
205957,13,Education,216,31,185,0,0,0,4,1,3,1,0,1,15,3,12,0,0,0,190,26,164,5,1,4,0,0,0,1,0,1
205957,14,Engineering,42,31,11,0,0,0,0,0,0,0,0,0,3,2,1,0,0,0,35,27,8,3,2,1,1,0,1,0,0,0
205957,26,Biological Sciences/LifeSciences,126,51,75,0,0,0,2,0,2,1,0,1,17,5,12,0,0,0,98,41,57,5,2,3,3,3,0,0,0,0
205957,27,Mathematics,45,25,20,0,0,0,1,0,1,0,0,0,3,2,1,0,0,0,41,23,18,0,0,0,0,0,0,0,0,0
205957,40,Physical Sciences,25,16,9,0,0,0,0,0,0,0,0,0,0,0,0,0,0,0,23,15,8,2,1,1,0,0,0,0,0,0
205957,52,Business Management and Administrative Services,270,173,97,1,1,0,6,3,3,3,3,0,26,16,10,0,0,0,217,138,79,6,4,2,5,3,2,6,5,1
206048,13,Education,44,22,22,0,0,0,0,0,0,5,4,1,0,0,0,0,0,0,27,12,15,1,0,1,10,6,4,1,0,1
206048,52,Business Management and Administrative Services,662,364,298,1,0,1,3,0,3,77,37,40,21,5,16,0,0,0,267,121,146,15,10,5,162,91,71,116,100,16
206084,13,Education,716,145,571,1,0,1,1,0,1,50,7,43,34,6,28,0,0,0,594,125,469,16,3,13,16,2,14,4,2,2
206084,14,Engineering,2741,2262,479,4,3,1,86,52,34,71,57,14,106,86,20,3,3,0,2062,1708,354,55,41,14,82,63,19,272,249,23
206084,26,Biological Sciences/LifeSciences,692,246,446,2,0,2,43,17,26,80,24,56,33,4,29,2,2,0,449,165,284,31,15,16,22,9,13,30,10,20
206084,27,Mathematics,58,33,25,0,0,0,4,3,1,4,1,3,3,2,1,0,0,0,41,23,18,2,2,0,2,2,0,2,0,2
206084,40,Physical Sciences,167,106,61,0,0,0,6,3,3,7,2,5,13,7,6,0,0,0,118,78,40,5,3,2,3,2,1,15,11,4
206084,52,Business Management and Administrative Services,2629,1614,1015,4,2,2,36,14,22,328,185,143,128,72,56,1,0,1,1738,1087,651,51,35,16,67,44,23,276,175,101
206279,13,Education,13,4,9,0,0,0,0,0,0,9,3,6,1,0,1,0,0,0,1,0,1,0,0,0,2,1,1,0,0,0
206279,52,Business Management and Administrative Services,52,9,43,0,0,0,1,0,1,24,4,20,4,1,3,0,0,0,12,0,12,3,1,2,8,3,5,0,0,0
206330,13,Education,104,26,78,0,0,0,1,1,0,5,2,3,1,0,1,1,1,0,79,18,61,1,1,0,15,3,12,1,0,1
206330,27,Mathematics,1,0,1,0,0,0,0,0,0,0,0,0,0,0,0,0,0,0,1,0,1,0,0,0,0,0,0,0,0,0
206330,52,Business Management and Administrative Services,256,217,39,3,3,0,1,1,0,89,87,2,3,2,1,0,0,0,109,92,17,13,9,4,31,19,12,7,4,3
206349,13,Education,17,0,17,0,0,0,0,0,0,2,0,2,0,0,0,0,0,0,14,0,14,0,0,0,0,0,0,1,0,1
206349,26,Biological Sciences/LifeSciences,48,1,47,0,0,0,1,0,1,10,0,10,5,0,5,0,0,0,28,1,27,4,0,4,0,0,0,0,0,0
206349,27,Mathematics,2,0,2,0,0,0,0,0,0,0,0,0,0,0,0,0,0,0,2,0,2,0,0,0,0,0,0,0,0,0
206349,40,Physical Sciences,4,0,4,0,0,0,0,0,0,1,0,1,0,0,0,0,0,0,2,0,2,0,0,0,1,0,1,0,0,0
206349,52,Business Management and Administrative Services,74,10,64,0,0,0,0,0,0,22,3,19,3,0,3,0,0,0,40,6,34,0,0,0,3,1,2,6,0,6
206437,13,Education,217,63,154,0,0,0,0,0,0,15,8,7,2,1,1,0,0,0,177,47,130,4,2,2,19,5,14,0,0,0
206437,26,Biological Sciences/LifeSciences,232,82,150,0,0,0,2,0,2,12,7,5,2,0,2,0,0,0,182,58,124,5,2,3,15,4,11,14,11,3
206437,27,Mathematics,13,4,9,0,0,0,0,0,0,1,1,0,1,0,1,0,0,0,5,2,3,1,1,0,5,0,5,0,0,0
206437,40,Physical Sciences,26,13,13,0,0,0,0,0,0,0,0,0,2,0,2,0,0,0,21,13,8,1,0,1,2,0,2,0,0,0
206437,52,Business Management and Administrative Services,564,312,252,4,0,4,3,2,1,43,30,13,13,6,7,2,1,1,309,215,94,100,8,92,63,32,31,27,18,9
206491,14,Engineering,43,40,3,0,0,0,0,0,0,42,40,2,0,0,0,0,0,0,0,0,0,0,0,0,1,0,1,0,0,0
206491,26,Biological Sciences/LifeSciences,57,11,46,0,0,0,0,0,0,54,10,44,0,0,0,0,0,0,0,0,0,0,0,0,3,1,2,0,0,0
206491,52,Business Management and Administrative Services,105,61,44,2,2,0,0,0,0,98,57,41,0,0,0,0,0,0,0,0,0,0,0,0,5,2,3,0,0,0
206507,13,Education,128,44,84,1,1,0,1,0,1,3,1,2,0,0,0,0,0,0,114,40,74,4,1,3,4,0,4,1,1,0
206507,26,Biological Sciences/LifeSciences,67,22,45,0,0,0,0,0,0,8,4,4,3,0,3,0,0,0,51,16,35,5,2,3,0,0,0,0,0,0
206507,27,Mathematics,6,5,1,0,0,0,0,0,0,1,1,0,1,1,0,0,0,0,4,3,1,0,0,0,0,0,0,0,0,0
206507,40,Physical Sciences,23,11,12,0,0,0,0,0,0,2,1,1,1,0,1,0,0,0,17,8,9,2,2,0,1,0,1,0,0,0
206507,52,Business Management and Administrative Services,159,91,68,0,0,0,0,0,0,26,17,9,7,4,3,0,0,0,110,59,51,7,5,2,5,2,3,4,4,0
206525,13,Education,99,14,85,0,0,0,1,1,0,7,3,4,1,0,1,0,0,0,86,9,77,1,0,1,3,1,2,0,0,0
206525,26,Biological Sciences/LifeSciences,152,46,106,0,0,0,5,0,5,9,3,6,4,0,4,0,0,0,120,39,81,11,3,8,3,1,2,0,0,0
206525,27,Mathematics,26,11,15,0,0,0,0,0,0,1,0,1,0,0,0,0,0,0,21,11,10,1,0,1,0,0,0,3,0,3
206525,40,Physical Sciences,67,37,30,0,0,0,0,0,0,1,0,1,3,2,1,0,0,0,58,30,28,2,2,0,1,1,0,2,2,0
206525,52,Business Management and Administrative Services,223,142,81,0,0,0,1,1,0,17,16,1,8,1,7,0,0,0,179,115,64,9,6,3,1,0,1,8,3,5
206589,13,Education,2,0,2,0,0,0,0,0,0,0,0,0,0,0,0,0,0,0,2,0,2,0,0,0,0,0,0,0,0,0
206589,26,Biological Sciences/LifeSciences,179,73,106,1,0,1,7,2,5,13,6,7,10,6,4,1,0,1,131,52,79,0,0,0,5,3,2,11,4,7
206589,27,Mathematics,51,27,24,1,0,1,0,0,0,2,1,1,2,1,1,0,0,0,30,19,11,0,0,0,2,1,1,14,5,9
206589,40,Physical Sciences,103,58,45,0,0,0,9,4,5,2,1,1,1,1,0,0,0,0,76,43,33,0,0,0,4,2,2,11,7,4
206604,13,Education,882,237,645,1,1,0,8,4,4,66,13,53,22,4,18,2,0,2,695,175,520,26,9,17,1,1,0,61,30,31
206604,14,Engineering,1842,1509,333,0,0,0,78,57,21,121,88,33,67,49,18,1,1,0,1251,1032,219,57,47,10,9,8,1,258,227,31
206604,26,Biological Sciences/LifeSciences,656,218,438,2,1,1,41,15,26,84,16,68,24,7,17,0,0,0,466,165,301,26,8,18,4,3,1,9,3,6
206604,27,Mathematics,95,53,42,0,0,0,1,1,0,10,8,2,3,2,1,0,0,0,78,41,37,3,1,2,0,0,0,0,0,0
206604,40,Physical Sciences,280,161,119,1,1,0,7,4,3,19,6,13,8,6,2,0,0,0,233,136,97,10,6,4,0,0,0,2,2,0
206604,52,Business Management and Administrative Services,2134,1258,876,3,2,1,69,35,34,253,122,131,66,39,27,1,1,0,1556,930,626,70,40,30,2,1,1,114,88,26
206613,13,Education,133,23,110,0,0,0,0,0,0,2,0,2,1,0,1,0,0,0,129,23,106,0,0,0,0,0,0,1,0,1
206613,14,Engineering,170,156,14,0,0,0,1,1,0,2,2,0,1,1,0,0,0,0,160,146,14,1,1,0,1,1,0,4,4,0
206613,26,Biological Sciences/LifeSciences,17,6,11,0,0,0,0,0,0,0,0,0,0,0,0,0,0,0,16,6,10,1,0,1,0,0,0,0,0,0
206613,27,Mathematics,3,1,2,0,0,0,0,0,0,0,0,0,0,0,0,0,0,0,3,1,2,0,0,0,0,0,0,0,0,0
206613,40,Physical Sciences,27,17,10,0,0,0,0,0,0,0,0,0,0,0,0,0,0,0,27,17,10,0,0,0,0,0,0,0,0,0
206613,52,Business Management and Administrative Services,336,174,162,0,0,0,1,1,0,11,10,1,6,5,1,0,0,0,308,150,158,6,4,2,0,0,0,4,4,0
206622,13,Education,201,24,177,0,0,0,4,0,4,9,2,7,8,1,7,0,0,0,158,18,140,11,2,9,11,1,10,0,0,0
206622,14,Engineering,25,22,3,0,0,0,0,0,0,3,3,0,1,1,0,0,0,0,20,17,3,0,0,0,1,1,0,0,0,0
206622,26,Biological Sciences/LifeSciences,311,130,181,2,1,1,16,7,9,37,13,24,12,6,6,1,0,1,207,88,119,14,5,9,13,7,6,9,3,6
206622,27,Mathematics,38,25,13,0,0,0,0,0,0,1,1,0,2,1,1,0,0,0,30,18,12,2,2,0,1,1,0,2,2,0
206622,40,Physical Sciences,97,44,53,1,1,0,4,1,3,7,3,4,8,4,4,0,0,0,63,31,32,5,2,3,7,1,6,2,1,1
206622,52,Business Management and Administrative Services,1267,867,400,2,2,0,22,11,11,93,53,40,54,35,19,2,1,1,952,664,288,36,23,13,66,45,21,40,33,7
206695,13,Education,1136,317,819,0,0,0,6,1,5,49,9,40,46,9,37,0,0,0,972,282,690,25,6,19,37,10,27,1,0,1
206695,14,Engineering,1125,931,194,2,2,0,9,8,1,54,40,14,42,34,8,0,0,0,852,701,151,33,28,5,31,23,8,102,95,7
206695,26,Biological Sciences/LifeSciences,488,176,312,2,1,1,21,9,12,40,6,34,21,7,14,0,0,0,350,138,212,24,6,18,26,8,18,4,1,3
206695,27,Mathematics,58,38,20,0,0,0,0,0,0,0,0,0,1,1,0,0,0,0,54,35,19,1,1,0,1,1,0,1,0,1
206695,40,Physical Sciences,256,128,128,1,0,1,29,13,16,5,4,1,7,3,4,0,0,0,181,97,84,7,0,7,26,11,15,0,0,0
206695,52,Business Management and Administrative Services,1383,794,589,2,1,1,7,0,7,115,68,47,45,22,23,0,0,0,1108,644,464,38,18,20,41,23,18,27,18,9
206817,13,Education,108,63,45,28,14,14,5,3,2,28,16,12,7,4,3,0,0,0,15,9,6,7,5,2,18,12,6,0,0,0
206817,52,Business Management and Administrative Services,150,120,30,27,14,13,9,6,3,45,38,7,16,14,2,0,0,0,20,18,2,7,7,0,21,18,3,5,5,0
206835,13,Education,120,51,69,7,0,7,12,12,0,7,0,7,4,1,3,32,31,1,45,0,45,0,0,0,3,0,3,10,7,3
206835,26,Biological Sciences/LifeSciences,41,11,30,4,2,2,0,0,0,4,0,4,2,1,1,0,0,0,31,8,23,0,0,0,0,0,0,0,0,0
206835,40,Physical Sciences,6,4,2,1,0,1,1,1,0,2,2,0,0,0,0,0,0,0,2,1,1,0,0,0,0,0,0,0,0,0
206835,52,Business Management and Administrative Services,324,176,148,32,15,17,2,2,0,31,17,14,23,12,11,1,0,1,180,120,60,27,0,27,28,10,18,0,0,0
206862,13,Education,140,43,97,2,0,2,1,0,1,4,3,1,12,5,7,2,1,1,103,28,75,11,5,6,4,1,3,1,0,1
206862,26,Biological Sciences/LifeSciences,86,36,50,1,1,0,4,1,3,3,1,2,11,5,6,0,0,0,60,25,35,4,2,2,2,1,1,1,0,1
206862,27,Mathematics,8,5,3,0,0,0,0,0,0,0,0,0,1,1,0,0,0,0,7,4,3,0,0,0,0,0,0,0,0,0
206862,40,Physical Sciences,16,14,2,1,1,0,0,0,0,1,1,0,2,2,0,0,0,0,9,9,0,1,0,1,2,1,1,0,0,0
206862,52,Business Management and Administrative Services,364,221,143,22,16,6,5,2,3,42,24,18,21,12,9,1,1,0,223,137,86,14,9,5,20,9,11,16,11,5
206914,13,Education,363,80,283,25,3,22,0,0,0,24,3,21,35,7,28,1,0,1,237,56,181,36,9,27,5,2,3,0,0,0
206914,14,Engineering,70,61,9,3,3,0,0,0,0,5,5,0,9,8,1,0,0,0,36,31,5,5,3,2,7,6,1,5,5,0
206914,26,Biological Sciences/LifeSciences,239,80,159,6,3,3,8,1,7,22,5,17,28,14,14,1,1,0,116,39,77,29,7,22,9,4,5,20,6,14
206914,27,Mathematics,24,16,8,1,1,0,3,2,1,4,2,2,3,2,1,0,0,0,9,7,2,1,0,1,1,1,0,2,1,1
206914,40,Physical Sciences,88,42,46,3,0,3,3,0,3,5,1,4,10,7,3,0,0,0,42,22,20,7,3,4,3,1,2,15,8,7
206914,52,Business Management and Administrative Services,569,238,331,36,13,23,8,4,4,72,31,41,87,36,51,5,2,3,270,118,152,36,13,23,13,7,6,42,14,28
206941,13,Education,1356,347,1009,60,21,39,16,4,12,72,29,43,136,36,100,2,2,0,895,220,675,143,28,115,5,1,4,27,6,21
206941,14,Engineering,556,446,110,11,8,3,29,21,8,22,18,4,35,27,8,2,2,0,250,206,44,42,32,10,9,8,1,156,124,32
206941,26,Biological Sciences/LifeSciences,750,256,494,20,11,9,66,28,38,61,18,43,76,18,58,3,1,2,397,135,262,84,28,56,7,3,4,36,14,22
206941,27,Mathematics,77,42,35,2,2,0,6,3,3,1,0,1,5,2,3,1,1,0,38,19,19,5,3,2,2,0,2,17,12,5
206941,40,Physical Sciences,237,90,147,12,4,8,24,11,13,10,2,8,31,11,20,1,1,0,111,41,70,30,12,18,1,1,0,17,7,10
206941,52,Business Management and Administrative Services,2683,1449,1234,102,57,45,126,68,58,213,100,113,249,140,109,6,3,3,1461,769,692,169,99,70,49,22,27,308,191,117
207041,13,Education,226,33,193,34,3,31,0,0,0,5,2,3,7,2,5,0,0,0,148,21,127,19,3,16,10,1,9,3,1,2
207041,26,Biological Sciences/LifeSciences,363,121,242,54,20,34,4,1,3,8,4,4,16,6,10,1,1,0,195,64,131,37,10,27,13,4,9,35,11,24
207041,27,Mathematics,35,24,11,3,1,2,0,0,0,1,1,0,4,1,3,0,0,0,21,17,4,4,3,1,0,0,0,2,1,1
207041,40,Physical Sciences,122,87,35,14,10,4,0,0,0,1,1,0,5,5,0,0,0,0,67,41,26,12,12,0,6,6,0,17,12,5
207041,52,Business Management and Administrative Services,477,247,230,60,35,25,4,2,2,12,9,3,33,16,17,1,0,1,239,119,120,34,16,18,10,7,3,84,43,41
207157,13,Education,23,10,13,4,3,1,0,0,0,1,1,0,2,2,0,0,0,0,16,4,12,0,0,0,0,0,0,0,0,0
207157,52,Business Management and Administrative Services,83,58,25,7,5,2,1,1,0,17,12,5,17,10,7,0,0,0,35,26,9,1,1,0,1,0,1,4,3,1
207209,13,Education,423,205,218,2,1,1,1,0,1,306,153,153,10,6,4,0,0,0,11,4,7,31,11,20,49,26,23,13,4,9
207209,26,Biological Sciences/LifeSciences,131,28,103,0,0,0,0,0,0,105,27,78,3,0,3,0,0,0,3,0,3,11,1,10,8,0,8,1,0,1
207209,27,Mathematics,15,7,8,0,0,0,0,0,0,11,3,8,0,0,0,0,0,0,1,1,0,1,1,0,0,0,0,2,2,0
207209,52,Business Management and Administrative Services,269,137,132,0,0,0,0,0,0,199,98,101,3,2,1,0,0,0,12,7,5,20,10,10,28,16,12,7,4,3
207263,13,Education,969,235,734,137,46,91,11,4,7,20,8,12,54,12,42,0,0,0,536,119,417,197,44,153,11,2,9,3,0,3
207263,14,Engineering,7,7,0,1,1,0,0,0,0,0,0,0,1,1,0,0,0,0,5,5,0,0,0,0,0,0,0,0,0,0
207263,26,Biological Sciences/LifeSciences,440,174,266,73,24,49,22,9,13,9,1,8,42,14,28,0,0,0,212,91,121,77,34,43,3,1,2,2,0,2
207263,27,Mathematics,29,17,12,7,5,2,0,0,0,1,1,0,3,1,2,0,0,0,11,7,4,4,1,3,1,1,0,2,1,1
207263,40,Physical Sciences,69,34,35,9,5,4,2,2,0,5,3,2,6,3,3,0,0,0,30,11,19,17,10,7,0,0,0,0,0,0
207263,52,Business Management and Administrative Services,1120,524,596,185,77,108,49,16,33,37,21,16,64,34,30,0,0,0,555,261,294,171,71,100,7,4,3,52,40,12
207306,13,Education,237,62,175,18,4,14,0,0,0,11,8,3,18,5,13,1,1,0,175,39,136,0,0,0,13,4,9,1,1,0
207306,26,Biological Sciences/LifeSciences,122,37,85,8,1,7,3,0,3,5,3,2,10,3,7,0,0,0,61,16,45,3,0,3,7,2,5,25,12,13
207306,27,Mathematics,24,21,3,0,0,0,1,1,0,0,0,0,2,2,0,0,0,0,15,12,3,0,0,0,2,2,0,4,4,0
207306,40,Physical Sciences,47,18,29,2,1,1,0,0,0,3,2,1,7,1,6,0,0,0,32,13,19,0,0,0,2,0,2,1,1,0
207306,52,Business Management and Administrative Services,299,130,169,20,9,11,0,0,0,13,11,2,36,14,22,1,0,1,180,71,109,0,0,0,28,12,16,21,13,8
207324,13,Education,167,37,130,1,0,1,3,2,1,4,1,3,8,1,7,0,0,0,141,32,109,10,1,9,0,0,0,0,0,0
207324,14,Engineering,246,206,40,2,2,0,6,5,1,16,11,5,10,7,3,0,0,0,198,170,28,13,10,3,1,1,0,0,0,0
207324,26,Biological Sciences/LifeSciences,126,59,67,5,3,2,5,2,3,17,3,14,9,3,6,0,0,0,77,42,35,13,6,7,0,0,0,0,0,0
207324,27,Mathematics,25,13,12,1,1,0,0,0,0,3,0,3,1,0,1,0,0,0,15,10,5,5,2,3,0,0,0,0,0,0
207324,40,Physical Sciences,9,1,8,0,0,0,0,0,0,0,0,0,0,0,0,0,0,0,9,1,8,0,0,0,0,0,0,0,0,0
207324,52,Business Management and Administrative Services,307,198,109,6,5,1,18,8,10,40,26,14,18,13,5,0,0,0,203,135,68,22,11,11,0,0,0,0,0,0
207351,13,Education,56,9,47,3,1,2,0,0,0,1,0,1,12,2,10,0,0,0,38,6,32,1,0,1,0,0,0,1,0,1
207351,26,Biological Sciences/LifeSciences,77,30,47,3,1,2,1,1,0,8,4,4,25,10,15,0,0,0,33,11,22,3,2,1,1,1,0,3,0,3
207351,27,Mathematics,18,10,8,0,0,0,0,0,0,0,0,0,10,7,3,0,0,0,6,2,4,0,0,0,0,0,0,2,1,1
207351,40,Physical Sciences,9,2,7,1,0,1,0,0,0,0,0,0,3,0,3,0,0,0,5,2,3,0,0,0,0,0,0,0,0,0
207351,52,Business Management and Administrative Services,146,82,64,3,2,1,2,0,2,27,25,2,47,19,28,0,0,0,52,27,25,4,4,0,4,0,4,7,5,2
207388,13,Education,1026,286,740,69,22,47,9,4,5,26,10,16,72,15,57,0,0,0,764,214,550,84,19,65,1,1,0,1,1,0
207388,14,Engineering,2961,2359,602,99,72,27,93,74,19,94,72,22,226,176,50,9,7,2,1990,1594,396,256,204,52,15,12,3,179,148,31
207388,26,Biological Sciences/LifeSciences,1562,629,933,67,36,31,31,12,19,57,24,33,106,40,66,4,1,3,1094,442,652,182,66,116,7,2,5,14,6,8
207388,27,Mathematics,137,74,63,8,3,5,4,3,1,3,0,3,10,6,4,0,0,0,94,54,40,11,5,6,0,0,0,7,3,4
207388,40,Physical Sciences,194,136,58,8,7,1,5,3,2,6,3,3,10,7,3,1,0,1,142,97,45,15,13,2,1,1,0,6,5,1
207388,52,Business Management and Administrative Services,4370,2447,1923,194,88,106,67,31,36,210,112,98,273,164,109,3,2,1,3021,1735,1286,354,199,155,15,4,11,233,112,121
207397,52,Business Management and Administrative Services,570,226,344,25,8,17,14,5,9,90,30,60,67,28,39,0,0,0,243,102,141,52,17,35,68,31,37,11,5,6
207403,13,Education,263,60,203,14,4,10,4,0,4,6,4,2,5,2,3,0,0,0,207,40,167,25,9,16,0,0,0,2,1,1
207403,26,Biological Sciences/LifeSciences,142,61,81,11,5,6,2,2,0,8,4,4,6,1,5,0,0,0,85,40,45,22,6,16,1,0,1,7,3,4
207403,27,Mathematics,14,7,7,1,0,1,0,0,0,0,0,0,0,0,0,0,0,0,11,7,4,2,0,2,0,0,0,0,0,0
207403,40,Physical Sciences,14,13,1,0,0,0,0,0,0,0,0,0,0,0,0,0,0,0,11,10,1,1,1,0,1,1,0,1,1,0
207403,52,Business Management and Administrative Services,227,140,87,16,8,8,2,0,2,14,12,2,7,4,3,0,0,0,138,87,51,28,13,15,4,3,1,18,13,5
207458,13,Education,244,72,172,0,0,0,2,0,2,6,1,5,23,8,15,0,0,0,183,52,131,23,10,13,1,0,1,6,1,5
207458,26,Biological Sciences/LifeSciences,75,20,55,5,0,5,1,0,1,2,0,2,17,7,10,0,0,0,40,9,31,7,3,4,0,0,0,3,1,2
207458,27,Mathematics,5,4,1,0,0,0,0,0,0,0,0,0,1,0,1,0,0,0,3,3,0,0,0,0,0,0,0,1,1,0
207458,40,Physical Sciences,15,11,4,1,1,0,1,0,1,1,0,1,0,0,0,0,0,0,7,6,1,3,3,0,0,0,0,2,1,1
207458,52,Business Management and Administrative Services,190,124,66,6,3,3,9,1,8,5,4,1,19,10,9,0,0,0,92,57,35,15,13,2,1,1,0,43,35,8
207500,13,Education,1080,199,881,50,3,47,25,4,21,23,11,12,101,33,68,0,0,0,771,131,640,97,17,80,12,0,12,1,0,1
207500,14,Engineering,3689,2846,843,124,96,28,302,221,81,170,133,37,319,242,77,2,1,1,2052,1619,433,234,168,66,96,79,17,390,287,103
207500,26,Biological Sciences/LifeSciences,1666,691,975,65,28,37,286,127,159,105,38,67,166,60,106,2,0,2,853,372,481,125,49,76,27,6,21,37,11,26
207500,27,Mathematics,207,139,68,2,1,1,17,11,6,6,4,2,13,11,2,0,0,0,124,86,38,18,9,9,6,2,4,21,15,6
207500,40,Physical Sciences,860,504,356,38,23,15,69,31,38,19,7,12,65,52,13,0,0,0,558,327,231,50,24,26,22,14,8,39,26,13
207500,52,Business Management and Administrative Services,4626,2832,1794,140,85,55,180,99,81,174,112,62,435,256,179,4,2,2,2975,1859,1116,337,205,132,90,56,34,291,158,133
207564,13,Education,132,36,96,21,7,14,0,0,0,5,1,4,10,6,4,0,0,0,31,8,23,62,12,50,3,2,1,0,0,0
207564,52,Business Management and Administrative Services,104,37,67,18,8,10,1,1,0,2,1,1,7,1,6,0,0,0,25,9,16,44,14,30,6,3,3,1,0,1
207582,13,Education,177,19,158,7,0,7,4,0,4,22,4,18,21,1,20,0,0,0,99,10,89,8,1,7,10,3,7,6,0,6
207582,14,Engineering,171,134,37,2,1,1,2,2,0,24,13,11,16,12,4,0,0,0,88,75,13,8,8,0,11,9,2,20,14,6
207582,26,Biological Sciences/LifeSciences,198,68,130,4,3,1,8,3,5,27,7,20,29,6,23,0,0,0,87,35,52,18,6,12,8,2,6,17,6,11
207582,27,Mathematics,15,6,9,0,0,0,0,0,0,2,1,1,0,0,0,0,0,0,8,4,4,2,0,2,2,1,1,1,0,1
207582,40,Physical Sciences,5,1,4,0,0,0,0,0,0,1,1,0,0,0,0,0,0,0,0,0,0,1,0,1,2,0,2,1,0,1
207582,52,Business Management and Administrative Services,587,325,262,14,7,7,16,8,8,89,45,44,47,22,25,0,0,0,285,165,120,24,11,13,43,26,17,69,41,28
207661,13,Education,99,17,82,12,0,12,0,0,0,4,1,3,2,0,2,0,0,0,57,14,43,23,2,21,0,0,0,1,0,1
207661,26,Biological Sciences/LifeSciences,379,137,242,50,20,30,8,2,6,11,3,8,15,5,10,1,0,1,210,69,141,75,33,42,4,2,2,5,3,2
207661,40,Physical Sciences,35,26,9,4,3,1,3,2,1,0,0,0,2,2,0,0,0,0,20,15,5,5,3,2,0,0,0,1,1,0
207661,52,Business Management and Administrative Services,847,388,459,82,31,51,18,7,11,16,11,5,37,24,13,1,1,0,484,224,260,176,72,104,3,2,1,30,16,14
207689,13,Education,46,5,41,6,1,5,0,0,0,1,0,1,4,0,4,0,0,0,31,3,28,2,1,1,2,0,2,0,0,0
207689,26,Biological Sciences/LifeSciences,54,18,36,4,1,3,1,1,0,2,0,2,5,3,2,0,0,0,32,10,22,7,3,4,1,0,1,2,0,2
207689,27,Mathematics,4,3,1,0,0,0,0,0,0,0,0,0,0,0,0,0,0,0,3,2,1,1,1,0,0,0,0,0,0,0
207689,52,Business Management and Administrative Services,134,75,59,20,10,10,1,0,1,5,4,1,18,13,5,1,0,1,65,34,31,12,5,7,3,2,1,9,7,2
207722,13,Education,115,2,113,12,0,12,0,0,0,2,0,2,12,1,11,0,0,0,74,0,74,15,1,14,0,0,0,0,0,0
207722,26,Biological Sciences/LifeSciences,91,25,66,12,2,10,2,0,2,4,0,4,10,6,4,0,0,0,50,13,37,6,2,4,0,0,0,7,2,5
207722,27,Mathematics,11,6,5,1,1,0,0,0,0,2,2,0,0,0,0,0,0,0,6,2,4,0,0,0,0,0,0,2,1,1
207722,40,Physical Sciences,22,12,10,2,1,1,0,0,0,0,0,0,3,3,0,0,0,0,12,4,8,3,2,1,0,0,0,2,2,0
207722,52,Business Management and Administrative Services,109,68,41,6,2,4,3,3,0,5,3,2,13,9,4,0,0,0,45,20,25,8,4,4,0,0,0,29,27,2
207847,13,Education,448,119,329,104,29,75,1,0,1,24,16,8,22,8,14,1,0,1,247,53,194,43,10,33,0,0,0,6,3,3
207847,26,Biological Sciences/LifeSciences,221,57,164,59,15,44,0,0,0,7,1,6,16,5,11,0,0,0,115,29,86,19,6,13,0,0,0,5,1,4
207847,27,Mathematics,13,9,4,3,2,1,0,0,0,0,0,0,0,0,0,0,0,0,8,5,3,1,1,0,0,0,0,1,1,0
207847,40,Physical Sciences,103,47,56,38,16,22,1,1,0,3,2,1,8,3,5,2,1,1,42,20,22,6,2,4,0,0,0,3,2,1
207847,52,Business Management and Administrative Services,448,196,252,104,36,68,2,0,2,23,20,3,30,10,20,0,0,0,237,97,140,21,11,10,0,0,0,31,22,9
207856,13,Education,54,28,26,0,0,0,1,1,0,8,5,3,6,4,2,0,0,0,32,14,18,2,2,0,3,0,3,2,2,0
207856,52,Business Management and Administrative Services,299,158,141,6,2,4,5,3,2,84,43,41,29,15,14,1,0,1,132,68,64,4,2,2,15,6,9,23,19,4
207865,13,Education,535,175,360,14,4,10,2,1,1,11,8,3,47,20,27,0,0,0,399,120,279,51,21,30,6,1,5,5,0,5
207865,14,Engineering,51,42,9,0,0,0,0,0,0,1,0,1,5,4,1,0,0,0,36,30,6,1,1,0,2,2,0,6,5,1
207865,26,Biological Sciences/LifeSciences,179,63,116,4,1,3,5,2,3,6,2,4,8,4,4,0,0,0,124,44,80,16,5,11,4,3,1,12,2,10
207865,27,Mathematics,15,11,4,0,0,0,1,0,1,1,1,0,0,0,0,0,0,0,9,7,2,1,1,0,1,0,1,2,2,0
207865,40,Physical Sciences,38,18,20,1,1,0,3,1,2,1,1,0,3,1,2,0,0,0,25,12,13,2,1,1,2,0,2,1,1,0
207865,52,Business Management and Administrative Services,508,292,216,13,9,4,7,2,5,21,19,2,42,23,19,1,1,0,314,156,158,27,15,12,7,3,4,76,64,12
207971,13,Education,57,15,42,1,0,1,1,1,0,1,0,1,4,1,3,0,0,0,43,12,31,2,0,2,2,0,2,3,1,2
207971,14,Engineering,990,775,215,15,12,3,49,35,14,26,20,6,53,37,16,1,0,1,411,310,101,3,3,0,15,8,7,417,350,67
207971,26,Biological Sciences/LifeSciences,206,70,136,8,1,7,22,9,13,12,3,9,10,3,7,0,0,0,138,47,91,1,0,1,2,1,1,13,6,7
207971,27,Mathematics,68,40,28,1,0,1,3,1,2,1,0,1,3,1,2,0,0,0,38,21,17,1,0,1,3,3,0,18,14,4
207971,40,Physical Sciences,100,58,42,2,1,1,4,1,3,0,0,0,4,2,2,0,0,0,60,29,31,0,0,0,1,1,0,29,24,5
207971,52,Business Management and Administrative Services,697,405,292,18,11,7,31,14,17,37,26,11,31,17,14,1,0,1,369,212,157,4,1,3,9,8,1,197,116,81
208239,52,Business Management and Administrative Services,46,3,43,0,0,0,4,0,4,0,0,0,8,0,8,1,0,1,13,1,12,0,0,0,18,2,16,2,0,2
208488,13,Education,173,40,133,2,0,2,2,1,1,15,6,9,3,0,3,2,0,2,119,28,91,15,5,10,14,0,14,1,0,1
208488,26,Biological Sciences/LifeSciences,95,35,60,0,0,0,5,2,3,2,0,2,8,3,5,2,1,1,57,21,36,8,4,4,11,3,8,2,1,1
208488,40,Physical Sciences,7,4,3,0,0,0,1,0,1,1,0,1,0,0,0,0,0,0,2,2,0,1,1,0,1,1,0,1,0,1
208488,52,Business Management and Administrative Services,191,115,76,0,0,0,10,5,5,9,7,2,5,4,1,1,0,1,124,69,55,14,10,4,14,11,3,14,9,5
208646,13,Education,283,40,243,5,0,5,6,2,4,6,3,3,23,3,20,4,1,3,216,31,185,8,0,8,13,0,13,2,0,2
208646,26,Biological Sciences/LifeSciences,127,48,79,1,0,1,4,4,0,0,0,0,10,6,4,1,1,0,101,34,67,7,2,5,1,0,1,2,1,1
208646,27,Mathematics,31,17,14,0,0,0,1,1,0,0,0,0,2,2,0,0,0,0,26,13,13,1,1,0,0,0,0,1,0,1
208646,40,Physical Sciences,37,15,22,0,0,0,0,0,0,0,0,0,5,0,5,1,1,0,26,13,13,2,0,2,1,1,0,2,0,2
208646,52,Business Management and Administrative Services,653,280,373,17,6,11,18,8,10,13,6,7,50,27,23,12,7,5,465,182,283,26,17,9,33,18,15,19,9,10
208822,13,Education,159,21,138,4,1,3,5,1,4,0,0,0,14,4,10,1,0,1,120,13,107,12,1,11,2,0,2,1,1,0
208822,14,Engineering,297,251,46,0,0,0,22,15,7,5,3,2,32,25,7,1,1,0,208,180,28,21,20,1,3,3,0,5,4,1
208822,26,Biological Sciences/LifeSciences,177,73,104,1,0,1,12,4,8,2,0,2,24,4,20,1,1,0,119,56,63,15,6,9,1,1,0,2,1,1
208822,27,Mathematics,26,15,11,0,0,0,0,0,0,0,0,0,2,2,0,0,0,0,22,12,10,2,1,1,0,0,0,0,0,0
208822,40,Physical Sciences,13,5,8,0,0,0,2,0,2,0,0,0,1,0,1,0,0,0,8,5,3,1,0,1,0,0,0,1,0,1
208822,52,Business Management and Administrative Services,527,305,222,5,3,2,18,11,7,9,8,1,63,36,27,1,1,0,333,198,135,31,17,14,22,7,15,45,24,21
209056,26,Biological Sciences/LifeSciences,137,37,100,0,0,0,14,4,10,4,2,2,11,3,8,0,0,0,97,25,72,5,2,3,2,0,2,4,1,3
209056,27,Mathematics,40,16,24,0,0,0,2,1,1,0,0,0,7,3,4,0,0,0,23,9,14,1,0,1,2,1,1,5,2,3
209056,40,Physical Sciences,57,28,29,1,0,1,3,1,2,0,0,0,4,2,2,0,0,0,38,20,18,3,1,2,5,2,3,3,2,1
209065,13,Education,74,11,63,2,0,2,4,0,4,5,2,3,7,1,6,0,0,0,38,5,33,15,3,12,3,0,3,0,0,0
209065,14,Engineering,11,10,1,0,0,0,0,0,0,0,0,0,1,1,0,0,0,0,7,6,1,1,1,0,1,1,0,1,1,0
209065,26,Biological Sciences/LifeSciences,77,31,46,1,1,0,5,2,3,1,1,0,13,3,10,0,0,0,42,19,23,11,5,6,1,0,1,3,0,3
209065,27,Mathematics,28,13,15,0,0,0,1,0,1,0,0,0,1,0,1,0,0,0,18,8,10,5,2,3,0,0,0,3,3,0
209065,40,Physical Sciences,16,10,6,0,0,0,0,0,0,0,0,0,0,0,0,0,0,0,13,8,5,2,1,1,0,0,0,1,1,0
209065,52,Business Management and Administrative Services,169,107,62,4,0,4,3,3,0,5,5,0,16,8,8,2,2,0,103,68,35,21,15,6,6,3,3,9,3,6
209108,52,Business Management and Administrative Services,82,40,42,0,0,0,2,0,2,5,3,2,5,3,2,0,0,0,56,28,28,3,2,1,8,3,5,3,1,2
209287,13,Education,17,3,14,0,0,0,1,1,0,0,0,0,1,1,0,0,0,0,14,1,13,1,0,1,0,0,0,0,0,0
209287,26,Biological Sciences/LifeSciences,12,7,5,2,2,0,0,0,0,0,0,0,1,1,0,1,0,1,5,2,3,3,2,1,0,0,0,0,0,0
209287,52,Business Management and Administrative Services,17,12,5,0,0,0,0,0,0,1,1,0,4,4,0,0,0,0,8,4,4,2,1,1,2,2,0,0,0,0
209409,13,Education,85,17,68,3,0,3,4,0,4,1,0,1,7,1,6,0,0,0,66,15,51,3,0,3,0,0,0,1,1,0
209409,26,Biological Sciences/LifeSciences,75,27,48,3,1,2,2,0,2,6,3,3,6,3,3,1,0,1,52,18,34,5,2,3,0,0,0,0,0,0
209409,27,Mathematics,4,3,1,0,0,0,0,0,0,0,0,0,0,0,0,0,0,0,4,3,1,0,0,0,0,0,0,0,0,0
209409,52,Business Management and Administrative Services,147,84,63,7,4,3,4,2,2,5,4,1,14,11,3,5,3,2,103,57,46,6,3,3,3,0,3,0,0,0
209506,14,Engineering,784,684,100,3,2,1,55,39,16,13,12,1,59,51,8,6,6,0,542,481,61,44,37,7,29,25,4,33,31,2
209506,26,Biological Sciences/LifeSciences,150,57,93,3,0,3,11,4,7,3,2,1,20,8,12,2,1,1,94,35,59,16,6,10,1,1,0,0,0,0
209506,27,Mathematics,33,27,6,0,0,0,0,0,0,0,0,0,5,5,0,0,0,0,24,19,5,1,1,0,1,1,0,2,1,1
209506,52,Business Management and Administrative Services,207,137,70,3,2,1,6,4,2,4,2,2,30,20,10,1,1,0,144,92,52,6,4,2,9,8,1,4,4,0
209542,13,Education,453,109,344,2,0,2,17,6,11,2,1,1,48,10,38,1,0,1,345,84,261,31,6,25,2,0,2,5,2,3
209542,14,Engineering,5200,4208,992,21,17,4,405,303,102,49,40,9,370,271,99,13,7,6,3181,2590,591,341,280,61,99,83,16,721,617,104
209542,26,Biological Sciences/LifeSciences,1795,659,1136,10,5,5,221,92,129,23,8,15,191,72,119,2,1,1,1135,400,735,144,49,95,26,14,12,43,18,25
209542,27,Mathematics,229,158,71,0,0,0,10,5,5,2,2,0,19,14,5,2,1,1,157,111,46,15,8,7,3,3,0,21,14,7
209542,40,Physical Sciences,561,369,192,1,1,0,37,21,16,5,4,1,53,34,19,1,1,0,381,255,126,45,27,18,10,5,5,28,21,7
209542,52,Business Management and Administrative Services,3084,1913,1171,12,6,6,161,90,71,29,20,9,240,162,78,9,6,3,1792,1120,672,173,107,66,35,20,15,633,382,251
209551,13,Education,440,57,383,5,1,4,21,1,20,3,0,3,52,8,44,0,0,0,251,27,224,27,6,21,3,0,3,78,14,64
209551,14,Engineering,37,27,10,0,0,0,0,0,0,2,2,0,3,1,2,0,0,0,20,13,7,2,2,0,0,0,0,10,9,1
209551,26,Biological Sciences/LifeSciences,2208,854,1354,9,3,6,198,77,121,48,19,29,305,109,196,10,7,3,1302,499,803,214,79,135,31,11,20,91,50,41
209551,27,Mathematics,211,113,98,1,1,0,8,4,4,0,0,0,12,3,9,1,1,0,87,49,38,8,4,4,2,0,2,92,51,41
209551,40,Physical Sciences,402,264,138,3,2,1,20,10,10,3,2,1,27,15,12,1,0,1,274,185,89,24,11,13,7,3,4,43,36,7
209551,52,Business Management and Administrative Services,3423,2195,1228,9,8,1,245,131,114,51,35,16,290,179,111,16,7,9,1826,1256,570,196,101,95,36,25,11,754,453,301
209612,13,Education,66,13,53,0,0,0,5,2,3,2,1,1,23,4,19,0,0,0,21,4,17,7,0,7,7,2,5,1,0,1
209612,26,Biological Sciences/LifeSciences,95,33,62,0,0,0,25,6,19,2,0,2,9,3,6,0,0,0,47,20,27,8,1,7,2,2,0,2,1,1
209612,27,Mathematics,9,2,7,0,0,0,0,0,0,0,0,0,0,0,0,0,0,0,8,2,6,1,0,1,0,0,0,0,0,0
209612,40,Physical Sciences,53,30,23,0,0,0,12,6,6,1,1,0,3,0,3,1,1,0,28,17,11,6,4,2,0,0,0,2,1,1
209612,52,Business Management and Administrative Services,106,64,42,0,0,0,12,4,8,3,3,0,16,11,5,4,1,3,51,31,20,10,9,1,4,4,0,6,1,5
209807,13,Education,7,3,4,0,0,0,0,0,0,0,0,0,1,0,1,0,0,0,6,3,3,0,0,0,0,0,0,0,0,0
209807,14,Engineering,1465,1213,252,15,11,4,130,100,30,43,34,9,153,123,30,14,12,2,736,628,108,70,44,26,65,50,15,239,211,28
209807,26,Biological Sciences/LifeSciences,1240,488,752,18,5,13,168,73,95,41,17,24,161,59,102,11,3,8,686,269,417,74,30,44,48,19,29,33,13,20
209807,27,Mathematics,251,166,85,2,1,1,21,12,9,3,2,1,34,20,14,1,1,0,152,103,49,15,12,3,11,8,3,12,7,5
209807,40,Physical Sciences,360,212,148,4,3,1,28,17,11,2,1,1,31,16,15,1,1,0,228,133,95,25,12,13,17,12,5,24,17,7
209807,52,Business Management and Administrative Services,3675,1970,1705,31,15,16,437,224,213,118,67,51,478,238,240,24,12,12,1845,1004,841,193,100,93,113,65,48,436,245,191
209825,13,Education,159,23,136,0,0,0,13,3,10,2,0,2,15,2,13,4,2,2,102,14,88,16,2,14,3,0,3,4,0,4
209825,14,Engineering,714,513,201,2,2,0,115,77,38,3,3,0,61,37,24,18,14,4,406,295,111,69,54,15,19,16,3,21,15,6
209825,26,Biological Sciences/LifeSciences,461,165,296,2,2,0,86,36,50,10,5,5,66,19,47,10,0,10,228,85,143,44,13,31,8,3,5,7,2,5
209825,27,Mathematics,34,16,18,0,0,0,3,2,1,0,0,0,3,2,1,1,1,0,25,9,16,2,2,0,0,0,0,0,0,0
209825,40,Physical Sciences,125,59,66,0,0,0,21,11,10,0,0,0,14,7,7,3,1,2,72,36,36,11,3,8,3,1,2,1,0,1
209825,52,Business Management and Administrative Services,693,397,296,1,1,0,77,41,36,10,9,1,78,47,31,11,4,7,406,232,174,58,36,22,12,7,5,40,20,20
209922,26,Biological Sciences/LifeSciences,164,52,112,0,0,0,16,4,12,8,2,6,20,4,16,2,0,2,92,31,61,12,5,7,4,2,2,10,4,6
209922,27,Mathematics,104,67,37,0,0,0,9,8,1,1,1,0,5,4,1,1,0,1,60,40,20,9,4,5,6,3,3,13,7,6
209922,40,Physical Sciences,146,105,41,1,1,0,10,8,2,1,1,0,19,14,5,0,0,0,77,54,23,10,5,5,3,2,1,25,20,5
210076,52,Business Management and Administrative Services,45,13,32,1,1,0,2,0,2,1,0,1,10,4,6,0,0,0,27,8,19,0,0,0,4,0,4,0,0,0
210146,13,Education,330,46,284,3,0,3,6,0,6,2,0,2,38,7,31,1,1,0,208,29,179,26,2,24,43,6,37,3,1,2
210146,26,Biological Sciences/LifeSciences,158,51,107,1,0,1,4,1,3,0,0,0,13,3,10,0,0,0,102,36,66,20,4,16,17,6,11,1,1,0
210146,27,Mathematics,46,28,18,1,1,0,0,0,0,5,3,2,3,1,2,0,0,0,30,19,11,3,1,2,4,3,1,0,0,0
210146,40,Physical Sciences,92,42,50,0,0,0,5,2,3,4,1,3,7,4,3,0,0,0,59,26,33,8,2,6,5,3,2,4,4,0
210146,52,Business Management and Administrative Services,724,366,358,10,3,7,12,6,6,18,13,5,70,36,34,3,1,2,407,193,214,67,36,31,83,38,45,54,40,14
210304,13,Education,30,1,29,0,0,0,1,0,1,1,0,1,11,1,10,0,0,0,14,0,14,3,0,3,0,0,0,0,0,0
210304,26,Biological Sciences/LifeSciences,133,68,65,2,2,0,8,4,4,11,5,6,44,22,22,1,0,1,49,24,25,15,9,6,2,1,1,1,1,0
210304,40,Physical Sciences,3,2,1,0,0,0,0,0,0,0,0,0,1,1,0,0,0,0,2,1,1,0,0,0,0,0,0,0,0,0
210304,52,Business Management and Administrative Services,82,57,25,0,0,0,1,1,0,8,6,2,37,23,14,1,1,0,20,11,9,3,3,0,10,10,0,2,2,0
210331,13,Education,176,32,144,2,0,2,7,3,4,1,0,1,7,2,5,0,0,0,140,21,119,11,4,7,7,2,5,1,0,1
210331,27,Mathematics,12,8,4,0,0,0,0,0,0,0,0,0,0,0,0,0,0,0,10,6,4,1,1,0,0,0,0,1,1,0
210331,52,Business Management and Administrative Services,192,109,83,2,1,1,4,2,2,2,1,1,4,2,2,2,0,2,149,88,61,10,5,5,8,6,2,11,4,7
210401,26,Biological Sciences/LifeSciences,94,26,68,0,0,0,8,0,8,1,0,1,11,0,11,0,0,0,64,20,44,7,4,3,1,0,1,2,2,0
210401,27,Mathematics,36,17,19,1,1,0,3,1,2,1,0,1,4,1,3,0,0,0,19,10,9,4,2,2,2,1,1,2,1,1
210401,40,Physical Sciences,100,51,49,0,0,0,11,6,5,1,1,0,15,6,9,0,0,0,62,32,30,8,4,4,2,2,0,1,0,1
210429,13,Education,856,206,650,9,3,6,30,6,24,15,6,9,137,35,102,8,2,6,604,143,461,1,0,1,40,5,35,12,6,6
210429,26,Biological Sciences/LifeSciences,147,35,112,0,0,0,9,1,8,5,3,2,16,2,14,3,1,2,109,27,82,0,0,0,2,0,2,3,1,2
210429,27,Mathematics,23,13,10,0,0,0,1,0,1,0,0,0,4,3,1,0,0,0,16,9,7,0,0,0,0,0,0,2,1,1
210429,40,Physical Sciences,99,48,51,2,0,2,4,1,3,3,1,2,10,7,3,3,1,2,67,30,37,0,0,0,2,1,1,8,7,1
210429,52,Business Management and Administrative Services,560,354,206,8,6,2,39,24,15,31,26,5,71,41,30,30,15,15,293,183,110,1,1,0,23,18,5,64,40,24
210492,13,Education,6,3,3,0,0,0,0,0,0,2,1,1,0,0,0,0,0,0,4,2,2,0,0,0,0,0,0,0,0,0
210492,26,Biological Sciences/LifeSciences,36,21,15,0,0,0,1,0,1,6,3,3,4,2,2,1,1,0,23,14,9,0,0,0,0,0,0,1,1,0
210492,52,Business Management and Administrative Services,28,24,4,0,0,0,0,0,0,5,5,0,2,1,1,0,0,0,19,16,3,0,0,0,0,0,0,2,2,0
210571,13,Education,7,0,7,0,0,0,0,0,0,1,0,1,1,0,1,0,0,0,4,0,4,1,0,1,0,0,0,0,0,0
210571,26,Biological Sciences/LifeSciences,231,75,156,1,0,1,9,2,7,64,20,44,28,8,20,0,0,0,119,41,78,6,2,4,2,1,1,2,1,1
210571,27,Mathematics,23,12,11,0,0,0,0,0,0,1,1,0,2,1,1,0,0,0,15,6,9,1,1,0,1,0,1,3,3,0
210571,40,Physical Sciences,24,13,11,0,0,0,1,1,0,8,3,5,3,2,1,0,0,0,11,6,5,0,0,0,1,1,0,0,0,0
210571,52,Business Management and Administrative Services,465,273,192,4,3,1,12,4,8,80,59,21,27,18,9,0,0,0,199,126,73,8,4,4,128,55,73,7,4,3
210669,14,Engineering,7,7,0,0,0,0,0,0,0,0,0,0,1,1,0,0,0,0,5,5,0,0,0,0,1,1,0,0,0,0
210669,26,Biological Sciences/LifeSciences,204,69,135,0,0,0,8,2,6,6,2,4,9,5,4,0,0,0,169,57,112,7,2,5,1,0,1,4,1,3
210669,27,Mathematics,32,20,12,0,0,0,0,0,0,0,0,0,3,3,0,0,0,0,25,14,11,2,2,0,1,1,0,1,0,1
210669,40,Physical Sciences,68,47,21,0,0,0,2,1,1,1,0,1,4,4,0,0,0,0,61,42,19,0,0,0,0,0,0,0,0,0
210739,13,Education,56,4,52,0,0,0,0,0,0,1,1,0,10,1,9,0,0,0,41,2,39,0,0,0,1,0,1,3,0,3
210739,26,Biological Sciences/LifeSciences,148,55,93,0,0,0,5,0,5,5,3,2,26,8,18,0,0,0,99,39,60,10,5,5,2,0,2,1,0,1
210739,27,Mathematics,17,9,8,0,0,0,2,0,2,0,0,0,0,0,0,0,0,0,13,9,4,1,0,1,1,0,1,0,0,0
210739,40,Physical Sciences,17,8,9,0,0,0,0,0,0,0,0,0,2,1,1,0,0,0,15,7,8,0,0,0,0,0,0,0,0,0
210739,52,Business Management and Administrative Services,506,286,220,0,0,0,6,4,2,22,13,9,62,29,33,0,0,0,346,210,136,15,12,3,53,17,36,2,1,1
210775,13,Education,78,13,65,0,0,0,2,0,2,1,0,1,3,1,2,0,0,0,64,12,52,1,0,1,7,0,7,0,0,0
210775,26,Biological Sciences/LifeSciences,74,29,45,0,0,0,5,4,1,10,4,6,7,4,3,0,0,0,45,14,31,1,0,1,5,2,3,1,1,0
210775,27,Mathematics,4,3,1,0,0,0,0,0,0,0,0,0,0,0,0,0,0,0,4,3,1,0,0,0,0,0,0,0,0,0
210775,40,Physical Sciences,8,2,6,0,0,0,0,0,0,1,0,1,2,0,2,0,0,0,4,2,2,1,0,1,0,0,0,0,0,0
210775,52,Business Management and Administrative Services,290,132,158,1,1,0,5,3,2,17,9,8,39,11,28,0,0,0,203,96,107,2,2,0,20,8,12,3,2,1
210809,52,Business Management and Administrative Services,9958,6862,3096,26,14,12,201,119,82,325,176,149,135,98,37,8,4,4,3764,2668,1096,26,17,9,5473,3766,1707,0,0,0
210906,52,Business Management and Administrative Services,15,0,15,0,0,0,0,0,0,6,0,6,3,0,3,1,0,1,5,0,5,0,0,0,0,0,0,0,0,0
210942,52,Business Management and Administrative Services,98,12,86,0,0,0,2,0,2,31,4,27,11,0,11,0,0,0,23,1,22,0,0,0,31,7,24,0,0,0
210960,52,Business Management and Administrative Services,36,8,28,0,0,0,0,0,0,14,5,9,2,0,2,0,0,0,17,3,14,0,0,0,2,0,2,1,0,1
211024,13,Education,98,26,72,0,0,0,1,0,1,6,4,2,5,3,2,0,0,0,84,19,65,1,0,1,1,0,1,0,0,0
211024,27,Mathematics,2,1,1,0,0,0,0,0,0,0,0,0,1,1,0,0,0,0,1,0,1,0,0,0,0,0,0,0,0,0
211024,52,Business Management and Administrative Services,31,15,16,0,0,0,0,0,0,1,1,0,2,0,2,0,0,0,27,13,14,1,1,0,0,0,0,0,0,0
211088,13,Education,85,8,77,0,0,0,3,0,3,5,3,2,2,0,2,0,0,0,70,4,66,4,1,3,1,0,1,0,0,0
211088,26,Biological Sciences/LifeSciences,421,113,308,0,0,0,31,4,27,26,5,21,26,8,18,0,0,0,307,88,219,13,3,10,15,4,11,3,1,2
211088,27,Mathematics,103,61,42,1,1,0,5,4,1,6,2,4,11,7,4,0,0,0,56,28,28,2,2,0,1,1,0,21,16,5
211088,40,Physical Sciences,126,42,84,0,0,0,10,4,6,2,0,2,10,2,8,0,0,0,94,34,60,6,2,4,2,0,2,2,0,2
211088,52,Business Management and Administrative Services,373,174,199,0,0,0,20,6,14,39,18,21,30,14,16,1,1,0,238,115,123,16,7,9,8,5,3,21,8,13
211158,13,Education,653,65,588,1,0,1,2,0,2,23,3,20,24,2,22,0,0,0,592,60,532,8,0,8,3,0,3,0,0,0
211158,14,Engineering,52,49,3,1,1,0,0,0,0,6,5,1,3,3,0,0,0,0,38,36,2,1,1,0,0,0,0,3,3,0
211158,26,Biological Sciences/LifeSciences,199,83,116,1,0,1,4,3,1,10,4,6,19,7,12,0,0,0,158,68,90,5,1,4,1,0,1,1,0,1
211158,27,Mathematics,86,53,33,0,0,0,1,1,0,1,1,0,4,2,2,0,0,0,75,45,30,2,2,0,1,0,1,2,2,0
211158,40,Physical Sciences,287,177,110,1,1,0,4,2,2,9,3,6,8,5,3,0,0,0,254,158,96,5,3,2,5,4,1,1,1,0
211158,52,Business Management and Administrative Services,1780,1185,595,4,3,1,20,15,5,113,79,34,85,47,38,3,3,0,1473,978,495,47,34,13,26,17,9,9,9,0
211273,26,Biological Sciences/LifeSciences,71,0,71,0,0,0,12,0,12,7,0,7,9,0,9,0,0,0,28,0,28,3,0,3,6,0,6,6,0,6
211273,27,Mathematics,77,0,77,0,0,0,11,0,11,1,0,1,3,0,3,0,0,0,11,0,11,2,0,2,3,0,3,46,0,46
211273,40,Physical Sciences,59,0,59,1,0,1,6,0,6,0,0,0,3,0,3,0,0,0,19,0,19,5,0,5,7,0,7,18,0,18
211291,13,Education,69,7,62,0,0,0,2,0,2,4,0,4,3,0,3,0,0,0,59,7,52,1,0,1,0,0,0,0,0,0
211291,14,Engineering,714,490,224,0,0,0,32,25,7,22,14,8,45,33,12,0,0,0,499,338,161,29,18,11,3,1,2,84,61,23
211291,26,Biological Sciences/LifeSciences,401,138,263,0,0,0,27,8,19,9,3,6,25,7,18,0,0,0,310,108,202,19,6,13,0,0,0,11,6,5
211291,27,Mathematics,68,33,35,0,0,0,6,1,5,3,2,1,3,2,1,0,0,0,38,20,18,1,1,0,1,0,1,16,7,9
211291,40,Physical Sciences,102,51,51,0,0,0,2,1,1,3,2,1,5,3,2,0,0,0,80,36,44,2,2,0,0,0,0,10,7,3
211291,52,Business Management and Administrative Services,510,255,255,1,1,0,36,14,22,15,9,6,30,14,16,0,0,0,395,200,195,9,5,4,0,0,0,24,12,12
211352,13,Education,176,13,163,0,0,0,0,0,0,15,2,13,15,0,15,0,0,0,133,11,122,5,0,5,8,0,8,0,0,0
211352,26,Biological Sciences/LifeSciences,124,31,93,1,0,1,4,2,2,39,10,29,20,5,15,0,0,0,53,14,39,2,0,2,4,0,4,1,0,1
211352,27,Mathematics,12,5,7,0,0,0,2,1,1,0,0,0,0,0,0,0,0,0,9,3,6,1,1,0,0,0,0,0,0,0
211352,40,Physical Sciences,20,7,13,0,0,0,0,0,0,3,0,3,2,0,2,0,0,0,12,7,5,2,0,2,0,0,0,1,0,1
211352,52,Business Management and Administrative Services,351,204,147,0,0,0,7,3,4,66,35,31,31,14,17,0,0,0,212,134,78,13,6,7,20,10,10,2,2,0
211361,13,Education,310,29,281,1,0,1,1,0,1,12,0,12,12,1,11,0,0,0,268,26,242,14,2,12,2,0,2,0,0,0
211361,14,Engineering,101,96,5,0,0,0,1,0,1,5,4,1,2,2,0,0,0,0,86,83,3,2,2,0,2,2,0,3,3,0
211361,26,Biological Sciences/LifeSciences,232,71,161,0,0,0,2,1,1,34,9,25,9,1,8,0,0,0,170,52,118,11,5,6,4,1,3,2,2,0
211361,27,Mathematics,50,24,26,0,0,0,1,1,0,2,2,0,2,1,1,0,0,0,43,20,23,1,0,1,0,0,0,1,0,1
211361,40,Physical Sciences,106,65,41,0,0,0,0,0,0,5,3,2,0,0,0,0,0,0,96,60,36,0,0,0,5,2,3,0,0,0
211361,52,Business Management and Administrative Services,717,416,301,1,1,0,4,3,1,103,58,45,23,14,9,1,1,0,549,323,226,15,8,7,11,5,6,10,3,7
211431,13,Education,104,10,94,1,1,0,1,0,1,8,1,7,0,0,0,1,0,1,80,8,72,6,0,6,7,0,7,0,0,0
211431,26,Biological Sciences/LifeSciences,170,23,147,1,1,0,5,1,4,23,3,20,4,1,3,1,0,1,112,16,96,10,0,10,13,1,12,1,0,1
211431,27,Mathematics,7,1,6,0,0,0,0,0,0,2,0,2,1,0,1,0,0,0,3,0,3,0,0,0,1,1,0,0,0,0
211431,40,Physical Sciences,18,3,15,0,0,0,1,0,1,4,1,3,0,0,0,0,0,0,13,2,11,0,0,0,0,0,0,0,0,0
211431,52,Business Management and Administrative Services,160,46,114,0,0,0,4,2,2,46,8,38,3,2,1,0,0,0,86,29,57,8,2,6,12,3,9,1,0,1
211440,14,Engineering,1653,1060,593,1,1,0,418,229,189,113,86,27,197,149,48,0,0,0,456,316,140,80,51,29,75,39,36,313,189,124
211440,26,Biological Sciences/LifeSciences,253,83,170,0,0,0,92,28,64,21,7,14,17,9,8,0,0,0,72,23,49,14,3,11,12,3,9,25,10,15
211440,27,Mathematics,474,278,196,0,0,0,143,82,61,6,5,1,24,20,4,0,0,0,97,68,29,20,14,6,18,14,4,166,75,91
211440,40,Physical Sciences,400,221,179,0,0,0,124,51,73,10,7,3,35,23,12,1,0,1,136,84,52,13,6,7,12,6,6,69,44,25
211440,52,Business Management and Administrative Services,537,309,228,1,1,0,200,102,98,20,14,6,38,26,12,0,0,0,133,99,34,14,10,4,23,12,11,108,45,63
211468,13,Education,15,0,15,2,0,2,0,0,0,0,0,0,0,0,0,0,0,0,13,0,13,0,0,0,0,0,0,0,0,0
211468,26,Biological Sciences/LifeSciences,65,0,65,0,0,0,2,0,2,9,0,9,5,0,5,0,0,0,48,0,48,0,0,0,0,0,0,1,0,1
211468,27,Mathematics,11,0,11,0,0,0,1,0,1,0,0,0,1,0,1,0,0,0,9,0,9,0,0,0,0,0,0,0,0,0
211468,40,Physical Sciences,10,0,10,0,0,0,0,0,0,0,0,0,2,0,2,0,0,0,8,0,8,0,0,0,0,0,0,0,0,0
211468,52,Business Management and Administrative Services,179,70,109,1,0,1,2,0,2,11,1,10,15,0,15,0,0,0,80,7,73,1,0,1,4,0,4,65,62,3
211477,52,Business Management and Administrative Services,569,200,369,13,2,11,9,3,6,166,80,86,31,8,23,3,2,1,322,92,230,0,0,0,25,13,12,0,0,0
211556,13,Education,20,1,19,0,0,0,2,0,2,1,0,1,0,0,0,0,0,0,15,1,14,0,0,0,2,0,2,0,0,0
211556,26,Biological Sciences/LifeSciences,118,22,96,0,0,0,3,0,3,9,1,8,5,3,2,1,1,0,87,13,74,4,1,3,6,2,4,3,1,2
211556,27,Mathematics,4,1,3,0,0,0,0,0,0,0,0,0,0,0,0,0,0,0,3,1,2,0,0,0,0,0,0,1,0,1
211556,40,Physical Sciences,15,2,13,0,0,0,0,0,0,1,0,1,2,0,2,0,0,0,12,2,10,0,0,0,0,0,0,0,0,0
211556,52,Business Management and Administrative Services,61,21,40,0,0,0,4,0,4,8,2,6,5,4,1,0,0,0,37,13,24,1,1,0,2,1,1,4,0,4
211583,13,Education,131,15,116,0,0,0,3,0,3,45,5,40,8,1,7,0,0,0,63,8,55,5,0,5,5,1,4,2,0,2
211583,26,Biological Sciences/LifeSciences,102,36,66,0,0,0,6,2,4,19,10,9,16,4,12,1,1,0,48,16,32,5,0,5,7,3,4,0,0,0
211583,27,Mathematics,8,6,2,0,0,0,0,0,0,1,1,0,1,1,0,0,0,0,5,4,1,0,0,0,0,0,0,1,0,1
211583,40,Physical Sciences,22,6,16,0,0,0,1,0,1,3,0,3,2,0,2,0,0,0,12,4,8,2,1,1,2,1,1,0,0,0
211583,52,Business Management and Administrative Services,284,146,138,1,0,1,5,4,1,89,29,60,29,14,15,0,0,0,120,78,42,8,2,6,14,6,8,18,13,5
211608,13,Education,28,9,19,0,0,0,0,0,0,25,7,18,1,0,1,0,0,0,1,1,0,1,1,0,0,0,0,0,0,0
211608,26,Biological Sciences/LifeSciences,58,20,38,0,0,0,0,0,0,44,17,27,6,1,5,0,0,0,0,0,0,4,0,4,3,1,2,1,1,0
211608,27,Mathematics,2,1,1,0,0,0,0,0,0,2,1,1,0,0,0,0,0,0,0,0,0,0,0,0,0,0,0,0,0,0
211608,40,Physical Sciences,1,0,1,0,0,0,0,0,0,1,0,1,0,0,0,0,0,0,0,0,0,0,0,0,0,0,0,0,0,0
211608,52,Business Management and Administrative Services,132,77,55,1,1,0,0,0,0,108,66,42,3,2,1,0,0,0,1,0,1,6,1,5,13,7,6,0,0,0
211644,13,Education,349,41,308,0,0,0,3,0,3,7,0,7,9,2,7,0,0,0,324,38,286,4,0,4,2,1,1,0,0,0
211644,26,Biological Sciences/LifeSciences,208,62,146,0,0,0,5,1,4,17,10,7,9,4,5,0,0,0,166,42,124,7,3,4,3,2,1,1,0,1
211644,27,Mathematics,53,27,26,0,0,0,0,0,0,0,0,0,2,1,1,0,0,0,49,24,25,2,2,0,0,0,0,0,0,0
211644,40,Physical Sciences,118,84,34,0,0,0,1,1,0,7,4,3,2,1,1,0,0,0,106,77,29,1,0,1,1,1,0,0,0,0
211644,52,Business Management and Administrative Services,640,314,326,2,2,0,4,2,2,44,25,19,15,8,7,2,1,1,534,254,280,21,10,11,7,6,1,11,6,5
211981,13,Education,45,26,19,0,0,0,0,0,0,0,0,0,7,5,2,0,0,0,35,18,17,1,1,0,2,2,0,0,0,0
211981,26,Biological Sciences/LifeSciences,280,77,203,2,0,2,5,2,3,11,8,3,22,5,17,0,0,0,229,59,170,0,0,0,11,3,8,0,0,0
211981,40,Physical Sciences,20,9,11,0,0,0,1,0,1,2,1,1,0,0,0,0,0,0,15,7,8,0,0,0,2,1,1,0,0,0
211981,52,Business Management and Administrative Services,324,241,83,2,1,1,5,0,5,61,57,4,29,26,3,0,0,0,193,132,61,1,1,0,32,23,9,1,1,0
212009,13,Education,27,6,21,0,0,0,0,0,0,3,2,1,1,0,1,0,0,0,20,4,16,1,0,1,0,0,0,2,0,2
212009,26,Biological Sciences/LifeSciences,187,48,139,0,0,0,4,1,3,12,5,7,9,3,6,0,0,0,138,34,104,10,3,7,5,0,5,9,2,7
212009,27,Mathematics,75,28,47,0,0,0,0,0,0,0,0,0,6,4,2,0,0,0,31,10,21,0,0,0,1,0,1,37,14,23
212009,40,Physical Sciences,79,40,39,0,0,0,2,1,1,4,1,3,2,2,0,0,0,0,57,27,30,0,0,0,3,1,2,11,8,3
212009,52,Business Management and Administrative Services,145,73,72,0,0,0,6,2,4,2,2,0,12,8,4,0,0,0,91,50,41,7,4,3,0,0,0,27,7,20
212054,13,Education,181,41,140,0,0,0,12,1,11,24,1,23,9,2,7,1,0,1,110,30,80,5,1,4,15,6,9,5,0,5
212054,14,Engineering,3900,2991,909,5,3,2,712,505,207,140,94,46,184,140,44,33,20,13,2099,1671,428,108,84,24,60,48,12,559,426,133
212054,26,Biological Sciences/LifeSciences,651,239,412,1,1,0,268,96,172,37,9,28,37,11,26,4,3,1,235,102,133,22,5,17,10,4,6,37,8,29
212054,27,Mathematics,95,59,36,0,0,0,10,6,4,5,4,1,0,0,0,0,0,0,41,22,19,0,0,0,1,0,1,38,27,11
212054,40,Physical Sciences,200,116,84,0,0,0,27,13,14,3,0,3,13,7,6,0,0,0,131,84,47,7,5,2,3,1,2,16,6,10
212054,52,Business Management and Administrative Services,2926,1787,1139,5,3,2,458,238,220,161,85,76,134,81,53,16,7,9,1303,890,413,97,56,41,67,35,32,685,392,293
212106,13,Education,487,96,391,0,0,0,7,1,6,12,3,9,9,0,9,1,0,1,439,86,353,12,4,8,4,0,4,3,2,1
212106,14,Engineering,89,46,43,0,0,0,2,1,1,1,0,1,3,3,0,1,1,0,77,41,36,2,0,2,1,0,1,2,0,2
212106,26,Biological Sciences/LifeSciences,304,105,199,0,0,0,22,10,12,16,6,10,9,3,6,0,0,0,225,79,146,15,2,13,4,1,3,13,4,9
212106,27,Mathematics,30,16,14,0,0,0,1,1,0,2,1,1,0,0,0,0,0,0,25,12,13,1,1,0,0,0,0,1,1,0
212106,40,Physical Sciences,65,35,30,0,0,0,3,1,2,4,2,2,0,0,0,1,0,1,52,30,22,1,1,0,1,0,1,3,1,2
212106,52,Business Management and Administrative Services,1428,849,579,1,1,0,28,12,16,73,51,22,43,19,24,0,0,0,1098,656,442,35,24,11,15,12,3,135,74,61
212115,13,Education,513,133,380,1,0,1,5,1,4,30,8,22,35,8,27,1,1,0,414,109,305,23,6,17,4,0,4,0,0,0
212115,26,Biological Sciences/LifeSciences,631,223,408,1,1,0,23,7,16,93,26,67,91,30,61,0,0,0,375,142,233,36,14,22,10,3,7,2,0,2
212115,27,Mathematics,61,29,32,0,0,0,2,2,0,8,4,4,8,4,4,1,0,1,38,16,22,4,3,1,0,0,0,0,0,0
212115,40,Physical Sciences,116,65,51,0,0,0,4,2,2,15,8,7,12,4,8,2,2,0,73,44,29,8,4,4,1,1,0,1,0,1
212115,52,Business Management and Administrative Services,797,436,361,1,1,0,16,5,11,143,81,62,78,34,44,0,0,0,505,286,219,32,18,14,14,5,9,8,6,2
212133,13,Education,215,13,202,0,0,0,4,0,4,82,3,79,33,2,31,0,0,0,76,6,70,4,1,3,15,1,14,1,0,1
212133,26,Biological Sciences/LifeSciences,50,15,35,0,0,0,5,3,2,8,3,5,2,0,2,0,0,0,31,7,24,0,0,0,1,0,1,3,2,1
212133,27,Mathematics,43,27,16,0,0,0,1,1,0,5,2,3,4,2,2,0,0,0,28,17,11,1,1,0,1,1,0,3,3,0
212133,40,Physical Sciences,4,1,3,0,0,0,0,0,0,0,0,0,0,0,0,0,0,0,3,0,3,0,0,0,1,1,0,0,0,0
212133,52,Business Management and Administrative Services,277,117,160,1,1,0,2,2,0,77,24,53,38,5,33,0,0,0,125,73,52,1,0,1,17,3,14,16,9,7
212160,13,Education,388,35,353,1,0,1,1,0,1,10,1,9,3,0,3,0,0,0,351,33,318,11,0,11,9,0,9,2,1,1
212160,26,Biological Sciences/LifeSciences,238,81,157,0,0,0,4,2,2,15,5,10,7,5,2,0,0,0,188,65,123,12,1,11,3,0,3,9,3,6
212160,27,Mathematics,36,19,17,0,0,0,0,0,0,1,1,0,1,0,1,0,0,0,31,17,14,1,0,1,1,1,0,1,0,1
212160,40,Physical Sciences,154,91,63,0,0,0,2,1,1,1,1,0,1,1,0,1,1,0,136,79,57,2,1,1,4,3,1,7,4,3
212160,52,Business Management and Administrative Services,541,320,221,2,1,1,14,5,9,47,28,19,14,8,6,0,0,0,413,249,164,19,10,9,9,4,5,23,15,8
212197,13,Education,90,4,86,0,0,0,3,0,3,0,0,0,2,0,2,0,0,0,83,4,79,2,0,2,0,0,0,0,0,0
212197,14,Engineering,121,98,23,0,0,0,4,3,1,2,2,0,6,3,3,0,0,0,96,79,17,2,1,1,0,0,0,11,10,1
212197,26,Biological Sciences/LifeSciences,140,43,97,0,0,0,7,2,5,6,1,5,5,3,2,0,0,0,115,35,80,4,1,3,0,0,0,3,1,2
212197,27,Mathematics,50,27,23,0,0,0,1,0,1,0,0,0,1,0,1,0,0,0,48,27,21,0,0,0,0,0,0,0,0,0
212197,40,Physical Sciences,19,10,9,0,0,0,0,0,0,1,0,1,1,1,0,0,0,0,15,7,8,1,1,0,0,0,0,1,1,0
212197,52,Business Management and Administrative Services,201,109,92,0,0,0,1,0,1,4,3,1,5,2,3,0,0,0,174,91,83,1,0,1,0,0,0,16,13,3
212577,26,Biological Sciences/LifeSciences,130,44,86,0,0,0,13,6,7,5,1,4,14,7,7,0,0,0,75,21,54,3,1,2,8,3,5,12,5,7
212577,27,Mathematics,43,27,16,0,0,0,4,1,3,0,0,0,1,1,0,0,0,0,16,11,5,0,0,0,0,0,0,22,14,8
212577,40,Physical Sciences,65,47,18,0,0,0,2,2,0,1,1,0,4,3,1,0,0,0,42,31,11,1,1,0,3,2,1,12,7,5
212577,52,Business Management and Administrative Services,127,74,53,0,0,0,9,3,6,3,3,0,1,1,0,0,0,0,84,54,30,3,1,2,5,2,3,22,10,12
212601,13,Education,63,16,47,0,0,0,1,0,1,1,0,1,1,0,1,0,0,0,56,12,44,1,1,0,2,2,0,1,1,0
212601,14,Engineering,322,265,57,1,0,1,1,1,0,11,7,4,7,5,2,1,0,1,186,147,39,9,8,1,11,8,3,95,89,6
212601,26,Biological Sciences/LifeSciences,206,78,128,0,0,0,11,8,3,6,3,3,9,1,8,1,0,1,159,57,102,10,3,7,3,2,1,7,4,3
212601,27,Mathematics,22,11,11,0,0,0,1,0,1,0,0,0,0,0,0,0,0,0,20,11,9,0,0,0,1,0,1,0,0,0
212601,40,Physical Sciences,39,22,17,0,0,0,0,0,0,1,1,0,2,1,1,1,1,0,30,15,15,3,2,1,0,0,0,2,2,0
212601,52,Business Management and Administrative Services,284,190,94,2,2,0,2,1,1,12,6,6,7,4,3,0,0,0,177,117,60,5,4,1,27,15,12,52,41,11
212656,13,Education,141,27,114,0,0,0,1,0,1,2,1,1,1,0,1,0,0,0,132,26,106,3,0,3,2,0,2,0,0,0
212656,14,Engineering,295,251,44,0,0,0,3,2,1,3,3,0,5,4,1,0,0,0,272,231,41,7,7,0,5,4,1,0,0,0
212656,26,Biological Sciences/LifeSciences,77,25,52,0,0,0,1,0,1,3,2,1,2,0,2,0,0,0,64,21,43,3,2,1,3,0,3,1,0,1
212656,27,Mathematics,6,4,2,0,0,0,0,0,0,0,0,0,0,0,0,0,0,0,6,4,2,0,0,0,0,0,0,0,0,0
212656,40,Physical Sciences,24,15,9,0,0,0,1,1,0,0,0,0,1,0,1,0,0,0,20,13,7,0,0,0,2,1,1,0,0,0
212656,52,Business Management and Administrative Services,276,143,133,1,0,1,3,2,1,35,10,25,5,1,4,1,0,1,218,121,97,5,4,1,7,4,3,1,1,0
212674,13,Education,19,8,11,0,0,0,1,1,0,0,0,0,3,1,2,0,0,0,14,6,8,1,0,1,0,0,0,0,0,0
212674,26,Biological Sciences/LifeSciences,257,83,174,0,0,0,11,2,9,8,2,6,13,4,9,0,0,0,205,67,138,6,3,3,6,1,5,8,4,4
212674,27,Mathematics,70,50,20,0,0,0,2,0,2,0,0,0,5,3,2,0,0,0,41,28,13,2,2,0,1,1,0,19,16,3
212674,40,Physical Sciences,61,41,20,0,0,0,3,1,2,0,0,0,6,4,2,0,0,0,41,28,13,1,1,0,0,0,0,10,7,3
212674,52,Business Management and Administrative Services,112,65,47,0,0,0,1,1,0,4,2,2,2,0,2,0,0,0,97,59,38,3,2,1,4,0,4,1,1,0
212805,13,Education,293,49,244,0,0,0,4,0,4,1,1,0,3,1,2,0,0,0,275,46,229,10,1,9,0,0,0,0,0,0
212805,14,Engineering,306,264,42,0,0,0,4,3,1,0,0,0,2,2,0,0,0,0,291,252,39,9,7,2,0,0,0,0,0,0
212805,26,Biological Sciences/LifeSciences,241,94,147,1,1,0,5,3,2,1,0,1,5,1,4,0,0,0,220,88,132,7,1,6,0,0,0,2,0,2
212805,27,Mathematics,47,20,27,0,0,0,2,1,1,0,0,0,1,1,0,0,0,0,42,16,26,2,2,0,0,0,0,0,0,0
212805,40,Physical Sciences,53,33,20,0,0,0,0,0,0,0,0,0,0,0,0,0,0,0,50,33,17,2,0,2,0,0,0,1,0,1
212805,52,Business Management and Administrative Services,487,287,200,0,0,0,7,2,5,4,3,1,6,6,0,0,0,0,447,261,186,14,10,4,0,0,0,9,5,4
212832,13,Education,111,17,94,0,0,0,0,0,0,4,1,3,3,0,3,0,0,0,75,12,63,0,0,0,29,4,25,0,0,0
212832,26,Biological Sciences/LifeSciences,35,10,25,0,0,0,3,1,2,2,0,2,1,0,1,0,0,0,19,6,13,0,0,0,9,2,7,1,1,0
212832,27,Mathematics,3,2,1,0,0,0,0,0,0,0,0,0,0,0,0,0,0,0,3,2,1,0,0,0,0,0,0,0,0,0
212832,52,Business Management and Administrative Services,345,150,195,1,0,1,13,7,6,122,29,93,19,6,13,0,0,0,151,81,70,0,0,0,38,26,12,1,1,0
212911,26,Biological Sciences/LifeSciences,69,22,47,0,0,0,10,3,7,2,1,1,5,1,4,0,0,0,47,16,31,5,1,4,0,0,0,0,0,0
212911,27,Mathematics,48,25,23,0,0,0,2,1,1,3,2,1,2,1,1,0,0,0,26,14,12,2,1,1,0,0,0,13,6,7
212911,40,Physical Sciences,76,42,34,0,0,0,8,5,3,2,1,1,9,6,3,0,0,0,45,23,22,1,0,1,1,1,0,10,6,4
212984,13,Education,170,28,142,0,0,0,3,1,2,5,1,4,8,1,7,0,0,0,123,18,105,0,0,0,31,7,24,0,0,0
212984,26,Biological Sciences/LifeSciences,120,30,90,0,0,0,14,3,11,29,8,21,5,1,4,0,0,0,59,17,42,0,0,0,12,1,11,1,0,1
212984,27,Mathematics,16,10,6,0,0,0,0,0,0,1,1,0,1,0,1,0,0,0,10,6,4,0,0,0,4,3,1,0,0,0
212984,52,Business Management and Administrative Services,192,99,93,1,1,0,8,4,4,19,14,5,12,5,7,0,0,0,127,62,65,0,0,0,23,12,11,2,1,1
213011,13,Education,98,18,80,0,0,0,0,0,0,2,1,1,6,1,5,0,0,0,88,15,73,0,0,0,1,0,1,1,1,0
213011,26,Biological Sciences/LifeSciences,36,8,28,0,0,0,0,0,0,5,1,4,9,1,8,0,0,0,22,6,16,0,0,0,0,0,0,0,0,0
213011,27,Mathematics,4,3,1,0,0,0,0,0,0,2,1,1,0,0,0,0,0,0,2,2,0,0,0,0,0,0,0,0,0,0
213011,40,Physical Sciences,6,3,3,0,0,0,1,1,0,0,0,0,1,0,1,0,0,0,4,2,2,0,0,0,0,0,0,0,0,0
213011,52,Business Management and Administrative Services,310,140,170,1,0,1,2,1,1,32,8,24,20,7,13,0,0,0,246,120,126,5,2,3,2,1,1,2,1,1
213020,13,Education,355,36,319,0,0,0,2,0,2,7,2,5,6,1,5,0,0,0,333,33,300,6,0,6,1,0,1,0,0,0
213020,26,Biological Sciences/LifeSciences,454,155,299,1,0,1,13,5,8,55,15,40,24,8,16,0,0,0,331,116,215,22,5,17,2,1,1,6,5,1
213020,27,Mathematics,72,33,39,0,0,0,0,0,0,4,0,4,2,1,1,0,0,0,62,30,32,2,1,1,0,0,0,2,1,1
213020,40,Physical Sciences,237,163,74,0,0,0,5,3,2,18,15,3,9,5,4,1,0,1,185,128,57,11,5,6,2,2,0,6,5,1
213020,52,Business Management and Administrative Services,2399,1304,1095,1,1,0,28,16,12,294,171,123,99,53,46,1,1,0,1643,842,801,86,45,41,17,11,6,230,164,66
213251,13,Education,104,33,71,0,0,0,3,1,2,0,0,0,3,0,3,0,0,0,91,27,64,2,2,0,4,2,2,1,1,0
213251,14,Engineering,24,17,7,0,0,0,2,0,2,4,2,2,1,1,0,0,0,0,14,11,3,0,0,0,1,1,0,2,2,0
213251,26,Biological Sciences/LifeSciences,336,128,208,0,0,0,21,5,16,10,1,9,14,6,8,0,0,0,248,103,145,15,3,12,14,5,9,14,5,9
213251,27,Mathematics,12,12,0,0,0,0,0,0,0,0,0,0,0,0,0,0,0,0,9,9,0,0,0,0,0,0,0,3,3,0
213251,40,Physical Sciences,82,54,28,0,0,0,1,1,0,1,1,0,2,2,0,0,0,0,72,46,26,1,1,0,4,2,2,1,1,0
213251,52,Business Management and Administrative Services,206,120,86,0,0,0,6,3,3,6,5,1,7,6,1,0,0,0,130,78,52,5,3,2,17,11,6,35,14,21
213303,13,Education,186,30,156,0,0,0,2,0,2,9,2,7,8,3,5,0,0,0,145,24,121,2,0,2,19,0,19,1,1,0
213303,26,Biological Sciences/LifeSciences,122,40,82,0,0,0,3,1,2,13,4,9,10,4,6,0,0,0,85,27,58,0,0,0,9,3,6,2,1,1
213303,40,Physical Sciences,11,5,6,0,0,0,0,0,0,0,0,0,1,1,0,0,0,0,10,4,6,0,0,0,0,0,0,0,0,0
213303,52,Business Management and Administrative Services,239,100,139,0,0,0,2,0,2,24,12,12,12,9,3,0,0,0,189,73,116,1,1,0,11,5,6,0,0,0
213321,13,Education,132,16,116,0,0,0,2,0,2,4,0,4,15,1,14,0,0,0,93,12,81,0,0,0,18,3,15,0,0,0
213321,26,Biological Sciences/LifeSciences,154,50,104,0,0,0,6,1,5,3,1,2,16,4,12,0,0,0,117,36,81,5,4,1,6,3,3,1,1,0
213321,27,Mathematics,24,9,15,0,0,0,0,0,0,0,0,0,0,0,0,0,0,0,21,8,13,0,0,0,3,1,2,0,0,0
213321,40,Physical Sciences,91,74,17,0,0,0,1,1,0,4,4,0,4,4,0,0,0,0,77,62,15,2,2,0,2,0,2,1,1,0
213321,52,Business Management and Administrative Services,533,365,168,0,0,0,7,2,5,12,10,2,37,24,13,0,0,0,357,233,124,11,5,6,29,20,9,80,71,9
213349,13,Education,918,166,752,1,0,1,6,0,6,29,13,16,42,7,35,0,0,0,817,143,674,13,1,12,10,2,8,0,0,0
213349,26,Biological Sciences/LifeSciences,437,157,280,1,1,0,4,2,2,45,19,26,41,17,24,1,0,1,310,102,208,20,7,13,8,5,3,7,4,3
213349,27,Mathematics,49,32,17,1,1,0,0,0,0,3,3,0,2,1,1,0,0,0,38,24,14,3,3,0,0,0,0,2,0,2
213349,40,Physical Sciences,186,115,71,0,0,0,1,1,0,10,8,2,10,5,5,0,0,0,153,95,58,3,1,2,6,4,2,3,1,2
213349,52,Business Management and Administrative Services,1389,892,497,1,1,0,22,9,13,101,74,27,114,68,46,3,1,2,1064,683,381,38,22,16,27,21,6,19,13,6
213358,13,Education,55,13,42,0,0,0,1,0,1,1,1,0,1,0,1,0,0,0,46,11,35,1,0,1,5,1,4,0,0,0
213358,26,Biological Sciences/LifeSciences,73,25,48,1,0,1,0,0,0,10,2,8,5,2,3,0,0,0,42,14,28,1,1,0,3,1,2,11,5,6
213358,27,Mathematics,13,7,6,0,0,0,0,0,0,2,2,0,0,0,0,0,0,0,6,4,2,0,0,0,0,0,0,5,1,4
213358,40,Physical Sciences,49,26,23,1,1,0,2,1,1,8,0,8,0,0,0,0,0,0,22,15,7,1,0,1,4,1,3,11,8,3
213358,52,Business Management and Administrative Services,295,175,120,0,0,0,3,1,2,24,12,12,1,1,0,1,0,1,158,83,75,8,6,2,23,17,6,77,55,22
213367,13,Education,137,36,101,1,1,0,1,0,1,13,4,9,12,3,9,2,1,1,99,26,73,5,0,5,1,0,1,3,1,2
213367,26,Biological Sciences/LifeSciences,209,60,149,1,1,0,19,5,14,55,12,43,26,5,21,1,1,0,90,31,59,11,4,7,2,1,1,4,0,4
213367,27,Mathematics,35,21,14,0,0,0,3,3,0,5,3,2,3,1,2,0,0,0,22,14,8,1,0,1,1,0,1,0,0,0
213367,40,Physical Sciences,44,25,19,0,0,0,3,3,0,11,5,6,2,0,2,0,0,0,25,15,10,0,0,0,0,0,0,3,2,1
213367,52,Business Management and Administrative Services,927,564,363,2,2,0,52,25,27,158,75,83,80,42,38,2,2,0,548,364,184,23,17,6,22,12,10,40,25,15
213385,14,Engineering,715,467,248,0,0,0,25,15,10,38,24,14,37,27,10,0,0,0,456,291,165,17,12,5,38,26,12,104,72,32
213385,26,Biological Sciences/LifeSciences,333,88,245,0,0,0,26,7,19,12,3,9,17,8,9,0,0,0,231,58,173,6,1,5,24,6,18,17,5,12
213385,27,Mathematics,62,31,31,0,0,0,1,0,1,1,1,0,0,0,0,0,0,0,27,15,12,3,3,0,3,1,2,27,11,16
213385,40,Physical Sciences,66,33,33,0,0,0,3,2,1,3,1,2,3,0,3,0,0,0,49,27,22,1,1,0,2,0,2,5,2,3
213400,13,Education,106,16,90,0,0,0,0,0,0,1,1,0,1,0,1,0,0,0,103,15,88,0,0,0,0,0,0,1,0,1
213400,52,Business Management and Administrative Services,129,84,45,0,0,0,4,3,1,11,8,3,2,1,1,0,0,0,73,49,24,5,3,2,33,19,14,1,1,0
213507,13,Education,220,51,169,0,0,0,1,0,1,2,2,0,8,2,6,0,0,0,193,42,151,6,3,3,10,2,8,0,0,0
213507,26,Biological Sciences/LifeSciences,197,64,133,0,0,0,9,3,6,6,1,5,9,3,6,1,0,1,161,52,109,5,2,3,4,2,2,2,1,1
213507,27,Mathematics,15,9,6,0,0,0,0,0,0,0,0,0,0,0,0,0,0,0,15,9,6,0,0,0,0,0,0,0,0,0
213507,40,Physical Sciences,67,44,23,0,0,0,2,1,1,3,3,0,5,4,1,0,0,0,52,32,20,2,2,0,3,2,1,0,0,0
213507,52,Business Management and Administrative Services,316,212,104,0,0,0,6,1,5,9,5,4,9,4,5,0,0,0,272,189,83,6,5,1,11,8,3,3,0,3
213543,14,Engineering,1214,842,372,3,2,1,92,55,37,22,16,6,108,74,34,1,1,0,814,570,244,23,18,5,33,28,5,118,78,40
213543,26,Biological Sciences/LifeSciences,281,84,197,0,0,0,40,12,28,11,6,5,28,8,20,1,1,0,178,53,125,9,1,8,9,1,8,5,2,3
213543,27,Mathematics,44,25,19,0,0,0,3,1,2,1,1,0,2,1,1,0,0,0,16,8,8,1,0,1,0,0,0,21,14,7
213543,40,Physical Sciences,84,48,36,1,0,1,15,4,11,1,1,0,5,1,4,0,0,0,50,32,18,3,3,0,3,2,1,6,5,1
213543,52,Business Management and Administrative Services,695,383,312,0,0,0,54,24,30,22,14,8,49,26,23,0,0,0,482,283,199,14,5,9,11,4,7,63,27,36
213598,13,Education,1,0,1,0,0,0,0,0,0,1,0,1,0,0,0,0,0,0,0,0,0,0,0,0,0,0,0,0,0,0
213598,14,Engineering,11,6,5,0,0,0,0,0,0,10,5,5,0,0,0,0,0,0,0,0,0,1,1,0,0,0,0,0,0,0
213598,26,Biological Sciences/LifeSciences,81,12,69,1,0,1,0,0,0,64,9,55,0,0,0,0,0,0,1,0,1,1,0,1,5,2,3,9,1,8
213598,27,Mathematics,8,4,4,0,0,0,0,0,0,4,2,2,1,0,1,0,0,0,0,0,0,0,0,0,2,1,1,1,1,0
213598,40,Physical Sciences,7,4,3,0,0,0,0,0,0,4,3,1,1,0,1,0,0,0,0,0,0,0,0,0,2,1,1,0,0,0
213598,52,Business Management and Administrative Services,121,61,60,1,1,0,0,0,0,99,46,53,3,1,2,0,0,0,1,1,0,1,1,0,8,6,2,8,5,3
213613,13,Education,231,24,207,1,0,1,0,0,0,3,0,3,5,1,4,0,0,0,216,23,193,2,0,2,2,0,2,2,0,2
213613,26,Biological Sciences/LifeSciences,130,46,84,0,0,0,1,0,1,6,2,4,1,1,0,0,0,0,121,42,79,0,0,0,1,1,0,0,0,0
213613,27,Mathematics,48,24,24,0,0,0,0,0,0,1,1,0,1,1,0,0,0,0,45,22,23,0,0,0,1,0,1,0,0,0
213613,40,Physical Sciences,126,88,38,2,1,1,5,2,3,5,3,2,1,0,1,0,0,0,107,78,29,1,1,0,1,0,1,4,3,1
213613,52,Business Management and Administrative Services,413,243,170,0,0,0,5,3,2,56,43,13,12,9,3,0,0,0,327,179,148,1,1,0,8,6,2,4,2,2
213668,26,Biological Sciences/LifeSciences,79,32,47,2,1,1,1,0,1,3,2,1,5,2,3,0,0,0,64,25,39,1,1,0,1,1,0,2,0,2
213668,27,Mathematics,31,15,16,0,0,0,2,0,2,1,0,1,1,1,0,0,0,0,23,11,12,1,0,1,1,1,0,2,2,0
213668,40,Physical Sciences,43,24,19,0,0,0,2,0,2,1,0,1,1,0,1,0,0,0,38,24,14,1,0,1,0,0,0,0,0,0
213668,52,Business Management and Administrative Services,117,69,48,0,0,0,1,1,0,11,7,4,7,4,3,0,0,0,76,43,33,2,2,0,6,5,1,14,7,7
213783,13,Education,67,7,60,0,0,0,0,0,0,1,0,1,4,1,3,0,0,0,60,5,55,1,1,0,1,0,1,0,0,0
213783,26,Biological Sciences/LifeSciences,152,56,96,1,1,0,3,0,3,9,2,7,5,2,3,0,0,0,125,48,77,6,1,5,2,1,1,1,1,0
213783,27,Mathematics,16,12,4,0,0,0,0,0,0,1,1,0,0,0,0,0,0,0,13,9,4,0,0,0,1,1,0,1,1,0
213783,40,Physical Sciences,50,20,30,0,0,0,0,0,0,3,0,3,1,0,1,0,0,0,44,18,26,0,0,0,0,0,0,2,2,0
213783,52,Business Management and Administrative Services,145,75,70,0,0,0,2,1,1,15,9,6,8,5,3,1,0,1,106,51,55,5,3,2,3,2,1,5,4,1
213826,13,Education,144,26,118,0,0,0,1,0,1,3,0,3,5,0,5,0,0,0,127,22,105,1,0,1,7,4,3,0,0,0
213826,26,Biological Sciences/LifeSciences,67,24,43,1,0,1,7,4,3,0,0,0,4,0,4,0,0,0,52,19,33,1,0,1,2,1,1,0,0,0
213826,27,Mathematics,4,1,3,0,0,0,0,0,0,0,0,0,0,0,0,0,0,0,4,1,3,0,0,0,0,0,0,0,0,0
213826,52,Business Management and Administrative Services,182,101,81,0,0,0,6,0,6,4,2,2,10,3,7,0,0,0,136,77,59,6,1,5,10,8,2,10,10,0
213987,13,Education,123,13,110,1,0,1,1,0,1,2,1,1,8,0,8,0,0,0,76,10,66,25,2,23,5,0,5,5,0,5
213987,26,Biological Sciences/LifeSciences,195,72,123,2,1,1,2,1,1,10,5,5,3,1,2,0,0,0,128,45,83,32,13,19,5,1,4,13,5,8
213987,27,Mathematics,15,6,9,0,0,0,0,0,0,0,0,0,0,0,0,0,0,0,7,2,5,5,2,3,0,0,0,3,2,1
213987,40,Physical Sciences,31,20,11,0,0,0,0,0,0,0,0,0,2,2,0,1,0,1,19,13,6,8,4,4,0,0,0,1,1,0
213987,52,Business Management and Administrative Services,596,335,261,4,0,4,7,3,4,38,25,13,27,15,12,2,1,1,296,158,138,104,62,42,13,7,6,105,64,41
213996,13,Education,361,75,286,0,0,0,6,0,6,7,3,4,12,4,8,0,0,0,324,64,260,7,2,5,2,0,2,3,2,1
213996,14,Engineering,289,232,57,0,0,0,5,4,1,2,2,0,10,8,2,0,0,0,247,201,46,8,6,2,2,1,1,15,10,5
213996,26,Biological Sciences/LifeSciences,153,54,99,1,0,1,8,3,5,5,1,4,11,4,7,0,0,0,109,41,68,7,2,5,1,0,1,11,3,8
213996,27,Mathematics,17,8,9,0,0,0,0,0,0,0,0,0,0,0,0,0,0,0,14,7,7,0,0,0,0,0,0,3,1,2
213996,40,Physical Sciences,20,13,7,0,0,0,1,0,1,0,0,0,1,1,0,0,0,0,15,12,3,2,0,2,0,0,0,1,0,1
213996,52,Business Management and Administrative Services,308,189,119,0,0,0,3,2,1,7,4,3,12,8,4,0,0,0,247,157,90,10,4,6,2,1,1,27,13,14
214041,13,Education,829,94,735,1,0,1,11,0,11,26,5,21,45,8,37,0,0,0,723,78,645,7,0,7,16,3,13,0,0,0
214041,26,Biological Sciences/LifeSciences,618,228,390,0,0,0,38,18,20,54,16,38,61,20,41,0,0,0,443,166,277,11,5,6,7,0,7,4,3,1
214041,27,Mathematics,146,71,75,1,0,1,5,2,3,7,3,4,8,4,4,0,0,0,121,60,61,0,0,0,3,1,2,1,1,0
214041,40,Physical Sciences,368,224,144,1,0,1,20,12,8,14,9,5,19,11,8,0,0,0,301,184,117,7,3,4,4,3,1,2,2,0
214041,52,Business Management and Administrative Services,869,539,330,2,2,0,25,12,13,80,51,29,82,45,37,1,1,0,646,406,240,21,15,6,7,5,2,5,2,3
214069,13,Education,102,28,74,0,0,0,1,0,1,1,0,1,3,1,2,0,0,0,95,27,68,2,0,2,0,0,0,0,0,0
214069,26,Biological Sciences/LifeSciences,92,31,61,0,0,0,1,0,1,2,1,1,2,0,2,1,1,0,85,29,56,1,0,1,0,0,0,0,0,0
214069,27,Mathematics,14,11,3,0,0,0,0,0,0,0,0,0,0,0,0,0,0,0,14,11,3,0,0,0,0,0,0,0,0,0
214069,40,Physical Sciences,7,4,3,0,0,0,0,0,0,1,1,0,1,0,1,0,0,0,4,3,1,1,0,1,0,0,0,0,0,0
214069,52,Business Management and Administrative Services,326,170,156,0,0,0,3,2,1,10,8,2,13,9,4,0,0,0,291,143,148,6,6,0,3,2,1,0,0,0
214148,13,Education,19,0,19,0,0,0,0,0,0,4,0,4,0,0,0,0,0,0,13,0,13,1,0,1,1,0,1,0,0,0
214157,26,Biological Sciences/LifeSciences,84,26,58,0,0,0,7,3,4,2,0,2,8,3,5,0,0,0,59,18,41,2,1,1,3,0,3,3,1,2
214157,27,Mathematics,20,5,15,0,0,0,0,0,0,2,1,1,0,0,0,0,0,0,18,4,14,0,0,0,0,0,0,0,0,0
214157,40,Physical Sciences,23,15,8,0,0,0,0,0,0,0,0,0,1,0,1,0,0,0,21,14,7,0,0,0,0,0,0,1,1,0
214157,52,Business Management and Administrative Services,126,67,59,0,0,0,0,0,0,8,4,4,13,5,8,0,0,0,95,52,43,3,1,2,6,4,2,1,1,0
214166,13,Education,37,4,33,0,0,0,0,0,0,1,1,0,2,0,2,0,0,0,27,3,24,0,0,0,6,0,6,1,0,1
214166,26,Biological Sciences/LifeSciences,108,36,72,0,0,0,1,1,0,4,1,3,0,0,0,0,0,0,78,25,53,0,0,0,17,7,10,8,2,6
214166,52,Business Management and Administrative Services,171,81,90,0,0,0,1,1,0,7,7,0,0,0,0,0,0,0,119,56,63,0,0,0,28,6,22,16,11,5
214175,26,Biological Sciences/LifeSciences,225,68,157,0,0,0,14,1,13,4,2,2,11,5,6,0,0,0,175,55,120,1,0,1,15,3,12,5,2,3
214175,27,Mathematics,41,18,23,0,0,0,1,0,1,1,1,0,3,2,1,0,0,0,33,15,18,0,0,0,1,0,1,2,0,2
214175,40,Physical Sciences,35,22,13,0,0,0,0,0,0,0,0,0,2,1,1,0,0,0,26,18,8,1,0,1,3,0,3,3,3,0
214175,52,Business Management and Administrative Services,392,239,153,0,0,0,15,7,8,10,6,4,33,19,14,2,2,0,289,177,112,5,3,2,27,19,8,11,6,5
214272,13,Education,161,11,150,1,0,1,1,0,1,20,2,18,10,1,9,0,0,0,99,5,94,1,0,1,28,3,25,1,0,1
214272,26,Biological Sciences/LifeSciences,118,29,89,0,0,0,4,0,4,39,8,31,7,1,6,0,0,0,45,15,30,3,0,3,19,4,15,1,1,0
214272,52,Business Management and Administrative Services,257,147,110,0,0,0,3,1,2,53,21,32,7,2,5,0,0,0,135,90,45,5,3,2,41,20,21,13,10,3
214591,13,Education,64,6,58,0,0,0,0,0,0,1,0,1,4,0,4,0,0,0,59,6,53,0,0,0,0,0,0,0,0,0
214591,14,Engineering,1518,1312,206,2,2,0,48,40,8,30,25,5,27,19,8,0,0,0,1242,1080,162,32,28,4,21,19,2,116,99,17
214591,26,Biological Sciences/LifeSciences,105,36,69,0,0,0,12,4,8,4,0,4,2,1,1,0,0,0,79,27,52,3,2,1,0,0,0,5,2,3
214591,27,Mathematics,15,9,6,0,0,0,1,1,0,0,0,0,1,0,1,0,0,0,11,8,3,0,0,0,0,0,0,2,0,2
214591,40,Physical Sciences,68,50,18,0,0,0,1,1,0,1,1,0,6,1,5,0,0,0,48,37,11,0,0,0,0,0,0,12,10,2
214591,52,Business Management and Administrative Services,858,578,280,0,0,0,25,10,15,21,5,16,21,13,8,0,0,0,718,504,214,13,8,5,8,5,3,52,33,19
214625,13,Education,12,3,9,0,0,0,0,0,0,1,0,1,0,0,0,0,0,0,10,3,7,0,0,0,0,0,0,1,0,1
214625,14,Engineering,146,129,17,0,0,0,1,1,0,2,2,0,2,2,0,0,0,0,133,118,15,4,3,1,0,0,0,4,3,1
214625,26,Biological Sciences/LifeSciences,3,1,2,0,0,0,0,0,0,0,0,0,0,0,0,0,0,0,3,1,2,0,0,0,0,0,0,0,0,0
214625,40,Physical Sciences,10,8,2,0,0,0,0,0,0,0,0,0,0,0,0,0,0,0,9,7,2,0,0,0,0,0,0,1,1,0
214625,52,Business Management and Administrative Services,60,34,26,0,0,0,0,0,0,2,2,0,0,0,0,0,0,0,56,31,25,0,0,0,2,1,1,0,0,0
214634,13,Education,1,1,0,0,0,0,0,0,0,0,0,0,0,0,0,0,0,0,0,0,0,1,1,0,0,0,0,0,0,0
214634,14,Engineering,4,4,0,0,0,0,0,0,0,0,0,0,0,0,0,0,0,0,4,4,0,0,0,0,0,0,0,0,0,0
214634,40,Physical Sciences,1,1,0,0,0,0,0,0,0,0,0,0,0,0,0,0,0,0,1,1,0,0,0,0,0,0,0,0,0,0
214634,52,Business Management and Administrative Services,37,18,19,0,0,0,0,0,0,3,2,1,0,0,0,0,0,0,33,15,18,1,1,0,0,0,0,0,0,0
214643,13,Education,6,5,1,0,0,0,0,0,0,0,0,0,0,0,0,0,0,0,6,5,1,0,0,0,0,0,0,0,0,0
214643,14,Engineering,142,127,15,0,0,0,3,3,0,2,2,0,6,5,1,0,0,0,127,114,13,2,2,0,1,0,1,1,1,0
214643,40,Physical Sciences,12,11,1,0,0,0,0,0,0,0,0,0,0,0,0,0,0,0,12,11,1,0,0,0,0,0,0,0,0,0
214643,52,Business Management and Administrative Services,57,33,24,0,0,0,1,1,0,3,1,2,2,1,1,0,0,0,46,27,19,2,1,1,3,2,1,0,0,0
214652,13,Education,12,2,10,0,0,0,0,0,0,0,0,0,0,0,0,0,0,0,12,2,10,0,0,0,0,0,0,0,0,0
214652,14,Engineering,67,54,13,0,0,0,8,5,3,2,2,0,2,2,0,0,0,0,51,44,7,1,0,1,2,1,1,1,0,1
214652,40,Physical Sciences,11,11,0,0,0,0,0,0,0,0,0,0,0,0,0,0,0,0,9,9,0,0,0,0,2,2,0,0,0,0
214652,52,Business Management and Administrative Services,180,107,73,0,0,0,10,7,3,6,3,3,12,8,4,0,0,0,146,86,60,1,1,0,5,2,3,0,0,0
214670,13,Education,21,1,20,0,0,0,2,0,2,0,0,0,3,0,3,0,0,0,15,1,14,1,0,1,0,0,0,0,0,0
214670,14,Engineering,106,89,17,0,0,0,15,12,3,4,4,0,11,9,2,0,0,0,66,56,10,6,4,2,2,2,0,2,2,0
214670,26,Biological Sciences/LifeSciences,2,2,0,0,0,0,0,0,0,1,1,0,0,0,0,0,0,0,1,1,0,0,0,0,0,0,0,0,0,0
214670,40,Physical Sciences,7,5,2,0,0,0,0,0,0,0,0,0,2,1,1,0,0,0,4,3,1,1,1,0,0,0,0,0,0,0
214670,52,Business Management and Administrative Services,185,117,68,1,1,0,15,11,4,12,6,6,19,9,10,0,0,0,129,82,47,2,2,0,7,6,1,0,0,0
214689,13,Education,147,22,125,0,0,0,0,0,0,6,0,6,3,0,3,0,0,0,133,22,111,5,0,5,0,0,0,0,0,0
214689,14,Engineering,556,504,52,0,0,0,16,12,4,21,16,5,30,26,4,0,0,0,433,401,32,10,7,3,6,5,1,40,37,3
214689,26,Biological Sciences/LifeSciences,33,8,25,0,0,0,0,0,0,3,0,3,1,0,1,0,0,0,28,8,20,1,0,1,0,0,0,0,0,0
214689,27,Mathematics,3,1,2,0,0,0,0,0,0,0,0,0,0,0,0,0,0,0,3,1,2,0,0,0,0,0,0,0,0,0
214689,40,Physical Sciences,47,36,11,0,0,0,0,0,0,3,2,1,1,1,0,0,0,0,36,28,8,3,1,2,1,1,0,3,3,0
214689,52,Business Management and Administrative Services,340,228,112,0,0,0,19,12,7,9,7,2,16,11,5,0,0,0,258,174,84,7,4,3,1,1,0,30,19,11
214698,13,Education,12,3,9,0,0,0,0,0,0,0,0,0,0,0,0,0,0,0,8,2,6,4,1,3,0,0,0,0,0,0
214698,14,Engineering,93,84,9,0,0,0,1,0,1,5,5,0,1,1,0,0,0,0,84,77,7,1,1,0,0,0,0,1,0,1
214698,27,Mathematics,1,1,0,0,0,0,0,0,0,0,0,0,0,0,0,0,0,0,1,1,0,0,0,0,0,0,0,0,0,0
214698,40,Physical Sciences,8,6,2,0,0,0,0,0,0,1,0,1,0,0,0,0,0,0,7,6,1,0,0,0,0,0,0,0,0,0
214698,52,Business Management and Administrative Services,123,77,46,0,0,0,6,3,3,7,4,3,6,4,2,0,0,0,100,62,38,4,4,0,0,0,0,0,0,0
214704,13,Education,113,24,89,0,0,0,1,0,1,7,0,7,10,1,9,0,0,0,90,23,67,3,0,3,1,0,1,1,0,1
214704,14,Engineering,555,499,56,1,1,0,25,21,4,28,22,6,37,30,7,0,0,0,427,394,33,10,8,2,6,5,1,21,18,3
214704,26,Biological Sciences/LifeSciences,93,35,58,0,0,0,11,5,6,5,2,3,16,3,13,0,0,0,54,22,32,5,2,3,1,1,0,1,0,1
214704,40,Physical Sciences,19,13,6,0,0,0,1,1,0,1,0,1,1,1,0,0,0,0,13,9,4,1,0,1,1,1,0,1,1,0
214704,52,Business Management and Administrative Services,430,250,180,0,0,0,16,7,9,44,26,18,44,24,20,0,0,0,301,180,121,14,5,9,3,2,1,8,6,2
214713,13,Education,113,28,85,0,0,0,2,1,1,6,1,5,8,1,7,0,0,0,90,23,67,2,1,1,2,0,2,3,1,2
214713,14,Engineering,1158,1018,140,2,2,0,100,83,17,76,58,18,72,61,11,1,1,0,709,639,70,28,21,7,31,29,2,139,124,15
214713,26,Biological Sciences/LifeSciences,44,14,30,0,0,0,7,2,5,6,2,4,4,1,3,0,0,0,19,7,12,2,0,2,5,2,3,1,0,1
214713,27,Mathematics,10,8,2,0,0,0,1,1,0,0,0,0,1,1,0,0,0,0,7,5,2,0,0,0,0,0,0,1,1,0
214713,40,Physical Sciences,35,27,8,0,0,0,0,0,0,5,3,2,2,1,1,0,0,0,15,14,1,0,0,0,1,1,0,12,8,4
214713,52,Business Management and Administrative Services,705,420,285,2,2,0,84,47,37,60,31,29,45,28,17,2,2,0,362,228,134,15,8,7,14,10,4,121,64,57
214731,13,Education,25,6,19,0,0,0,2,1,1,3,0,3,1,0,1,0,0,0,19,5,14,0,0,0,0,0,0,0,0,0
214731,14,Engineering,128,109,19,0,0,0,31,24,7,9,8,1,7,7,0,0,0,0,75,66,9,0,0,0,2,2,0,4,2,2
214731,26,Biological Sciences/LifeSciences,13,6,7,0,0,0,2,0,2,1,1,0,1,0,1,0,0,0,8,4,4,0,0,0,0,0,0,1,1,0
214731,40,Physical Sciences,16,13,3,0,0,0,0,0,0,0,0,0,1,1,0,0,0,0,12,10,2,1,1,0,1,1,0,1,0,1
214731,52,Business Management and Administrative Services,209,147,62,1,1,0,30,17,13,26,12,14,10,8,2,0,0,0,127,100,27,6,3,3,4,2,2,5,4,1
214740,13,Education,9,2,7,0,0,0,0,0,0,0,0,0,1,0,1,0,0,0,8,2,6,0,0,0,0,0,0,0,0,0
214740,14,Engineering,69,64,5,0,0,0,0,0,0,1,1,0,1,1,0,0,0,0,65,60,5,0,0,0,0,0,0,2,2,0
214740,40,Physical Sciences,20,17,3,0,0,0,0,0,0,1,1,0,0,0,0,0,0,0,18,15,3,0,0,0,1,1,0,0,0,0
214740,52,Business Management and Administrative Services,60,31,29,1,1,0,2,0,2,2,2,0,2,0,2,0,0,0,53,28,25,0,0,0,0,0,0,0,0,0
214759,13,Education,9,3,6,0,0,0,0,0,0,1,0,1,0,0,0,0,0,0,8,3,5,0,0,0,0,0,0,0,0,0
214759,14,Engineering,60,51,9,0,0,0,1,1,0,2,1,1,1,1,0,0,0,0,52,44,8,2,2,0,0,0,0,2,2,0
214759,40,Physical Sciences,9,9,0,0,0,0,0,0,0,0,0,0,0,0,0,0,0,0,8,8,0,0,0,0,0,0,0,1,1,0
214759,52,Business Management and Administrative Services,92,45,47,1,1,0,0,0,0,6,4,2,1,0,1,0,0,0,77,34,43,5,4,1,1,1,0,1,1,0
214768,13,Education,17,6,11,0,0,0,1,0,1,1,0,1,1,0,1,0,0,0,14,6,8,0,0,0,0,0,0,0,0,0
214768,14,Engineering,157,131,26,0,0,0,14,11,3,16,10,6,16,12,4,0,0,0,105,94,11,4,3,1,1,1,0,1,0,1
214768,26,Biological Sciences/LifeSciences,1,1,0,0,0,0,0,0,0,0,0,0,1,1,0,0,0,0,0,0,0,0,0,0,0,0,0,0,0,0
214768,40,Physical Sciences,7,6,1,0,0,0,1,1,0,0,0,0,0,0,0,0,0,0,6,5,1,0,0,0,0,0,0,0,0,0
214768,52,Business Management and Administrative Services,89,56,33,0,0,0,2,2,0,13,11,2,22,13,9,1,1,0,47,28,19,3,1,2,1,0,1,0,0,0
214777,13,Education,1140,191,949,0,0,0,21,2,19,32,4,28,48,7,41,0,0,0,994,171,823,15,2,13,14,4,10,16,1,15
214777,14,Engineering,8524,6669,1855,3,2,1,654,509,145,198,152,46,377,281,96,7,7,0,5354,4223,1131,196,149,47,188,132,56,1547,1214,333
214777,26,Biological Sciences/LifeSciences,1518,502,1016,0,0,0,162,66,96,98,27,71,117,36,81,4,2,2,1022,335,687,37,11,26,21,6,15,57,19,38
214777,27,Mathematics,516,320,196,0,0,0,48,29,19,11,10,1,13,11,2,0,0,0,222,154,68,14,7,7,7,4,3,201,105,96
214777,40,Physical Sciences,1470,1112,358,2,1,1,62,37,25,51,38,13,65,49,16,1,1,0,928,714,214,40,28,12,36,29,7,285,215,70
214777,52,Business Management and Administrative Services,5522,3178,2344,4,2,2,412,224,188,139,70,69,301,152,149,5,3,2,3658,2233,1425,127,69,58,95,52,43,781,373,408
214786,13,Education,11,3,8,0,0,0,0,0,0,2,0,2,1,1,0,0,0,0,7,2,5,1,0,1,0,0,0,0,0,0
214786,14,Engineering,69,58,11,0,0,0,1,1,0,4,3,1,2,1,1,0,0,0,54,47,7,4,2,2,3,3,0,1,1,0
214786,26,Biological Sciences/LifeSciences,9,3,6,0,0,0,0,0,0,1,0,1,3,2,1,0,0,0,5,1,4,0,0,0,0,0,0,0,0,0
214786,40,Physical Sciences,9,6,3,0,0,0,0,0,0,1,1,0,0,0,0,0,0,0,8,5,3,0,0,0,0,0,0,0,0,0
214786,52,Business Management and Administrative Services,115,73,42,0,0,0,6,4,2,18,8,10,4,4,0,0,0,0,78,51,27,3,1,2,2,2,0,4,3,1
214795,13,Education,14,2,12,0,0,0,1,0,1,2,0,2,0,0,0,0,0,0,11,2,9,0,0,0,0,0,0,0,0,0
214795,14,Engineering,64,56,8,0,0,0,5,5,0,2,2,0,4,3,1,0,0,0,50,43,7,2,2,0,0,0,0,1,1,0
214795,40,Physical Sciences,7,6,1,0,0,0,0,0,0,0,0,0,0,0,0,0,0,0,6,5,1,1,1,0,0,0,0,0,0,0
214795,52,Business Management and Administrative Services,114,78,36,0,0,0,1,1,0,7,5,2,6,5,1,0,0,0,96,65,31,4,2,2,0,0,0,0,0,0
214801,13,Education,81,7,74,0,0,0,3,0,3,4,0,4,6,0,6,0,0,0,62,6,56,4,1,3,2,0,2,0,0,0
214801,14,Engineering,298,258,40,1,1,0,65,51,14,22,20,2,20,16,4,0,0,0,138,126,12,9,9,0,6,2,4,37,33,4
214801,26,Biological Sciences/LifeSciences,65,29,36,0,0,0,14,8,6,9,1,8,5,2,3,0,0,0,32,17,15,1,0,1,3,1,2,1,0,1
214801,27,Mathematics,3,3,0,0,0,0,1,1,0,0,0,0,0,0,0,0,0,0,1,1,0,1,1,0,0,0,0,0,0,0
214801,40,Physical Sciences,30,23,7,0,0,0,1,0,1,3,1,2,1,0,1,0,0,0,10,10,0,0,0,0,1,1,0,14,11,3
214801,52,Business Management and Administrative Services,676,406,270,2,2,0,105,65,40,81,40,41,63,33,30,1,1,0,362,229,133,14,8,6,9,5,4,39,23,16
214810,13,Education,14,0,14,0,0,0,1,0,1,3,0,3,0,0,0,0,0,0,10,0,10,0,0,0,0,0,0,0,0,0
214810,14,Engineering,46,37,9,0,0,0,2,1,1,12,9,3,6,5,1,0,0,0,20,19,1,3,1,2,0,0,0,3,2,1
214810,26,Biological Sciences/LifeSciences,8,4,4,0,0,0,0,0,0,0,0,0,1,0,1,0,0,0,7,4,3,0,0,0,0,0,0,0,0,0
214810,27,Mathematics,2,1,1,0,0,0,0,0,0,0,0,0,0,0,0,0,0,0,1,0,1,0,0,0,0,0,0,1,1,0
214810,40,Physical Sciences,4,4,0,0,0,0,0,0,0,2,2,0,0,0,0,0,0,0,2,2,0,0,0,0,0,0,0,0,0,0
214810,52,Business Management and Administrative Services,84,44,40,0,0,0,2,2,0,11,6,5,6,1,5,0,0,0,62,33,29,1,0,1,1,1,0,1,1,0
214829,13,Education,9,3,6,0,0,0,0,0,0,0,0,0,1,1,0,0,0,0,6,1,5,1,0,1,0,0,0,1,1,0
214829,14,Engineering,161,152,9,0,0,0,3,3,0,7,5,2,6,6,0,1,1,0,111,108,3,1,1,0,3,3,0,29,25,4
214829,26,Biological Sciences/LifeSciences,12,2,10,0,0,0,1,0,1,0,0,0,0,0,0,0,0,0,10,2,8,0,0,0,1,0,1,0,0,0
214829,27,Mathematics,1,1,0,0,0,0,0,0,0,0,0,0,1,1,0,0,0,0,0,0,0,0,0,0,0,0,0,0,0,0
214829,40,Physical Sciences,15,13,2,0,0,0,0,0,0,1,1,0,1,1,0,0,0,0,8,7,1,1,1,0,0,0,0,4,3,1
214829,52,Business Management and Administrative Services,150,92,58,0,0,0,7,3,4,7,4,3,7,5,2,0,0,0,97,59,38,3,1,2,2,1,1,27,19,8
214883,52,Business Management and Administrative Services,592,160,432,1,1,0,8,4,4,430,106,324,37,9,28,2,1,1,109,38,71,1,0,1,3,0,3,1,1,0
215062,14,Engineering,1205,769,436,0,0,0,283,165,118,52,37,15,107,72,35,0,0,0,523,329,194,44,26,18,21,16,5,175,124,51
215062,26,Biological Sciences/LifeSciences,625,285,340,0,0,0,200,96,104,47,20,27,65,33,32,0,0,0,251,108,143,21,9,12,7,4,3,34,15,19
215062,27,Mathematics,93,55,38,1,1,0,20,10,10,3,1,2,7,5,2,0,0,0,40,27,13,2,1,1,0,0,0,20,10,10
215062,40,Physical Sciences,126,80,46,0,0,0,17,10,7,6,4,2,10,7,3,0,0,0,63,42,21,9,4,5,0,0,0,21,13,8
215062,52,Business Management and Administrative Services,1696,990,706,0,0,0,356,139,217,137,83,54,180,117,63,0,0,0,636,443,193,82,40,42,37,25,12,268,143,125
215099,14,Engineering,129,93,36,0,0,0,3,2,1,8,5,3,13,11,2,0,0,0,62,40,22,5,4,1,4,1,3,34,30,4
215099,26,Biological Sciences/LifeSciences,25,6,19,0,0,0,1,0,1,4,0,4,3,1,2,0,0,0,13,4,9,0,0,0,2,1,1,2,0,2
215099,40,Physical Sciences,3,0,3,0,0,0,0,0,0,0,0,0,2,0,2,0,0,0,1,0,1,0,0,0,0,0,0,0,0,0
215099,52,Business Management and Administrative Services,726,215,511,1,0,1,22,7,15,122,35,87,59,25,34,0,0,0,407,108,299,18,2,16,71,18,53,26,20,6
215114,13,Education,114,35,79,0,0,0,2,0,2,2,1,1,7,3,4,0,0,0,100,29,71,2,2,0,0,0,0,1,0,1
215114,52,Business Management and Administrative Services,144,99,45,1,0,1,8,6,2,19,12,7,11,7,4,2,2,0,98,68,30,1,1,0,0,0,0,4,3,1
215132,26,Biological Sciences/LifeSciences,208,73,135,1,1,0,77,19,58,12,6,6,10,2,8,0,0,0,85,35,50,8,5,3,13,5,8,2,0,2
215132,40,Physical Sciences,81,43,38,0,0,0,11,6,5,7,2,5,8,4,4,0,0,0,47,25,22,3,3,0,2,2,0,3,1,2
215266,13,Education,73,17,56,1,0,1,2,0,2,1,1,0,1,0,1,0,0,0,63,15,48,1,1,0,3,0,3,1,0,1
215266,14,Engineering,78,68,10,1,1,0,4,4,0,16,14,2,5,3,2,0,0,0,44,39,5,0,0,0,5,5,0,3,2,1
215266,26,Biological Sciences/LifeSciences,90,28,62,0,0,0,3,0,3,17,6,11,8,4,4,0,0,0,48,14,34,6,2,4,6,1,5,2,1,1
215266,27,Mathematics,4,3,1,0,0,0,0,0,0,0,0,0,1,1,0,0,0,0,1,1,0,0,0,0,0,0,0,2,1,1
215266,40,Physical Sciences,51,35,16,0,0,0,1,0,1,2,1,1,1,0,1,0,0,0,39,26,13,0,0,0,7,7,0,1,1,0
215266,52,Business Management and Administrative Services,203,112,91,2,0,2,2,2,0,34,19,15,12,8,4,0,0,0,127,70,57,6,2,4,15,8,7,5,3,2
215275,13,Education,35,14,21,0,0,0,1,0,1,0,0,0,1,0,1,0,0,0,33,14,19,0,0,0,0,0,0,0,0,0
215275,26,Biological Sciences/LifeSciences,184,55,129,0,0,0,12,4,8,18,4,14,16,5,11,0,0,0,121,35,86,7,3,4,7,4,3,3,0,3
215275,27,Mathematics,41,25,16,0,0,0,3,2,1,1,1,0,3,1,2,0,0,0,32,20,12,0,0,0,2,1,1,0,0,0
215275,40,Physical Sciences,42,18,24,0,0,0,1,1,0,1,1,0,2,2,0,0,0,0,36,14,22,1,0,1,1,0,1,0,0,0
215275,52,Business Management and Administrative Services,296,189,107,0,0,0,9,6,3,10,4,6,13,11,2,1,1,0,248,160,88,5,3,2,6,3,3,4,1,3
215284,13,Education,50,13,37,0,0,0,2,2,0,0,0,0,0,0,0,0,0,0,46,10,36,0,0,0,2,1,1,0,0,0
215284,14,Engineering,172,141,31,1,1,0,4,3,1,3,3,0,1,0,1,0,0,0,143,119,24,5,4,1,9,7,2,6,4,2
215284,26,Biological Sciences/LifeSciences,229,94,135,1,1,0,9,5,4,8,2,6,3,2,1,0,0,0,188,76,112,8,1,7,9,7,2,3,0,3
215284,27,Mathematics,41,24,17,0,0,0,2,1,1,1,0,1,1,1,0,0,0,0,33,20,13,1,1,0,1,0,1,2,1,1
215284,40,Physical Sciences,76,53,23,0,0,0,0,0,0,0,0,0,3,1,2,0,0,0,71,50,21,1,1,0,1,1,0,0,0,0
215284,52,Business Management and Administrative Services,169,108,61,1,1,0,2,2,0,4,2,2,6,5,1,1,1,0,149,93,56,2,1,1,1,1,0,3,2,1
215293,13,Education,109,36,73,0,0,0,5,2,3,3,0,3,3,0,3,0,0,0,95,34,61,0,0,0,0,0,0,3,0,3
215293,14,Engineering,3015,2123,892,3,3,0,243,156,87,110,60,50,77,55,22,1,1,0,2322,1679,643,112,68,44,36,23,13,111,78,33
215293,26,Biological Sciences/LifeSciences,1258,528,730,1,1,0,277,117,160,54,16,38,42,17,25,1,0,1,794,339,455,43,21,22,12,5,7,34,12,22
215293,27,Mathematics,266,165,101,0,0,0,16,10,6,7,4,3,4,3,1,0,0,0,191,127,64,9,6,3,2,1,1,37,14,23
215293,40,Physical Sciences,456,247,209,0,0,0,26,8,18,15,6,9,14,8,6,0,0,0,364,201,163,15,10,5,7,3,4,15,11,4
215293,52,Business Management and Administrative Services,2127,1266,861,0,0,0,140,68,72,70,47,23,54,30,24,3,1,2,1639,1010,629,57,35,22,21,10,11,143,65,78
215442,13,Education,252,54,198,3,0,3,1,0,1,43,6,37,3,2,1,0,0,0,190,45,145,3,0,3,8,0,8,1,1,0
215442,14,Engineering,14,12,2,0,0,0,1,1,0,1,1,0,0,0,0,0,0,0,10,9,1,0,0,0,1,0,1,1,1,0
215442,26,Biological Sciences/LifeSciences,38,7,31,0,0,0,2,0,2,6,2,4,0,0,0,0,0,0,24,5,19,1,0,1,0,0,0,5,0,5
215442,52,Business Management and Administrative Services,709,311,398,3,2,1,8,4,4,115,42,73,21,14,7,2,2,0,498,214,284,38,18,20,5,1,4,19,14,5
215637,52,Business Management and Administrative Services,81,45,36,0,0,0,2,1,1,32,18,14,1,0,1,0,0,0,38,23,15,3,0,3,5,3,2,0,0,0
215655,13,Education,55,8,47,0,0,0,1,0,1,1,0,1,0,0,0,0,0,0,49,8,41,2,0,2,1,0,1,1,0,1
215655,14,Engineering,611,525,86,0,0,0,7,4,3,19,18,1,9,8,1,0,0,0,312,244,68,11,9,2,9,7,2,244,235,9
215655,26,Biological Sciences/LifeSciences,127,45,82,2,1,1,2,0,2,7,2,5,4,3,1,0,0,0,98,33,65,2,0,2,3,0,3,9,6,3
215655,27,Mathematics,177,120,57,0,0,0,2,1,1,1,1,0,4,3,1,0,0,0,157,105,52,4,3,1,4,2,2,5,5,0
215655,52,Business Management and Administrative Services,1419,890,529,2,1,1,13,6,7,88,57,31,28,16,12,1,1,0,1098,670,428,42,24,18,28,17,11,119,98,21
215691,13,Education,8,8,0,0,0,0,0,0,0,8,8,0,0,0,0,0,0,0,0,0,0,0,0,0,0,0,0,0,0,0
215691,26,Biological Sciences/LifeSciences,65,20,45,1,0,1,9,4,5,19,5,14,7,2,5,2,0,2,16,6,10,5,3,2,6,0,6,0,0,0
215691,27,Mathematics,7,2,5,0,0,0,0,0,0,2,0,2,0,0,0,0,0,0,4,1,3,0,0,0,1,1,0,0,0,0
215691,40,Physical Sciences,8,4,4,0,0,0,1,1,0,2,0,2,0,0,0,0,0,0,4,2,2,1,1,0,0,0,0,0,0,0
215691,52,Business Management and Administrative Services,154,77,77,1,1,0,0,0,0,49,23,26,10,5,5,0,0,0,67,38,29,7,4,3,20,6,14,0,0,0
215743,13,Education,73,8,65,0,0,0,0,0,0,0,0,0,0,0,0,0,0,0,68,7,61,0,0,0,4,1,3,1,0,1
215743,14,Engineering,61,48,13,1,1,0,0,0,0,2,2,0,4,3,1,0,0,0,46,35,11,1,1,0,6,5,1,1,1,0
215743,26,Biological Sciences/LifeSciences,124,55,69,0,0,0,1,1,0,5,3,2,3,3,0,0,0,0,107,46,61,4,0,4,3,1,2,1,1,0
215743,27,Mathematics,18,9,9,0,0,0,2,2,0,1,1,0,0,0,0,0,0,0,13,5,8,1,1,0,1,0,1,0,0,0
215743,40,Physical Sciences,44,15,29,0,0,0,1,1,0,3,1,2,0,0,0,0,0,0,39,12,27,0,0,0,1,1,0,0,0,0
215743,52,Business Management and Administrative Services,336,185,151,0,0,0,4,3,1,39,36,3,6,3,3,4,2,2,240,116,124,8,5,3,25,12,13,10,8,2
215770,13,Education,258,15,243,1,1,0,5,1,4,14,3,11,8,0,8,0,0,0,222,9,213,3,1,2,4,0,4,1,0,1
215770,26,Biological Sciences/LifeSciences,356,123,233,0,0,0,21,6,15,23,6,17,28,9,19,1,0,1,256,92,164,16,5,11,6,3,3,5,2,3
215770,27,Mathematics,26,13,13,0,0,0,0,0,0,1,1,0,3,2,1,0,0,0,22,10,12,0,0,0,0,0,0,0,0,0
215770,40,Physical Sciences,46,19,27,0,0,0,1,0,1,4,1,3,1,0,1,1,0,1,32,13,19,2,1,1,3,2,1,2,2,0
215770,52,Business Management and Administrative Services,2876,1654,1222,2,2,0,69,32,37,102,61,41,166,85,81,4,2,2,2346,1368,978,48,26,22,57,28,29,82,50,32
215798,13,Education,102,14,88,0,0,0,0,0,0,1,0,1,2,0,2,0,0,0,95,14,81,0,0,0,4,0,4,0,0,0
215798,14,Engineering,76,58,18,0,0,0,4,1,3,4,2,2,4,3,1,0,0,0,59,48,11,2,2,0,3,2,1,0,0,0
215798,26,Biological Sciences/LifeSciences,246,98,148,0,0,0,6,2,4,4,3,1,2,1,1,0,0,0,221,87,134,1,1,0,11,4,7,1,0,1
215798,27,Mathematics,35,17,18,0,0,0,1,0,1,0,0,0,1,0,1,0,0,0,31,15,16,0,0,0,2,2,0,0,0,0
215798,40,Physical Sciences,52,19,33,0,0,0,1,0,1,1,0,1,2,1,1,0,0,0,47,18,29,0,0,0,1,0,1,0,0,0
215798,52,Business Management and Administrative Services,362,230,132,1,0,1,4,2,2,22,15,7,7,7,0,0,0,0,302,193,109,3,1,2,19,10,9,4,2,2
215929,13,Education,139,19,120,1,0,1,0,0,0,0,0,0,7,2,5,1,0,1,124,16,108,2,1,1,3,0,3,1,0,1
215929,14,Engineering,55,54,1,0,0,0,3,3,0,2,2,0,5,5,0,1,1,0,43,42,1,0,0,0,1,1,0,0,0,0
215929,26,Biological Sciences/LifeSciences,552,223,329,1,1,0,28,11,17,19,3,16,44,18,26,0,0,0,422,181,241,18,5,13,16,2,14,4,2,2
215929,27,Mathematics,33,11,22,0,0,0,0,0,0,0,0,0,1,0,1,0,0,0,31,10,21,0,0,0,1,1,0,0,0,0
215929,40,Physical Sciences,43,27,16,0,0,0,2,1,1,0,0,0,3,3,0,0,0,0,33,19,14,1,1,0,3,2,1,1,1,0
215929,52,Business Management and Administrative Services,875,578,297,0,0,0,20,11,9,13,7,6,85,62,23,1,0,1,708,469,239,15,9,6,19,11,8,14,9,5
215947,13,Education,138,17,121,0,0,0,0,0,0,4,1,3,4,0,4,1,1,0,128,15,113,1,0,1,0,0,0,0,0,0
215947,26,Biological Sciences/LifeSciences,132,39,93,0,0,0,7,3,4,4,1,3,2,1,1,0,0,0,109,27,82,4,2,2,4,3,1,2,2,0
215947,27,Mathematics,34,21,13,0,0,0,0,0,0,3,3,0,0,0,0,0,0,0,30,17,13,0,0,0,0,0,0,1,1,0
215947,40,Physical Sciences,21,8,13,0,0,0,0,0,0,2,0,2,0,0,0,0,0,0,18,8,10,0,0,0,1,0,1,0,0,0
215947,52,Business Management and Administrative Services,271,138,133,0,0,0,1,1,0,14,10,4,7,4,3,1,0,1,222,106,116,6,4,2,5,2,3,15,11,4
216010,13,Education,376,31,345,0,0,0,6,0,6,6,1,5,8,0,8,0,0,0,346,30,316,6,0,6,4,0,4,0,0,0
216010,14,Engineering,109,103,6,0,0,0,3,2,1,8,8,0,3,3,0,0,0,0,85,82,3,6,5,1,1,1,0,3,2,1
216010,26,Biological Sciences/LifeSciences,335,120,215,1,1,0,8,3,5,18,8,10,12,3,9,1,0,1,276,93,183,9,6,3,6,3,3,4,3,1
216010,27,Mathematics,89,57,32,0,0,0,1,1,0,3,3,0,4,3,1,0,0,0,79,49,30,1,0,1,1,1,0,0,0,0
216010,40,Physical Sciences,145,100,45,0,0,0,6,5,1,11,6,5,7,6,1,0,0,0,110,76,34,6,3,3,4,3,1,1,1,0
216010,52,Business Management and Administrative Services,1301,864,437,2,0,2,29,16,13,102,72,30,47,34,13,0,0,0,1065,703,362,27,15,12,16,13,3,13,11,2
216038,13,Education,850,174,676,2,1,1,9,1,8,21,9,12,18,8,10,1,1,0,774,146,628,16,4,12,7,3,4,2,1,1
216038,14,Engineering,9,9,0,0,0,0,0,0,0,1,1,0,0,0,0,0,0,0,7,7,0,0,0,0,0,0,0,1,1,0
216038,26,Biological Sciences/LifeSciences,308,90,218,2,2,0,4,1,3,22,7,15,4,0,4,1,0,1,250,73,177,17,4,13,5,2,3,3,1,2
216038,27,Mathematics,148,66,82,0,0,0,0,0,0,6,3,3,4,2,2,0,0,0,134,60,74,2,0,2,2,1,1,0,0,0
216038,40,Physical Sciences,249,148,101,1,0,1,0,0,0,6,2,4,9,4,5,0,0,0,213,130,83,6,3,3,8,5,3,6,4,2
216038,52,Business Management and Administrative Services,795,500,295,3,1,2,3,1,2,34,20,14,18,9,9,1,1,0,671,423,248,31,23,8,7,5,2,27,17,10
216278,13,Education,140,21,119,0,0,0,3,0,3,3,0,3,6,2,4,0,0,0,116,17,99,6,1,5,5,1,4,1,0,1
216278,26,Biological Sciences/LifeSciences,281,96,185,1,0,1,10,2,8,30,9,21,14,1,13,0,0,0,211,81,130,12,3,9,1,0,1,2,0,2
216278,27,Mathematics,35,15,20,0,0,0,2,0,2,4,3,1,0,0,0,0,0,0,27,12,15,1,0,1,0,0,0,1,0,1
216278,40,Physical Sciences,94,60,34,0,0,0,1,1,0,3,3,0,5,4,1,0,0,0,82,51,31,1,0,1,1,1,0,1,0,1
216278,52,Business Management and Administrative Services,514,351,163,0,0,0,10,8,2,26,21,5,26,18,8,0,0,0,428,289,139,6,3,3,1,0,1,17,12,5
216287,13,Education,37,8,29,0,0,0,2,1,1,5,0,5,9,4,5,0,0,0,15,2,13,4,0,4,1,0,1,1,1,0
216287,14,Engineering,71,46,25,0,0,0,11,8,3,2,2,0,7,6,1,0,0,0,33,19,14,7,2,5,1,1,0,10,8,2
216287,26,Biological Sciences/LifeSciences,85,32,53,0,0,0,20,8,12,3,1,2,8,1,7,0,0,0,34,15,19,11,4,7,3,1,2,6,2,4
216287,27,Mathematics,33,23,10,0,0,0,6,5,1,0,0,0,1,0,1,0,0,0,14,9,5,2,1,1,1,1,0,9,7,2
216287,40,Physical Sciences,46,29,17,0,0,0,9,6,3,0,0,0,5,3,2,0,0,0,22,15,7,5,2,3,1,1,0,4,2,2
216311,13,Education,124,124,0,0,0,0,0,0,0,0,0,0,0,0,0,0,0,0,120,120,0,0,0,0,0,0,0,4,4,0
216339,13,Education,1221,380,841,2,0,2,63,14,49,117,31,86,79,16,63,2,0,2,793,242,551,33,7,26,115,67,48,17,3,14
216339,14,Engineering,1720,1367,353,2,2,0,226,169,57,167,123,44,77,58,19,0,0,0,895,738,157,33,23,10,78,66,12,242,188,54
216339,26,Biological Sciences/LifeSciences,2265,834,1431,5,3,2,581,229,352,295,76,219,159,48,111,2,0,2,956,374,582,68,29,39,84,34,50,115,41,74
216339,27,Mathematics,144,90,54,0,0,0,17,6,11,11,7,4,7,5,2,0,0,0,90,64,26,3,1,2,5,3,2,11,4,7
216339,40,Physical Sciences,460,251,209,0,0,0,85,41,44,45,21,24,26,12,14,2,1,1,242,143,99,13,8,5,18,9,9,29,16,13
216339,52,Business Management and Administrative Services,6688,3903,2785,6,5,1,825,425,400,594,250,344,320,177,143,5,3,2,3638,2322,1316,156,92,64,276,171,105,868,458,410
216357,13,Education,63,16,47,0,0,0,2,0,2,2,2,0,0,0,0,0,0,0,55,12,43,1,0,1,3,2,1,0,0,0
216357,14,Engineering,9,8,1,0,0,0,0,0,0,2,2,0,0,0,0,0,0,0,7,6,1,0,0,0,0,0,0,0,0,0
216357,26,Biological Sciences/LifeSciences,100,47,53,0,0,0,1,0,1,9,2,7,4,2,2,0,0,0,80,40,40,4,2,2,2,1,1,0,0,0
216357,27,Mathematics,21,10,11,0,0,0,1,0,1,0,0,0,0,0,0,0,0,0,19,9,10,0,0,0,1,1,0,0,0,0
216357,40,Physical Sciences,18,6,12,0,0,0,1,1,0,2,1,1,0,0,0,0,0,0,14,4,10,1,0,1,0,0,0,0,0,0
216357,52,Business Management and Administrative Services,150,97,53,0,0,0,13,4,9,24,19,5,4,3,1,0,0,0,103,67,36,1,0,1,5,4,1,0,0,0
216524,26,Biological Sciences/LifeSciences,376,142,234,0,0,0,26,5,21,15,5,10,20,9,11,0,0,0,292,118,174,12,2,10,9,2,7,2,1,1
216524,27,Mathematics,37,23,14,0,0,0,2,1,1,0,0,0,4,4,0,0,0,0,26,14,12,1,1,0,1,1,0,3,2,1
216524,40,Physical Sciences,37,18,19,0,0,0,1,1,0,1,1,0,1,0,1,0,0,0,31,15,16,1,0,1,0,0,0,2,1,1
216542,13,Education,60,10,50,0,0,0,1,0,1,11,3,8,10,0,10,0,0,0,33,6,27,3,0,3,2,1,1,0,0,0
216542,52,Business Management and Administrative Services,62,29,33,0,0,0,1,0,1,17,9,8,14,7,7,0,0,0,24,11,13,3,1,2,3,1,2,0,0,0
216597,13,Education,16,1,15,0,0,0,1,0,1,1,0,1,3,1,2,0,0,0,11,0,11,0,0,0,0,0,0,0,0,0
216597,14,Engineering,1068,765,303,1,0,1,64,49,15,37,22,15,60,42,18,0,0,0,848,611,237,24,16,8,10,7,3,24,18,6
216597,26,Biological Sciences/LifeSciences,418,145,273,0,0,0,76,30,46,36,10,26,44,19,25,0,0,0,242,82,160,9,2,7,6,1,5,5,1,4
216597,27,Mathematics,135,62,73,0,0,0,12,6,6,4,4,0,5,4,1,0,0,0,107,42,65,2,1,1,2,2,0,3,3,0
216597,40,Physical Sciences,147,72,75,0,0,0,13,4,9,5,3,2,12,3,9,0,0,0,105,54,51,5,3,2,4,2,2,3,3,0
216597,52,Business Management and Administrative Services,1769,1053,716,0,0,0,128,63,65,46,25,21,105,64,41,0,0,0,1397,851,546,34,22,12,25,16,9,34,12,22
216667,13,Education,29,4,25,0,0,0,0,0,0,0,0,0,1,0,1,0,0,0,26,4,22,0,0,0,2,0,2,0,0,0
216667,26,Biological Sciences/LifeSciences,93,41,52,0,0,0,3,0,3,4,2,2,0,0,0,0,0,0,76,33,43,2,1,1,5,2,3,3,3,0
216667,27,Mathematics,28,11,17,0,0,0,1,1,0,1,1,0,0,0,0,0,0,0,22,8,14,2,0,2,0,0,0,2,1,1
216667,40,Physical Sciences,49,32,17,0,0,0,1,1,0,3,1,2,1,0,1,0,0,0,41,28,13,1,0,1,2,2,0,0,0,0
216667,52,Business Management and Administrative Services,185,116,69,0,0,0,2,0,2,6,5,1,5,3,2,0,0,0,164,103,61,2,2,0,0,0,0,6,3,3
216694,13,Education,72,9,63,0,0,0,0,0,0,0,0,0,0,0,0,0,0,0,70,8,62,2,1,1,0,0,0,0,0,0
216694,26,Biological Sciences/LifeSciences,109,53,56,0,0,0,2,1,1,6,3,3,2,0,2,0,0,0,96,47,49,3,2,1,0,0,0,0,0,0
216694,27,Mathematics,22,14,8,0,0,0,0,0,0,1,1,0,0,0,0,0,0,0,19,12,7,1,0,1,1,1,0,0,0,0
216694,40,Physical Sciences,27,14,13,0,0,0,0,0,0,0,0,0,0,0,0,0,0,0,27,14,13,0,0,0,0,0,0,0,0,0
216694,52,Business Management and Administrative Services,189,127,62,0,0,0,2,1,1,9,8,1,1,1,0,0,0,0,165,107,58,9,8,1,3,2,1,0,0,0
216764,13,Education,1002,75,927,2,0,2,16,5,11,24,1,23,40,3,37,1,0,1,895,63,832,21,2,19,2,1,1,1,0,1
216764,26,Biological Sciences/LifeSciences,609,223,386,0,0,0,45,15,30,65,21,44,42,18,24,0,0,0,434,162,272,14,6,8,8,1,7,1,0,1
216764,27,Mathematics,244,129,115,0,0,0,6,4,2,10,5,5,8,5,3,1,1,0,208,106,102,8,6,2,2,2,0,1,0,1
216764,40,Physical Sciences,421,244,177,0,0,0,6,1,5,19,9,10,23,17,6,0,0,0,345,201,144,19,12,7,6,4,2,3,0,3
216764,52,Business Management and Administrative Services,2991,1834,1157,2,0,2,60,31,29,285,161,124,144,84,60,4,3,1,2360,1479,881,94,53,41,20,16,4,22,7,15
216807,13,Education,144,34,110,0,0,0,3,1,2,0,0,0,1,0,1,0,0,0,114,26,88,2,0,2,24,7,17,0,0,0
216807,14,Engineering,11,10,1,0,0,0,0,0,0,1,1,0,0,0,0,0,0,0,7,6,1,0,0,0,3,3,0,0,0,0
216807,26,Biological Sciences/LifeSciences,214,64,150,2,1,1,4,1,3,16,6,10,2,2,0,0,0,0,143,45,98,7,0,7,39,9,30,1,0,1
216807,27,Mathematics,32,12,20,0,0,0,0,0,0,1,0,1,1,1,0,0,0,0,22,8,14,0,0,0,8,3,5,0,0,0
216807,40,Physical Sciences,28,14,14,0,0,0,0,0,0,1,0,1,0,0,0,0,0,0,24,12,12,0,0,0,3,2,1,0,0,0
216807,52,Business Management and Administrative Services,246,154,92,0,0,0,1,1,0,14,12,2,5,4,1,0,0,0,158,82,76,6,4,2,60,49,11,2,2,0
216852,13,Education,96,27,69,0,0,0,2,1,1,9,3,6,6,1,5,0,0,0,76,21,55,1,0,1,1,1,0,1,0,1
216852,14,Engineering,539,427,112,2,2,0,19,13,6,23,20,3,18,12,6,0,0,0,410,322,88,19,16,3,8,4,4,40,38,2
216852,26,Biological Sciences/LifeSciences,193,58,135,1,0,1,27,9,18,15,3,12,17,2,15,0,0,0,119,41,78,6,2,4,3,1,2,5,0,5
216852,27,Mathematics,6,5,1,0,0,0,0,0,0,1,1,0,0,0,0,0,0,0,4,3,1,0,0,0,0,0,0,1,1,0
216852,40,Physical Sciences,18,9,9,0,0,0,0,0,0,3,1,2,1,0,1,0,0,0,14,8,6,0,0,0,0,0,0,0,0,0
216852,52,Business Management and Administrative Services,583,407,176,1,0,1,13,7,6,74,50,24,18,11,7,0,0,0,398,283,115,19,11,8,5,2,3,55,43,12
216931,13,Education,91,16,75,0,0,0,1,0,1,3,1,2,4,1,3,0,0,0,77,13,64,4,1,3,2,0,2,0,0,0
216931,14,Engineering,458,399,59,2,2,0,10,9,1,14,13,1,12,11,1,1,1,0,296,260,36,10,7,3,11,6,5,102,90,12
216931,26,Biological Sciences/LifeSciences,207,83,124,0,0,0,14,4,10,8,2,6,20,7,13,0,0,0,152,65,87,8,3,5,3,2,1,2,0,2
216931,27,Mathematics,12,6,6,0,0,0,0,0,0,0,0,0,0,0,0,0,0,0,11,5,6,1,1,0,0,0,0,0,0,0
216931,40,Physical Sciences,48,25,23,0,0,0,0,0,0,1,1,0,2,1,1,0,0,0,41,21,20,1,1,0,2,0,2,1,1,0
216931,52,Business Management and Administrative Services,411,279,132,4,3,1,9,4,5,15,10,5,34,20,14,0,0,0,275,181,94,9,7,2,7,4,3,58,50,8
217013,13,Education,7,1,6,0,0,0,0,0,0,0,0,0,0,0,0,0,0,0,6,0,6,0,0,0,1,1,0,0,0,0
217013,26,Biological Sciences/LifeSciences,7,1,6,0,0,0,0,0,0,0,0,0,0,0,0,0,0,0,5,1,4,0,0,0,1,0,1,1,0,1
217013,27,Mathematics,3,2,1,0,0,0,0,0,0,0,0,0,0,0,0,0,0,0,3,2,1,0,0,0,0,0,0,0,0,0
217013,40,Physical Sciences,1,0,1,0,0,0,0,0,0,0,0,0,0,0,0,0,0,0,0,0,0,0,0,0,1,0,1,0,0,0
217013,52,Business Management and Administrative Services,32,5,27,1,0,1,1,0,1,3,1,2,0,0,0,0,0,0,23,4,19,1,0,1,3,0,3,0,0,0
217059,13,Education,318,58,260,1,0,1,2,1,1,9,2,7,10,2,8,0,0,0,286,51,235,8,2,6,2,0,2,0,0,0
217059,14,Engineering,328,298,30,0,0,0,8,6,2,6,6,0,17,14,3,1,1,0,276,253,23,12,12,0,6,5,1,2,1,1
217059,26,Biological Sciences/LifeSciences,256,75,181,0,0,0,11,6,5,13,4,9,31,11,20,0,0,0,179,47,132,15,3,12,6,3,3,1,1,0
217059,27,Mathematics,25,14,11,0,0,0,2,1,1,3,1,2,1,0,1,0,0,0,18,11,7,1,1,0,0,0,0,0,0,0
217059,40,Physical Sciences,47,22,25,0,0,0,1,1,0,2,1,1,3,0,3,0,0,0,37,19,18,3,0,3,1,1,0,0,0,0
217059,52,Business Management and Administrative Services,822,498,324,8,7,1,10,0,10,29,17,12,46,26,20,1,1,0,693,422,271,19,15,4,11,8,3,5,2,3
217156,13,Education,37,9,28,0,0,0,9,2,7,3,2,1,7,2,5,0,0,0,10,3,7,2,0,2,5,0,5,1,0,1
217156,14,Engineering,268,163,105,0,0,0,39,25,14,15,10,5,30,20,10,1,0,1,117,76,41,25,12,13,11,3,8,30,17,13
217156,26,Biological Sciences/LifeSciences,389,187,202,3,1,2,83,39,44,32,15,17,57,29,28,0,0,0,148,80,68,20,9,11,24,7,17,22,7,15
217156,27,Mathematics,295,194,101,0,0,0,51,36,15,8,6,2,11,8,3,1,1,0,125,85,40,10,5,5,21,15,6,68,38,30
217156,40,Physical Sciences,112,69,43,0,0,0,16,7,9,6,5,1,13,7,6,0,0,0,63,44,19,3,1,2,5,2,3,6,3,3
217156,52,Business Management and Administrative Services,189,119,70,0,0,0,7,0,7,14,10,4,13,7,6,0,0,0,112,80,32,5,3,2,15,7,8,23,12,11
217165,26,Biological Sciences/LifeSciences,71,17,54,0,0,0,1,0,1,4,2,2,8,4,4,0,0,0,52,10,42,1,0,1,1,0,1,4,1,3
217165,27,Mathematics,200,129,71,2,1,1,9,4,5,2,1,1,7,6,1,0,0,0,164,105,59,5,3,2,1,1,0,10,8,2
217165,52,Business Management and Administrative Services,2661,1665,996,9,6,3,118,59,59,91,53,38,182,98,84,3,3,0,1970,1265,705,31,16,15,53,35,18,204,130,74
217235,14,Engineering,93,76,17,0,0,0,3,3,0,19,14,5,8,8,0,0,0,0,40,34,6,4,2,2,6,4,2,13,11,2
217235,26,Biological Sciences/LifeSciences,102,23,79,1,0,1,1,1,0,18,3,15,8,3,5,0,0,0,61,15,46,6,1,5,2,0,2,5,0,5
217235,52,Business Management and Administrative Services,2667,1088,1579,12,7,5,33,16,17,302,114,188,334,114,220,2,0,2,1375,563,812,143,52,91,125,49,76,341,173,168
217305,52,Business Management and Administrative Services,142,101,41,2,1,1,3,3,0,12,5,7,16,9,7,0,0,0,83,64,19,6,4,2,10,7,3,10,8,2
217402,13,Education,241,38,203,0,0,0,3,0,3,4,1,3,16,4,12,0,0,0,203,29,174,2,1,1,12,3,9,1,0,1
217402,14,Engineering,51,35,16,0,0,0,3,1,2,2,2,0,12,7,5,0,0,0,31,23,8,2,1,1,0,0,0,1,1,0
217402,26,Biological Sciences/LifeSciences,419,131,288,0,0,0,4,2,2,16,5,11,50,11,39,5,1,4,314,102,212,12,5,7,14,3,11,4,2,2
217402,27,Mathematics,49,18,31,0,0,0,1,0,1,1,0,1,1,0,1,1,0,1,36,13,23,0,0,0,3,1,2,6,4,2
217402,40,Physical Sciences,24,10,14,0,0,0,0,0,0,2,1,1,0,0,0,0,0,0,21,8,13,0,0,0,1,1,0,0,0,0
217402,52,Business Management and Administrative Services,1305,787,518,7,3,4,12,5,7,33,21,12,93,48,45,1,0,1,1055,655,400,15,7,8,54,22,32,35,26,9
217420,13,Education,1173,257,916,3,0,3,20,6,14,38,13,25,112,26,86,0,0,0,893,194,699,21,5,16,85,13,72,1,0,1
217420,26,Biological Sciences/LifeSciences,255,76,179,0,0,0,13,2,11,33,7,26,74,21,53,0,0,0,113,37,76,6,2,4,15,6,9,1,1,0
217420,27,Mathematics,33,17,16,0,0,0,1,0,1,2,2,0,10,4,6,0,0,0,17,9,8,0,0,0,3,2,1,0,0,0
217420,40,Physical Sciences,77,41,36,0,0,0,3,0,3,15,7,8,11,5,6,0,0,0,35,21,14,2,2,0,11,6,5,0,0,0
217420,52,Business Management and Administrative Services,1044,569,475,3,1,2,48,18,30,103,60,43,234,117,117,1,0,1,577,332,245,16,11,5,58,28,30,4,2,2
217484,13,Education,465,99,366,2,1,1,13,3,10,8,3,5,37,8,29,1,0,1,370,76,294,11,1,10,22,7,15,1,0,1
217484,14,Engineering,1398,1121,277,0,0,0,66,54,12,49,40,9,90,69,21,0,0,0,1044,838,206,36,24,12,71,64,7,42,32,10
217484,26,Biological Sciences/LifeSciences,833,299,534,1,1,0,39,16,23,50,13,37,88,32,56,1,0,1,583,217,366,22,5,17,40,14,26,9,1,8
217484,27,Mathematics,68,43,25,0,0,0,3,2,1,2,2,0,5,2,3,0,0,0,48,31,17,0,0,0,10,6,4,0,0,0
217484,40,Physical Sciences,170,104,66,0,0,0,8,6,2,3,2,1,16,8,8,0,0,0,117,73,44,4,3,1,17,10,7,5,2,3
217484,52,Business Management and Administrative Services,1527,942,585,1,0,1,31,19,12,70,45,25,117,65,52,0,0,0,1128,704,424,30,21,9,97,59,38,53,29,24
217518,13,Education,240,26,214,1,0,1,3,0,3,0,0,0,6,1,5,0,0,0,206,23,183,5,0,5,14,2,12,5,0,5
217518,14,Engineering,320,261,59,0,0,0,5,4,1,1,1,0,18,15,3,0,0,0,240,191,49,1,1,0,13,9,4,42,40,2
217518,26,Biological Sciences/LifeSciences,372,123,249,1,0,1,9,3,6,7,3,4,14,2,12,1,0,1,303,102,201,7,1,6,23,9,14,7,3,4
217518,27,Mathematics,23,9,14,0,0,0,0,0,0,0,0,0,0,0,0,0,0,0,20,8,12,0,0,0,2,0,2,1,1,0
217518,40,Physical Sciences,15,7,8,0,0,0,0,0,0,0,0,0,0,0,0,0,0,0,11,7,4,1,0,1,1,0,1,2,0,2
217518,52,Business Management and Administrative Services,1174,728,446,0,0,0,8,3,5,13,9,4,55,26,29,0,0,0,930,580,350,28,15,13,77,43,34,63,52,11
217536,13,Education,199,16,183,0,0,0,0,0,0,0,0,0,8,0,8,0,0,0,178,15,163,3,1,2,10,0,10,0,0,0
217536,26,Biological Sciences/LifeSciences,175,38,137,1,0,1,2,0,2,4,0,4,12,3,9,1,0,1,140,30,110,6,3,3,8,1,7,1,1,0
217536,27,Mathematics,6,3,3,0,0,0,0,0,0,1,1,0,0,0,0,0,0,0,4,2,2,1,0,1,0,0,0,0,0,0
217536,40,Physical Sciences,20,5,15,0,0,0,1,1,0,1,0,1,1,0,1,0,0,0,15,3,12,1,1,0,1,0,1,0,0,0
217536,52,Business Management and Administrative Services,409,239,170,0,0,0,5,5,0,5,2,3,25,15,10,1,0,1,331,192,139,11,5,6,20,15,5,11,5,6
217624,26,Biological Sciences/LifeSciences,130,31,99,0,0,0,0,0,0,128,31,97,1,0,1,0,0,0,1,0,1,0,0,0,0,0,0,0,0,0
217624,27,Mathematics,66,44,22,0,0,0,0,0,0,64,42,22,0,0,0,0,0,0,2,2,0,0,0,0,0,0,0,0,0,0
217624,52,Business Management and Administrative Services,173,107,66,0,0,0,0,0,0,170,106,64,1,0,1,0,0,0,2,1,1,0,0,0,0,0,0,0,0,0
217633,13,Education,515,84,431,1,0,1,1,1,0,19,5,14,13,4,9,0,0,0,464,70,394,10,2,8,7,2,5,0,0,0
217633,14,Engineering,26,22,4,0,0,0,0,0,0,4,3,1,0,0,0,0,0,0,19,16,3,3,3,0,0,0,0,0,0,0
217633,26,Biological Sciences/LifeSciences,131,53,78,0,0,0,2,0,2,8,2,6,5,2,3,0,0,0,109,45,64,4,3,1,2,1,1,1,0,1
217633,27,Mathematics,9,4,5,0,0,0,0,0,0,0,0,0,0,0,0,0,0,0,9,4,5,0,0,0,0,0,0,0,0,0
217633,52,Business Management and Administrative Services,477,249,228,0,0,0,4,1,3,42,16,26,19,6,13,0,0,0,359,190,169,19,10,9,25,19,6,9,7,2
217688,13,Education,373,99,274,1,0,1,1,0,1,70,29,41,8,1,7,0,0,0,269,61,208,11,2,9,12,6,6,1,0,1
217688,26,Biological Sciences/LifeSciences,280,86,194,5,1,4,8,3,5,70,21,49,11,3,8,0,0,0,173,54,119,5,2,3,7,2,5,1,0,1
217688,27,Mathematics,44,36,8,0,0,0,0,0,0,6,6,0,2,2,0,0,0,0,29,21,8,4,4,0,3,3,0,0,0,0
217688,40,Physical Sciences,18,8,10,0,0,0,0,0,0,4,1,3,0,0,0,0,0,0,9,6,3,1,0,1,1,1,0,3,0,3
217688,52,Business Management and Administrative Services,527,284,243,5,2,3,13,3,10,134,65,69,19,8,11,0,0,0,325,193,132,11,6,5,15,6,9,5,1,4
217721,13,Education,81,26,55,0,0,0,0,0,0,81,26,55,0,0,0,0,0,0,0,0,0,0,0,0,0,0,0,0,0,0
217721,14,Engineering,133,113,20,0,0,0,0,0,0,133,113,20,0,0,0,0,0,0,0,0,0,0,0,0,0,0,0,0,0,0
217721,26,Biological Sciences/LifeSciences,207,53,154,0,0,0,1,1,0,206,52,154,0,0,0,0,0,0,0,0,0,0,0,0,0,0,0,0,0,0
217721,27,Mathematics,10,7,3,0,0,0,0,0,0,10,7,3,0,0,0,0,0,0,0,0,0,0,0,0,0,0,0,0,0,0
217721,40,Physical Sciences,23,8,15,0,0,0,0,0,0,22,7,15,1,1,0,0,0,0,0,0,0,0,0,0,0,0,0,0,0,0
217721,52,Business Management and Administrative Services,386,235,151,2,1,1,1,1,0,381,232,149,2,1,1,0,0,0,0,0,0,0,0,0,0,0,0,0,0,0
217749,13,Education,294,46,248,1,1,0,3,0,3,3,1,2,18,3,15,1,0,1,244,37,207,5,0,5,5,1,4,14,3,11
217749,14,Engineering,92,80,12,0,0,0,4,3,1,1,0,1,3,3,0,0,0,0,69,61,8,3,2,1,4,4,0,8,7,1
217749,26,Biological Sciences/LifeSciences,108,51,57,0,0,0,2,1,1,0,0,0,7,1,6,1,0,1,85,43,42,3,2,1,3,1,2,7,3,4
217749,27,Mathematics,7,5,2,0,0,0,0,0,0,0,0,0,0,0,0,0,0,0,7,5,2,0,0,0,0,0,0,0,0,0
217749,40,Physical Sciences,16,14,2,0,0,0,0,0,0,0,0,0,1,0,1,0,0,0,13,12,1,0,0,0,0,0,0,2,2,0
217749,52,Business Management and Administrative Services,404,261,143,3,2,1,6,4,2,10,10,0,19,10,9,4,2,2,311,200,111,14,10,4,8,7,1,29,16,13
217776,13,Education,145,37,108,0,0,0,0,0,0,15,7,8,3,0,3,0,0,0,120,27,93,0,0,0,6,2,4,1,1,0
217776,26,Biological Sciences/LifeSciences,65,17,48,0,0,0,0,0,0,12,5,7,3,0,3,0,0,0,47,12,35,0,0,0,2,0,2,1,0,1
217776,27,Mathematics,5,1,4,0,0,0,0,0,0,0,0,0,0,0,0,0,0,0,5,1,4,0,0,0,0,0,0,0,0,0
217776,40,Physical Sciences,6,4,2,0,0,0,0,0,0,0,0,0,0,0,0,0,0,0,6,4,2,0,0,0,0,0,0,0,0,0
217776,52,Business Management and Administrative Services,487,210,277,1,1,0,2,2,0,134,43,91,19,10,9,2,0,2,262,125,137,0,0,0,49,15,34,18,14,4
217819,13,Education,497,96,401,2,0,2,4,3,1,44,18,26,27,7,20,1,1,0,392,64,328,24,2,22,2,1,1,1,0,1
217819,26,Biological Sciences/LifeSciences,1217,376,841,2,2,0,46,13,33,112,27,85,66,24,42,3,2,1,912,288,624,55,17,38,15,3,12,6,0,6
217819,27,Mathematics,61,25,36,0,0,0,4,1,3,8,1,7,4,2,2,0,0,0,42,20,22,3,1,2,0,0,0,0,0,0
217819,40,Physical Sciences,343,182,161,0,0,0,10,2,8,22,10,12,21,9,12,1,0,1,261,145,116,22,13,9,4,2,2,2,1,1
217819,52,Business Management and Administrative Services,1717,858,859,5,2,3,24,10,14,92,48,44,86,41,45,1,0,1,1420,712,708,50,25,25,14,9,5,25,11,14
217864,13,Education,39,34,5,1,1,0,0,0,0,3,2,1,1,1,0,0,0,0,34,30,4,0,0,0,0,0,0,0,0,0
217864,14,Engineering,660,632,28,2,2,0,15,15,0,50,49,1,34,33,1,4,4,0,515,491,24,29,27,2,5,5,0,6,6,0
217864,26,Biological Sciences/LifeSciences,130,110,20,1,0,1,0,0,0,13,11,2,9,5,4,0,0,0,100,87,13,7,7,0,0,0,0,0,0,0
217864,27,Mathematics,13,12,1,0,0,0,1,1,0,1,0,1,1,1,0,0,0,0,7,7,0,1,1,0,0,0,0,2,2,0
217864,40,Physical Sciences,66,52,14,1,1,0,3,3,0,1,0,1,5,5,0,0,0,0,49,40,9,5,1,4,0,0,0,2,2,0
217864,52,Business Management and Administrative Services,734,684,50,4,4,0,8,8,0,61,52,9,36,32,4,1,1,0,590,560,30,24,22,2,0,0,0,10,5,5
217873,13,Education,190,50,140,1,0,1,1,1,0,176,46,130,5,2,3,0,0,0,6,1,5,0,0,0,1,0,1,0,0,0
217873,14,Engineering,32,25,7,0,0,0,2,2,0,28,22,6,0,0,0,0,0,0,0,0,0,0,0,0,0,0,0,2,1,1
217873,26,Biological Sciences/LifeSciences,296,53,243,1,1,0,2,0,2,269,45,224,2,0,2,0,0,0,0,0,0,1,1,0,1,0,1,20,6,14
217873,27,Mathematics,25,18,7,0,0,0,0,0,0,22,15,7,0,0,0,0,0,0,1,1,0,0,0,0,1,1,0,1,1,0
217873,40,Physical Sciences,7,0,7,0,0,0,0,0,0,7,0,7,0,0,0,0,0,0,0,0,0,0,0,0,0,0,0,0,0,0
217873,52,Business Management and Administrative Services,382,158,224,9,3,6,3,1,2,348,143,205,7,3,4,1,0,1,4,4,0,0,0,0,5,2,3,5,2,3
217882,13,Education,579,111,468,0,0,0,3,0,3,35,18,17,12,2,10,0,0,0,516,89,427,12,2,10,1,0,1,0,0,0
217882,14,Engineering,2981,2274,707,9,6,3,109,79,30,144,94,50,119,94,25,3,3,0,2459,1895,564,85,59,26,17,14,3,36,30,6
217882,26,Biological Sciences/LifeSciences,1956,671,1285,5,1,4,93,34,59,142,45,97,80,26,54,0,0,0,1564,548,1016,64,16,48,4,0,4,4,1,3
217882,27,Mathematics,193,107,86,0,0,0,9,7,2,7,2,5,2,2,0,0,0,0,164,89,75,7,4,3,1,1,0,3,2,1
217882,40,Physical Sciences,251,160,91,2,2,0,8,4,4,14,8,6,10,6,4,0,0,0,205,133,72,8,4,4,2,1,1,2,2,0
217882,52,Business Management and Administrative Services,1938,1175,763,0,0,0,29,16,13,93,56,37,58,39,19,1,0,1,1715,1039,676,25,14,11,11,7,4,6,4,2
217891,13,Education,4,0,4,0,0,0,0,0,0,4,0,4,0,0,0,0,0,0,0,0,0,0,0,0,0,0,0,0,0,0
217907,13,Education,97,20,77,1,0,1,0,0,0,36,9,27,3,0,3,0,0,0,51,10,41,2,1,1,0,0,0,4,0,4
217907,26,Biological Sciences/LifeSciences,68,27,41,0,0,0,0,0,0,21,8,13,3,0,3,0,0,0,35,15,20,4,2,2,1,0,1,4,2,2
217907,27,Mathematics,9,6,3,0,0,0,0,0,0,4,3,1,0,0,0,0,0,0,5,3,2,0,0,0,0,0,0,0,0,0
217907,40,Physical Sciences,14,5,9,0,0,0,0,0,0,2,0,2,1,0,1,0,0,0,8,4,4,1,0,1,0,0,0,2,1,1
217907,52,Business Management and Administrative Services,282,153,129,4,4,0,2,1,1,79,40,39,7,3,4,0,0,0,163,91,72,19,10,9,4,2,2,4,2,2
217925,13,Education,48,6,42,0,0,0,2,0,2,3,0,3,1,1,0,0,0,0,40,5,35,1,0,1,1,0,1,0,0,0
217925,52,Business Management and Administrative Services,52,42,10,0,0,0,0,0,0,7,4,3,2,2,0,0,0,0,37,31,6,0,0,0,0,0,0,6,5,1
217934,13,Education,185,2,183,2,0,2,0,0,0,62,1,61,9,0,9,0,0,0,107,1,106,4,0,4,0,0,0,1,0,1
217934,26,Biological Sciences/LifeSciences,90,0,90,0,0,0,2,0,2,33,0,33,6,0,6,0,0,0,36,0,36,7,0,7,2,0,2,4,0,4
217934,27,Mathematics,11,0,11,0,0,0,0,0,0,5,0,5,0,0,0,0,0,0,5,0,5,1,0,1,0,0,0,0,0,0
217934,40,Physical Sciences,17,0,17,0,0,0,0,0,0,3,0,3,2,0,2,1,0,1,5,0,5,0,0,0,0,0,0,6,0,6
217934,52,Business Management and Administrative Services,109,11,98,0,0,0,1,0,1,39,3,36,8,2,6,0,0,0,45,6,39,2,0,2,0,0,0,14,0,14
217961,13,Education,112,0,112,0,0,0,0,0,0,17,0,17,2,0,2,0,0,0,82,0,82,3,0,3,8,0,8,0,0,0
217961,26,Biological Sciences/LifeSciences,47,0,47,0,0,0,2,0,2,4,0,4,1,0,1,0,0,0,37,0,37,0,0,0,2,0,2,1,0,1
217961,27,Mathematics,18,0,18,0,0,0,0,0,0,1,0,1,0,0,0,0,0,0,14,0,14,1,0,1,2,0,2,0,0,0
217961,40,Physical Sciences,2,0,2,0,0,0,0,0,0,1,0,1,1,0,1,0,0,0,0,0,0,0,0,0,0,0,0,0,0,0
217961,52,Business Management and Administrative Services,40,0,40,0,0,0,0,0,0,5,0,5,3,0,3,0,0,0,23,0,23,2,0,2,5,0,5,2,0,2
217998,13,Education,50,28,22,0,0,0,1,1,0,2,1,1,1,0,1,0,0,0,29,15,14,0,0,0,17,11,6,0,0,0
217998,26,Biological Sciences/LifeSciences,102,43,59,0,0,0,5,2,3,11,3,8,3,2,1,1,0,1,49,19,30,0,0,0,33,17,16,0,0,0
217998,27,Mathematics,14,6,8,0,0,0,1,0,1,0,0,0,0,0,0,0,0,0,8,3,5,0,0,0,5,3,2,0,0,0
217998,40,Physical Sciences,31,14,17,0,0,0,0,0,0,0,0,0,1,1,0,0,0,0,19,7,12,0,0,0,11,6,5,0,0,0
217998,52,Business Management and Administrative Services,121,63,58,1,1,0,0,0,0,11,3,8,5,3,2,1,0,1,61,30,31,0,0,0,42,26,16,0,0,0
218061,13,Education,322,41,281,1,1,0,1,0,1,128,17,111,4,0,4,0,0,0,174,21,153,11,2,9,3,0,3,0,0,0
218061,14,Engineering,29,23,6,1,0,1,1,1,0,3,3,0,1,1,0,1,1,0,21,17,4,1,0,1,0,0,0,0,0,0
218061,26,Biological Sciences/LifeSciences,977,180,797,4,0,4,11,5,6,451,43,408,19,3,16,0,0,0,448,117,331,32,4,28,6,4,2,6,4,2
218061,27,Mathematics,30,11,19,0,0,0,1,1,0,14,4,10,1,0,1,0,0,0,14,6,8,0,0,0,0,0,0,0,0,0
218061,40,Physical Sciences,124,79,45,1,1,0,2,1,1,33,13,20,5,3,2,0,0,0,76,55,21,5,4,1,0,0,0,2,2,0
218061,52,Business Management and Administrative Services,464,250,214,3,2,1,15,8,7,192,76,116,17,8,9,0,0,0,200,129,71,5,3,2,2,1,1,30,23,7
218070,13,Education,69,7,62,1,0,1,1,0,1,6,2,4,3,0,3,0,0,0,57,5,52,1,0,1,0,0,0,0,0,0
218070,14,Engineering,6,6,0,0,0,0,0,0,0,0,0,0,0,0,0,0,0,0,6,6,0,0,0,0,0,0,0,0,0,0
218070,26,Biological Sciences/LifeSciences,127,38,89,0,0,0,7,1,6,5,0,5,4,1,3,0,0,0,99,34,65,7,0,7,0,0,0,5,2,3
218070,27,Mathematics,24,13,11,0,0,0,0,0,0,0,0,0,0,0,0,0,0,0,16,8,8,1,0,1,1,1,0,6,4,2
218070,40,Physical Sciences,106,62,44,0,0,0,3,2,1,4,1,3,4,0,4,0,0,0,75,50,25,5,3,2,3,1,2,12,5,7
218070,52,Business Management and Administrative Services,307,191,116,1,0,1,3,2,1,15,11,4,14,7,7,0,0,0,246,153,93,6,4,2,12,8,4,10,6,4
218229,13,Education,358,37,321,0,0,0,0,0,0,90,15,75,2,0,2,0,0,0,240,18,222,5,0,5,15,2,13,6,2,4
218229,26,Biological Sciences/LifeSciences,181,48,133,0,0,0,1,0,1,46,5,41,5,4,1,0,0,0,121,36,85,3,2,1,4,0,4,1,1,0
218229,27,Mathematics,59,39,20,0,0,0,0,0,0,11,8,3,3,1,2,0,0,0,43,29,14,1,0,1,0,0,0,1,1,0
218229,40,Physical Sciences,42,15,27,1,1,0,3,2,1,13,2,11,0,0,0,0,0,0,19,8,11,3,1,2,1,0,1,2,1,1
218229,52,Business Management and Administrative Services,452,210,242,0,0,0,4,3,1,117,34,83,10,4,6,0,0,0,241,118,123,9,4,5,15,6,9,56,41,15
218238,13,Education,178,87,91,0,0,0,0,0,0,56,36,20,5,3,2,0,0,0,110,45,65,0,0,0,1,0,1,6,3,3
218238,26,Biological Sciences/LifeSciences,113,50,63,3,1,2,1,1,0,36,15,21,7,4,3,0,0,0,59,26,33,1,0,1,1,1,0,5,2,3
218238,27,Mathematics,11,8,3,0,0,0,0,0,0,2,2,0,0,0,0,0,0,0,6,5,1,0,0,0,0,0,0,3,1,2
218238,40,Physical Sciences,5,3,2,0,0,0,0,0,0,2,1,1,2,2,0,0,0,0,1,0,1,0,0,0,0,0,0,0,0,0
218238,52,Business Management and Administrative Services,965,430,535,2,1,1,5,0,5,452,160,292,29,11,18,0,0,0,421,218,203,1,0,1,15,7,8,40,33,7
218399,13,Education,81,24,57,0,0,0,0,0,0,81,24,57,0,0,0,0,0,0,0,0,0,0,0,0,0,0,0,0,0,0
218399,26,Biological Sciences/LifeSciences,69,9,60,0,0,0,0,0,0,67,9,58,0,0,0,0,0,0,0,0,0,2,0,2,0,0,0,0,0,0
218399,27,Mathematics,16,11,5,0,0,0,0,0,0,16,11,5,0,0,0,0,0,0,0,0,0,0,0,0,0,0,0,0,0,0
218399,52,Business Management and Administrative Services,117,65,52,0,0,0,0,0,0,115,64,51,0,0,0,0,0,0,0,0,0,2,1,1,0,0,0,0,0,0
218414,13,Education,139,57,82,0,0,0,3,1,2,25,18,7,3,1,2,0,0,0,99,34,65,3,3,0,5,0,5,1,0,1
218414,26,Biological Sciences/LifeSciences,98,34,64,0,0,0,1,1,0,18,9,9,4,1,3,0,0,0,67,23,44,3,0,3,3,0,3,2,0,2
218414,27,Mathematics,18,10,8,0,0,0,0,0,0,4,2,2,1,1,0,0,0,0,10,4,6,1,1,0,1,1,0,1,1,0
218414,40,Physical Sciences,21,10,11,0,0,0,0,0,0,2,1,1,3,1,2,0,0,0,14,8,6,1,0,1,1,0,1,0,0,0
218414,52,Business Management and Administrative Services,160,123,37,1,1,0,1,0,1,43,40,3,3,1,2,0,0,0,82,61,21,4,2,2,7,4,3,19,14,5
218441,13,Education,356,78,278,0,0,0,2,0,2,13,7,6,5,0,5,1,0,1,318,65,253,0,0,0,17,6,11,0,0,0
218441,26,Biological Sciences/LifeSciences,146,53,93,1,1,0,3,3,0,6,2,4,9,2,7,1,1,0,103,38,65,0,0,0,21,6,15,2,0,2
218441,27,Mathematics,38,32,6,0,0,0,0,0,0,7,7,0,0,0,0,0,0,0,28,23,5,0,0,0,3,2,1,0,0,0
218441,52,Business Management and Administrative Services,406,263,143,1,1,0,2,1,1,48,39,9,13,8,5,0,0,0,308,191,117,0,0,0,32,21,11,2,2,0
218539,13,Education,34,5,29,0,0,0,0,0,0,1,1,0,0,0,0,0,0,0,33,4,29,0,0,0,0,0,0,0,0,0
218539,26,Biological Sciences/LifeSciences,88,31,57,0,0,0,1,0,1,15,10,5,1,0,1,0,0,0,68,20,48,2,1,1,0,0,0,1,0,1
218539,27,Mathematics,9,3,6,0,0,0,0,0,0,1,1,0,0,0,0,0,0,0,8,2,6,0,0,0,0,0,0,0,0,0
218539,40,Physical Sciences,44,28,16,0,0,0,1,1,0,6,2,4,0,0,0,0,0,0,35,23,12,1,1,0,0,0,0,1,1,0
218539,52,Business Management and Administrative Services,120,77,43,0,0,0,0,0,0,12,8,4,3,1,2,0,0,0,98,63,35,2,1,1,1,1,0,4,3,1
218645,13,Education,353,54,299,4,3,1,0,0,0,79,12,67,16,3,13,0,0,0,237,30,207,13,4,9,3,2,1,1,0,1
218645,26,Biological Sciences/LifeSciences,268,75,193,0,0,0,4,1,3,64,8,56,19,4,15,0,0,0,163,57,106,7,2,5,2,1,1,9,2,7
218645,27,Mathematics,264,216,48,1,1,0,4,3,1,53,38,15,13,10,3,0,0,0,139,119,20,11,7,4,3,2,1,40,36,4
218645,52,Business Management and Administrative Services,643,325,318,0,0,0,7,4,3,144,62,82,27,11,16,0,0,0,382,198,184,29,15,14,7,4,3,47,31,16
218654,13,Education,122,22,100,0,0,0,1,0,1,29,9,20,7,1,6,0,0,0,69,11,58,7,1,6,9,0,9,0,0,0
218654,26,Biological Sciences/LifeSciences,278,67,211,1,0,1,5,3,2,70,10,60,35,8,27,0,0,0,140,40,100,15,3,12,11,2,9,1,1,0
218654,52,Business Management and Administrative Services,532,292,240,1,1,0,5,2,3,93,41,52,33,17,16,2,1,1,336,201,135,11,5,6,36,16,20,15,8,7
218663,13,Education,950,135,815,2,1,1,5,1,4,93,24,69,33,6,27,2,1,1,783,97,686,25,3,22,6,1,5,1,1,0
218663,14,Engineering,2246,1778,468,6,2,4,85,64,21,157,119,38,117,95,22,2,2,0,1649,1312,337,74,52,22,22,17,5,134,115,19
218663,26,Biological Sciences/LifeSciences,3231,1120,2111,6,4,2,166,75,91,273,77,196,151,51,100,7,3,4,2437,850,1587,153,46,107,25,8,17,13,6,7
218663,27,Mathematics,193,110,83,0,0,0,5,2,3,11,7,4,8,4,4,0,0,0,152,85,67,11,8,3,2,1,1,4,3,1
218663,40,Physical Sciences,1013,349,664,2,1,1,39,12,27,140,37,103,49,19,30,1,1,0,717,254,463,48,16,32,5,2,3,12,7,5
218663,52,Business Management and Administrative Services,4071,1990,2081,8,3,5,105,50,55,254,107,147,166,83,83,4,2,2,3248,1613,1635,128,54,74,42,18,24,116,60,56
218724,13,Education,707,120,587,1,1,0,2,0,2,125,38,87,34,4,30,0,0,0,517,75,442,22,1,21,6,1,5,0,0,0
218724,14,Engineering,16,15,1,1,1,0,0,0,0,9,8,1,0,0,0,0,0,0,6,6,0,0,0,0,0,0,0,0,0,0
218724,26,Biological Sciences/LifeSciences,1470,504,966,6,1,5,8,2,6,194,67,127,68,21,47,0,0,0,1084,373,711,85,27,58,13,4,9,12,9,3
218724,27,Mathematics,58,33,25,1,1,0,1,1,0,14,10,4,1,1,0,0,0,0,35,18,17,5,2,3,0,0,0,1,0,1
218724,40,Physical Sciences,108,73,35,0,0,0,0,0,0,21,18,3,5,2,3,0,0,0,73,50,23,6,2,4,0,0,0,3,1,2
218724,52,Business Management and Administrative Services,2184,1432,752,2,2,0,15,10,5,342,216,126,79,51,28,1,1,0,1566,1045,521,83,50,33,21,15,6,75,42,33
218733,13,Education,469,259,210,2,1,1,1,0,1,456,254,202,2,0,2,1,1,0,7,3,4,0,0,0,0,0,0,0,0,0
218733,14,Engineering,62,49,13,0,0,0,2,1,1,56,46,10,0,0,0,0,0,0,3,2,1,1,0,1,0,0,0,0,0,0
218733,26,Biological Sciences/LifeSciences,296,72,224,1,0,1,1,0,1,281,70,211,4,0,4,0,0,0,8,2,6,1,0,1,0,0,0,0,0,0
218733,27,Mathematics,29,11,18,0,0,0,0,0,0,28,11,17,0,0,0,0,0,0,1,0,1,0,0,0,0,0,0,0,0,0
218733,40,Physical Sciences,46,14,32,0,0,0,0,0,0,42,13,29,1,0,1,0,0,0,3,1,2,0,0,0,0,0,0,0,0,0
218733,52,Business Management and Administrative Services,312,204,108,1,1,0,2,2,0,293,195,98,2,0,2,0,0,0,11,4,7,0,0,0,0,0,0,3,2,1
218742,13,Education,644,132,512,3,0,3,7,0,7,122,24,98,34,11,23,0,0,0,435,89,346,24,4,20,15,4,11,4,0,4
218742,26,Biological Sciences/LifeSciences,517,168,349,1,0,1,22,11,11,187,38,149,32,15,17,0,0,0,235,89,146,15,4,11,15,6,9,10,5,5
218742,27,Mathematics,27,20,7,0,0,0,0,0,0,1,1,0,0,0,0,0,0,0,24,18,6,2,1,1,0,0,0,0,0,0
218742,40,Physical Sciences,82,55,27,0,0,0,8,6,2,25,14,11,2,1,1,0,0,0,43,31,12,2,1,1,1,1,0,1,1,0
218742,52,Business Management and Administrative Services,759,422,337,2,2,0,24,8,16,190,88,102,44,23,21,0,0,0,423,255,168,27,16,11,22,11,11,27,19,8
218919,26,Biological Sciences/LifeSciences,61,15,46,1,0,1,0,0,0,54,9,45,2,2,0,0,0,0,1,1,0,0,0,0,1,1,0,2,2,0
218919,52,Business Management and Administrative Services,76,37,39,0,0,0,0,0,0,70,33,37,0,0,0,0,0,0,2,2,0,0,0,0,3,2,1,1,0,1
218964,13,Education,859,156,703,2,1,1,4,1,3,204,49,155,26,1,25,1,0,1,599,98,501,22,5,17,0,0,0,1,1,0
218964,26,Biological Sciences/LifeSciences,435,103,332,0,0,0,13,6,7,172,32,140,28,4,24,2,1,1,192,51,141,25,8,17,0,0,0,3,1,2
218964,27,Mathematics,57,22,35,1,1,0,3,1,2,6,1,5,1,1,0,0,0,0,44,18,26,2,0,2,0,0,0,0,0,0
218964,40,Physical Sciences,122,44,78,1,0,1,3,1,2,42,11,31,10,4,6,0,0,0,58,24,34,5,3,2,0,0,0,3,1,2
218964,52,Business Management and Administrative Services,836,403,433,5,0,5,13,7,6,266,112,154,45,14,31,3,1,2,440,236,204,26,10,16,0,0,0,38,23,15
218973,26,Biological Sciences/LifeSciences,190,75,115,2,1,1,9,6,3,8,3,5,4,4,0,0,0,0,156,56,100,8,4,4,0,0,0,3,1,2
218973,27,Mathematics,19,10,9,0,0,0,0,0,0,2,1,1,1,1,0,1,0,1,12,7,5,0,0,0,1,0,1,2,1,1
218973,40,Physical Sciences,71,36,35,0,0,0,5,2,3,4,2,2,2,1,1,0,0,0,58,30,28,1,1,0,0,0,0,1,0,1
218973,52,Business Management and Administrative Services,198,129,69,0,0,0,4,2,2,17,17,0,6,4,2,2,2,0,159,99,60,7,4,3,0,0,0,3,1,2
219000,13,Education,213,61,152,0,0,0,3,1,2,3,3,0,5,3,2,0,0,0,191,48,143,4,2,2,1,0,1,6,4,2
219000,14,Engineering,29,26,3,0,0,0,0,0,0,3,2,1,1,1,0,0,0,0,8,8,0,0,0,0,0,0,0,17,15,2
219000,26,Biological Sciences/LifeSciences,287,125,162,0,0,0,4,2,2,2,0,2,12,6,6,0,0,0,253,109,144,4,3,1,1,1,0,11,4,7
219000,27,Mathematics,32,11,21,0,0,0,0,0,0,1,1,0,1,0,1,0,0,0,28,10,18,0,0,0,0,0,0,2,0,2
219000,40,Physical Sciences,44,15,29,0,0,0,2,1,1,1,0,1,3,1,2,0,0,0,36,11,25,1,1,0,0,0,0,1,1,0
219000,52,Business Management and Administrative Services,208,91,117,0,0,0,1,1,0,6,2,4,4,2,2,0,0,0,178,71,107,3,3,0,0,0,0,16,12,4
219046,13,Education,686,170,516,14,4,10,2,1,1,4,2,2,27,8,19,1,0,1,609,145,464,24,7,17,0,0,0,5,3,2
219046,26,Biological Sciences/LifeSciences,295,78,217,17,6,11,1,0,1,2,2,0,11,2,9,1,0,1,239,64,175,13,4,9,3,0,3,8,0,8
219046,27,Mathematics,9,6,3,0,0,0,0,0,0,1,1,0,1,1,0,0,0,0,7,4,3,0,0,0,0,0,0,0,0,0
219046,40,Physical Sciences,91,46,45,3,0,3,3,1,2,0,0,0,6,4,2,1,0,1,70,36,34,5,4,1,1,0,1,2,1,1
219046,52,Business Management and Administrative Services,548,274,274,20,7,13,7,5,2,10,5,5,26,15,11,1,1,0,442,221,221,27,14,13,3,2,1,12,4,8
219082,13,Education,320,87,233,1,0,1,0,0,0,8,7,1,5,4,1,0,0,0,295,72,223,10,4,6,0,0,0,1,0,1
219082,26,Biological Sciences/LifeSciences,40,14,26,0,0,0,0,0,0,1,1,0,2,0,2,0,0,0,33,12,21,2,1,1,0,0,0,2,0,2
219082,27,Mathematics,24,20,4,0,0,0,0,0,0,0,0,0,0,0,0,0,0,0,23,19,4,1,1,0,0,0,0,0,0,0
219082,40,Physical Sciences,5,2,3,0,0,0,0,0,0,0,0,0,0,0,0,0,0,0,5,2,3,0,0,0,0,0,0,0,0,0
219082,52,Business Management and Administrative Services,161,88,73,0,0,0,2,0,2,8,7,1,2,2,0,0,0,0,143,77,66,3,1,2,0,0,0,3,1,2
219091,13,Education,91,51,40,0,0,0,0,0,0,1,0,1,3,2,1,0,0,0,82,45,37,4,3,1,0,0,0,1,1,0
219091,26,Biological Sciences/LifeSciences,66,37,29,0,0,0,0,0,0,1,0,1,3,3,0,0,0,0,59,33,26,3,1,2,0,0,0,0,0,0
219091,27,Mathematics,4,3,1,0,0,0,0,0,0,0,0,0,0,0,0,0,0,0,4,3,1,0,0,0,0,0,0,0,0,0
219091,52,Business Management and Administrative Services,110,73,37,1,1,0,1,0,1,2,2,0,0,0,0,0,0,0,102,67,35,0,0,0,0,0,0,4,3,1
219198,13,Education,113,30,83,3,2,1,0,0,0,1,1,0,2,1,1,0,0,0,107,26,81,0,0,0,0,0,0,0,0,0
219198,26,Biological Sciences/LifeSciences,16,4,12,1,0,1,0,0,0,0,0,0,2,1,1,0,0,0,13,3,10,0,0,0,0,0,0,0,0,0
219198,27,Mathematics,1,0,1,0,0,0,0,0,0,0,0,0,0,0,0,0,0,0,1,0,1,0,0,0,0,0,0,0,0,0
219198,52,Business Management and Administrative Services,125,88,37,9,4,5,1,1,0,19,17,2,14,13,1,2,2,0,59,31,28,19,18,1,2,2,0,0,0,0
219204,52,Business Management and Administrative Services,1543,338,1205,43,7,36,12,3,9,494,93,401,88,21,67,137,131,6,570,27,543,16,5,11,178,50,128,5,1,4
219213,52,Business Management and Administrative Services,365,61,304,24,2,22,6,2,4,31,8,23,8,1,7,2,2,0,283,43,240,2,1,1,8,2,6,1,0,1
219259,13,Education,408,106,302,2,1,1,2,0,2,2,1,1,8,1,7,0,0,0,380,97,283,10,4,6,0,0,0,4,2,2
219259,26,Biological Sciences/LifeSciences,171,73,98,6,3,3,1,0,1,4,1,3,4,2,2,0,0,0,137,57,80,6,2,4,0,0,0,13,8,5
219259,27,Mathematics,7,6,1,0,0,0,0,0,0,1,1,0,1,1,0,0,0,0,3,2,1,0,0,0,0,0,0,2,2,0
219259,40,Physical Sciences,26,14,12,0,0,0,0,0,0,2,1,1,0,0,0,0,0,0,19,9,10,1,1,0,0,0,0,4,3,1
219259,52,Business Management and Administrative Services,540,276,264,7,0,7,5,2,3,4,4,0,20,10,10,1,0,1,439,226,213,15,7,8,2,2,0,47,25,22
219277,13,Education,137,21,116,137,21,116,0,0,0,0,0,0,0,0,0,0,0,0,0,0,0,0,0,0,0,0,0,0,0,0
219277,52,Business Management and Administrative Services,253,80,173,250,80,170,0,0,0,0,0,0,1,0,1,0,0,0,2,0,2,0,0,0,0,0,0,0,0,0
219295,13,Education,4,4,0,0,0,0,0,0,0,0,0,0,0,0,0,0,0,0,4,4,0,0,0,0,0,0,0,0,0,0
219295,26,Biological Sciences/LifeSciences,24,10,14,0,0,0,0,0,0,2,1,1,4,2,2,0,0,0,16,5,11,0,0,0,2,2,0,0,0,0
219295,52,Business Management and Administrative Services,90,81,9,1,1,0,2,2,0,16,16,0,13,10,3,0,0,0,55,51,4,0,0,0,3,1,2,0,0,0
219347,14,Engineering,1804,1504,300,30,23,7,20,15,5,31,31,0,87,73,14,1,1,0,1523,1262,261,57,50,7,10,9,1,45,40,5
219347,26,Biological Sciences/LifeSciences,85,31,54,2,0,2,2,1,1,0,0,0,4,2,2,0,0,0,73,27,46,3,0,3,0,0,0,1,1,0
219347,27,Mathematics,44,29,15,0,0,0,0,0,0,0,0,0,3,2,1,0,0,0,37,26,11,2,0,2,0,0,0,2,1,1
219347,40,Physical Sciences,171,116,55,2,1,1,2,1,1,0,0,0,8,7,1,0,0,0,147,99,48,4,2,2,3,1,2,5,5,0
219356,13,Education,639,91,548,1,0,1,3,0,3,11,2,9,14,1,13,0,0,0,589,85,504,11,2,9,2,0,2,8,1,7
219356,14,Engineering,1001,882,119,7,4,3,8,8,0,21,19,2,13,9,4,0,0,0,785,690,95,13,11,2,5,5,0,149,136,13
219356,26,Biological Sciences/LifeSciences,569,258,311,4,1,3,11,5,6,9,7,2,13,7,6,0,0,0,495,221,274,15,4,11,1,1,0,21,12,9
219356,27,Mathematics,138,77,61,2,2,0,0,0,0,1,1,0,3,2,1,0,0,0,130,72,58,2,0,2,0,0,0,0,0,0
219356,40,Physical Sciences,45,30,15,0,0,0,1,0,1,0,0,0,3,1,2,0,0,0,36,26,10,0,0,0,0,0,0,5,3,2
219356,52,Business Management and Administrative Services,268,167,101,2,1,1,1,1,0,7,5,2,6,3,3,1,1,0,217,137,80,9,6,3,0,0,0,25,13,12
219374,13,Education,81,23,58,62,18,44,0,0,0,0,0,0,0,0,0,0,0,0,19,5,14,0,0,0,0,0,0,0,0,0
219374,26,Biological Sciences/LifeSciences,2,0,2,2,0,2,0,0,0,0,0,0,0,0,0,0,0,0,0,0,0,0,0,0,0,0,0,0,0,0
219374,52,Business Management and Administrative Services,94,23,71,91,23,68,0,0,0,0,0,0,0,0,0,0,0,0,3,0,3,0,0,0,0,0,0,0,0,0
219383,13,Education,174,37,137,0,0,0,0,0,0,4,2,2,0,0,0,0,0,0,159,31,128,8,3,5,2,0,2,1,1,0
219383,26,Biological Sciences/LifeSciences,78,26,52,0,0,0,4,1,3,4,3,1,1,0,1,0,0,0,66,20,46,2,1,1,0,0,0,1,1,0
219383,27,Mathematics,30,18,12,0,0,0,0,0,0,1,1,0,0,0,0,0,0,0,28,16,12,1,1,0,0,0,0,0,0,0
219383,40,Physical Sciences,16,7,9,0,0,0,0,0,0,0,0,0,0,0,0,0,0,0,14,6,8,1,0,1,0,0,0,1,1,0
219383,52,Business Management and Administrative Services,279,158,121,2,1,1,1,1,0,11,11,0,1,1,0,0,0,0,250,137,113,7,3,4,1,1,0,6,3,3
219471,13,Education,616,163,453,4,0,4,3,2,1,3,2,1,12,3,9,0,0,0,566,140,426,26,14,12,1,1,0,1,1,0
219471,26,Biological Sciences/LifeSciences,512,233,279,9,4,5,13,6,7,12,8,4,19,8,11,0,0,0,424,193,231,16,7,9,2,2,0,17,5,12
219471,27,Mathematics,46,24,22,0,0,0,0,0,0,1,1,0,1,0,1,0,0,0,39,19,20,0,0,0,0,0,0,5,4,1
219471,40,Physical Sciences,45,31,14,0,0,0,2,1,1,2,2,0,1,0,1,0,0,0,28,21,7,2,0,2,0,0,0,10,7,3
219471,52,Business Management and Administrative Services,966,624,342,9,5,4,7,3,4,25,21,4,28,14,14,2,2,0,830,536,294,18,10,8,4,3,1,43,30,13
219578,13,Education,61,4,57,0,0,0,1,0,1,1,0,1,1,0,1,0,0,0,51,4,47,4,0,4,1,0,1,2,0,2
219578,52,Business Management and Administrative Services,22,14,8,0,0,0,0,0,0,2,2,0,1,1,0,2,1,1,16,9,7,0,0,0,1,1,0,0,0,0
219602,13,Education,426,36,390,0,0,0,1,1,0,63,8,55,15,0,15,1,0,1,320,27,293,18,0,18,8,0,8,0,0,0
219602,26,Biological Sciences/LifeSciences,427,149,278,1,0,1,10,4,6,71,13,58,36,12,24,2,2,0,268,105,163,25,9,16,14,4,10,0,0,0
219602,27,Mathematics,66,33,33,0,0,0,3,2,1,6,2,4,5,3,2,0,0,0,44,21,23,5,3,2,3,2,1,0,0,0
219602,40,Physical Sciences,318,166,152,2,1,1,6,1,5,46,18,28,24,8,16,0,0,0,210,123,87,21,10,11,9,5,4,0,0,0
219602,52,Business Management and Administrative Services,956,505,451,2,1,1,17,7,10,232,116,116,59,27,32,3,1,2,571,319,252,42,20,22,21,9,12,9,5,4
219639,26,Biological Sciences/LifeSciences,56,12,44,0,0,0,2,0,2,23,3,20,3,3,0,0,0,0,28,6,22,0,0,0,0,0,0,0,0,0
219709,13,Education,111,25,86,0,0,0,1,0,1,2,1,1,9,2,7,0,0,0,95,20,75,3,2,1,1,0,1,0,0,0
219709,26,Biological Sciences/LifeSciences,219,54,165,2,0,2,17,2,15,29,7,22,10,2,8,1,1,0,137,39,98,13,1,12,8,2,6,2,0,2
219709,27,Mathematics,24,9,15,0,0,0,1,0,1,1,1,0,0,0,0,0,0,0,20,7,13,1,0,1,1,1,0,0,0,0
219709,40,Physical Sciences,25,10,15,0,0,0,0,0,0,2,1,1,2,2,0,0,0,0,18,6,12,2,0,2,0,0,0,1,1,0
219709,52,Business Management and Administrative Services,639,341,298,4,1,3,20,11,9,37,19,18,34,17,17,0,0,0,489,264,225,23,9,14,18,9,9,14,11,3
219718,13,Education,65,14,51,3,2,1,1,1,0,9,2,7,1,0,1,0,0,0,48,8,40,0,0,0,1,0,1,2,1,1
219718,26,Biological Sciences/LifeSciences,50,24,26,0,0,0,0,0,0,4,2,2,1,0,1,0,0,0,43,21,22,0,0,0,1,1,0,1,0,1
219718,27,Mathematics,21,15,6,0,0,0,0,0,0,0,0,0,1,1,0,0,0,0,19,14,5,0,0,0,1,0,1,0,0,0
219718,40,Physical Sciences,11,4,7,0,0,0,0,0,0,0,0,0,0,0,0,1,1,0,8,3,5,0,0,0,1,0,1,1,0,1
219718,52,Business Management and Administrative Services,2124,687,1437,9,4,5,7,3,4,1077,251,826,24,8,16,5,2,3,906,382,524,28,5,23,40,10,30,28,22,6
219790,13,Education,98,35,63,2,1,1,0,0,0,2,1,1,2,0,2,0,0,0,90,31,59,0,0,0,0,0,0,2,2,0
219790,26,Biological Sciences/LifeSciences,42,15,27,0,0,0,0,0,0,1,0,1,3,1,2,0,0,0,36,12,24,0,0,0,0,0,0,2,2,0
219790,27,Mathematics,3,3,0,0,0,0,0,0,0,0,0,0,0,0,0,0,0,0,3,3,0,0,0,0,0,0,0,0,0,0
219790,52,Business Management and Administrative Services,387,206,181,0,0,0,2,2,0,32,15,17,16,8,8,1,1,0,307,162,145,9,4,5,5,2,3,15,12,3
219806,13,Education,255,67,188,1,0,1,0,0,0,8,5,3,2,0,2,0,0,0,236,58,178,5,2,3,2,1,1,1,1,0
219806,26,Biological Sciences/LifeSciences,75,37,38,0,0,0,0,0,0,3,2,1,0,0,0,0,0,0,63,29,34,4,3,1,0,0,0,5,3,2
219806,27,Mathematics,13,7,6,0,0,0,0,0,0,1,0,1,1,1,0,0,0,0,11,6,5,0,0,0,0,0,0,0,0,0
219806,40,Physical Sciences,25,12,13,0,0,0,0,0,0,0,0,0,1,1,0,0,0,0,24,11,13,0,0,0,0,0,0,0,0,0
219806,52,Business Management and Administrative Services,237,166,71,1,0,1,2,0,2,26,24,2,7,5,2,3,3,0,169,112,57,6,4,2,0,0,0,23,18,5
219833,13,Education,42,6,36,0,0,0,0,0,0,9,1,8,2,1,1,0,0,0,18,3,15,2,0,2,9,1,8,2,0,2
219833,14,Engineering,325,260,65,5,3,2,22,17,5,36,22,14,28,24,4,0,0,0,142,114,28,14,9,5,31,26,5,47,45,2
219833,26,Biological Sciences/LifeSciences,180,60,120,1,1,0,31,9,22,41,11,30,11,3,8,0,0,0,66,29,37,8,2,6,18,4,14,4,1,3
219833,27,Mathematics,18,9,9,0,0,0,2,2,0,1,0,1,2,1,1,0,0,0,10,5,5,1,0,1,2,1,1,0,0,0
219833,40,Physical Sciences,94,25,69,0,0,0,23,5,18,23,3,20,3,0,3,0,0,0,34,16,18,3,0,3,7,1,6,1,0,1
219833,52,Business Management and Administrative Services,358,179,179,0,0,0,11,7,4,139,48,91,22,9,13,0,0,0,133,89,44,8,3,5,35,16,19,10,7,3
219949,13,Education,200,105,95,1,1,0,6,6,0,32,21,11,7,4,3,0,0,0,100,41,59,0,0,0,42,23,19,12,9,3
219949,26,Biological Sciences/LifeSciences,128,56,72,1,0,1,2,1,1,6,4,2,12,6,6,0,0,0,85,35,50,0,0,0,21,10,11,1,0,1
219949,27,Mathematics,16,13,3,0,0,0,1,1,0,3,3,0,0,0,0,0,0,0,8,5,3,0,0,0,3,3,0,1,1,0
219949,52,Business Management and Administrative Services,296,197,99,3,3,0,4,1,3,46,36,10,6,3,3,0,0,0,156,99,57,0,0,0,60,41,19,21,14,7
219976,13,Education,268,38,230,0,0,0,5,1,4,7,2,5,13,4,9,0,0,0,227,28,199,8,2,6,3,0,3,5,1,4
219976,14,Engineering,208,174,34,0,0,0,7,6,1,8,6,2,6,5,1,0,0,0,163,139,24,8,6,2,9,7,2,7,5,2
219976,26,Biological Sciences/LifeSciences,322,120,202,1,0,1,15,5,10,25,9,16,29,8,21,0,0,0,225,87,138,7,2,5,11,6,5,9,3,6
219976,27,Mathematics,20,11,9,0,0,0,1,0,1,1,1,0,1,1,0,0,0,0,13,6,7,2,2,0,0,0,0,2,1,1
219976,40,Physical Sciences,21,9,12,0,0,0,2,1,1,1,0,1,2,2,0,0,0,0,14,5,9,0,0,0,0,0,0,2,1,1
219976,52,Business Management and Administrative Services,590,307,283,0,0,0,17,9,8,57,25,32,34,17,17,1,1,0,442,235,207,9,3,6,9,4,5,21,13,8
220002,52,Business Management and Administrative Services,76,30,46,0,0,0,1,0,1,55,25,30,1,0,1,0,0,0,13,2,11,3,0,3,3,3,0,0,0,0
220075,13,Education,272,34,238,0,0,0,0,0,0,4,0,4,1,0,1,0,0,0,261,32,229,2,1,1,4,1,3,0,0,0
220075,14,Engineering,13,11,2,0,0,0,0,0,0,0,0,0,0,0,0,0,0,0,13,11,2,0,0,0,0,0,0,0,0,0
220075,26,Biological Sciences/LifeSciences,567,230,337,1,0,1,26,15,11,28,8,20,12,6,6,2,1,1,472,195,277,17,4,13,6,0,6,3,1,2
220075,27,Mathematics,96,41,55,0,0,0,3,0,3,2,1,1,0,0,0,0,0,0,86,38,48,1,1,0,2,0,2,2,1,1
220075,40,Physical Sciences,284,172,112,0,0,0,11,4,7,12,7,5,6,4,2,1,1,0,240,147,93,8,3,5,5,5,0,1,1,0
220075,52,Business Management and Administrative Services,1386,791,595,1,1,0,15,6,9,70,51,19,31,19,12,1,1,0,1090,623,467,23,13,10,19,12,7,136,65,71
220181,13,Education,7,1,6,0,0,0,0,0,0,4,1,3,0,0,0,0,0,0,0,0,0,1,0,1,2,0,2,0,0,0
220181,26,Biological Sciences/LifeSciences,180,42,138,0,0,0,1,0,1,151,29,122,2,1,1,0,0,0,2,1,1,2,0,2,17,7,10,5,4,1
220181,27,Mathematics,16,9,7,0,0,0,0,0,0,9,3,6,0,0,0,0,0,0,0,0,0,0,0,0,4,4,0,3,2,1
220181,40,Physical Sciences,49,19,30,0,0,0,0,0,0,31,10,21,1,1,0,0,0,0,0,0,0,2,1,1,8,3,5,7,4,3
220181,52,Business Management and Administrative Services,125,67,58,0,0,0,0,0,0,108,58,50,1,0,1,0,0,0,1,0,1,1,0,1,10,7,3,4,2,2
220206,13,Education,44,15,29,0,0,0,0,0,0,1,1,0,3,2,1,0,0,0,39,12,27,1,0,1,0,0,0,0,0,0
220206,26,Biological Sciences/LifeSciences,26,4,22,0,0,0,1,0,1,1,1,0,1,0,1,0,0,0,23,3,20,0,0,0,0,0,0,0,0,0
220206,52,Business Management and Administrative Services,29,16,13,1,1,0,2,2,0,4,3,1,0,0,0,0,0,0,20,8,12,0,0,0,0,0,0,2,2,0
220215,13,Education,143,30,113,0,0,0,2,0,2,4,1,3,4,2,2,0,0,0,119,23,96,3,0,3,9,3,6,2,1,1
220215,14,Engineering,17,13,4,0,0,0,0,0,0,1,1,0,0,0,0,0,0,0,12,9,3,1,0,1,2,2,0,1,1,0
220215,26,Biological Sciences/LifeSciences,73,31,42,0,0,0,3,1,2,2,2,0,2,0,2,0,0,0,58,24,34,3,2,1,4,2,2,1,0,1
220215,27,Mathematics,13,10,3,0,0,0,0,0,0,2,1,1,0,0,0,0,0,0,9,7,2,0,0,0,1,1,0,1,1,0
220215,40,Physical Sciences,18,6,12,0,0,0,0,0,0,0,0,0,0,0,0,0,0,0,17,5,12,0,0,0,1,1,0,0,0,0
220215,52,Business Management and Administrative Services,186,122,64,0,0,0,1,0,1,10,8,2,6,5,1,0,0,0,147,96,51,3,1,2,12,7,5,7,5,2
220473,13,Education,98,17,81,0,0,0,1,0,1,1,0,1,2,0,2,0,0,0,87,16,71,1,0,1,2,0,2,4,1,3
220473,52,Business Management and Administrative Services,69,41,28,0,0,0,0,0,0,4,2,2,3,3,0,0,0,0,49,28,21,2,1,1,3,2,1,8,5,3
220516,13,Education,37,3,34,0,0,0,0,0,0,0,0,0,2,0,2,0,0,0,34,3,31,1,0,1,0,0,0,0,0,0
220516,26,Biological Sciences/LifeSciences,49,17,32,0,0,0,0,0,0,4,1,3,3,2,1,0,0,0,35,13,22,4,0,4,1,1,0,2,0,2
220516,27,Mathematics,9,5,4,0,0,0,1,1,0,1,1,0,0,0,0,0,0,0,5,2,3,2,1,1,0,0,0,0,0,0
220516,40,Physical Sciences,6,5,1,0,0,0,0,0,0,1,1,0,0,0,0,0,0,0,4,4,0,0,0,0,1,0,1,0,0,0
220516,52,Business Management and Administrative Services,489,226,263,1,0,1,2,0,2,25,13,12,9,3,6,0,0,0,409,182,227,8,3,5,16,10,6,19,15,4
220552,13,Education,22,4,18,1,0,1,0,0,0,1,0,1,1,1,0,0,0,0,17,2,15,0,0,0,2,1,1,0,0,0
220552,52,Business Management and Administrative Services,76,26,50,2,0,2,3,0,3,10,2,8,4,2,2,0,0,0,55,22,33,1,0,1,1,0,1,0,0,0
220598,13,Education,197,162,35,1,1,0,1,1,0,162,131,31,0,0,0,0,0,0,2,1,1,2,2,0,29,26,3,0,0,0
220598,26,Biological Sciences/LifeSciences,214,59,155,0,0,0,0,0,0,172,50,122,0,0,0,0,0,0,0,0,0,1,0,1,41,9,32,0,0,0
220598,27,Mathematics,22,15,7,0,0,0,1,0,1,18,14,4,0,0,0,0,0,0,0,0,0,0,0,0,3,1,2,0,0,0
220598,40,Physical Sciences,5,4,1,0,0,0,0,0,0,4,3,1,0,0,0,0,0,0,0,0,0,0,0,0,1,1,0,0,0,0
220598,52,Business Management and Administrative Services,275,162,113,0,0,0,0,0,0,235,140,95,2,2,0,0,0,0,0,0,0,1,1,0,37,19,18,0,0,0
220604,13,Education,88,20,68,0,0,0,0,0,0,86,20,66,0,0,0,0,0,0,0,0,0,0,0,0,0,0,0,2,0,2
220604,26,Biological Sciences/LifeSciences,95,22,73,0,0,0,0,0,0,89,19,70,3,1,2,0,0,0,0,0,0,0,0,0,0,0,0,3,2,1
220604,27,Mathematics,8,5,3,0,0,0,0,0,0,7,4,3,1,1,0,0,0,0,0,0,0,0,0,0,0,0,0,0,0,0
220604,40,Physical Sciences,13,2,11,0,0,0,0,0,0,13,2,11,0,0,0,0,0,0,0,0,0,0,0,0,0,0,0,0,0,0
220604,52,Business Management and Administrative Services,222,89,133,0,0,0,0,0,0,218,86,132,0,0,0,0,0,0,0,0,0,0,0,0,0,0,0,4,3,1
220613,13,Education,639,98,541,2,1,1,7,2,5,17,4,13,15,4,11,0,0,0,558,80,478,15,2,13,18,4,14,7,1,6
220613,26,Biological Sciences/LifeSciences,66,24,42,0,0,0,0,0,0,5,2,3,2,1,1,1,1,0,48,16,32,1,1,0,2,1,1,7,2,5
220613,27,Mathematics,52,30,22,0,0,0,1,1,0,1,1,0,0,0,0,0,0,0,45,27,18,0,0,0,2,0,2,3,1,2
220613,40,Physical Sciences,14,8,6,1,1,0,0,0,0,0,0,0,0,0,0,0,0,0,12,6,6,0,0,0,1,1,0,0,0,0
220613,52,Business Management and Administrative Services,383,234,149,1,1,0,5,2,3,17,11,6,11,7,4,1,1,0,285,171,114,5,2,3,13,9,4,45,30,15
220631,13,Education,44,8,36,0,0,0,0,0,0,0,0,0,0,0,0,0,0,0,44,8,36,0,0,0,0,0,0,0,0,0
220631,26,Biological Sciences/LifeSciences,133,50,83,1,0,1,1,1,0,3,1,2,5,3,2,0,0,0,113,40,73,0,0,0,4,2,2,6,3,3
220631,27,Mathematics,18,8,10,0,0,0,0,0,0,0,0,0,0,0,0,0,0,0,17,8,9,0,0,0,0,0,0,1,0,1
220631,40,Physical Sciences,36,14,22,3,1,2,0,0,0,2,0,2,0,0,0,0,0,0,30,13,17,0,0,0,1,0,1,0,0,0
220631,52,Business Management and Administrative Services,177,112,65,1,1,0,0,0,0,19,12,7,7,5,2,0,0,0,115,66,49,0,0,0,3,2,1,32,26,6
220701,13,Education,77,20,57,1,1,0,1,0,1,2,0,2,1,0,1,0,0,0,67,18,49,1,0,1,3,0,3,1,1,0
220701,26,Biological Sciences/LifeSciences,52,15,37,0,0,0,0,0,0,5,4,1,6,4,2,0,0,0,38,7,31,0,0,0,3,0,3,0,0,0
220701,27,Mathematics,14,8,6,0,0,0,0,0,0,0,0,0,0,0,0,0,0,0,13,7,6,0,0,0,0,0,0,1,1,0
220701,40,Physical Sciences,4,2,2,0,0,0,0,0,0,1,0,1,1,1,0,0,0,0,2,1,1,0,0,0,0,0,0,0,0,0
220701,52,Business Management and Administrative Services,157,93,64,0,0,0,1,1,0,13,7,6,4,1,3,1,0,1,108,65,43,3,1,2,5,3,2,22,15,7
220710,13,Education,79,25,54,0,0,0,1,0,1,7,5,2,0,0,0,0,0,0,67,18,49,4,2,2,0,0,0,0,0,0
220710,14,Engineering,26,23,3,0,0,0,0,0,0,8,8,0,1,0,1,0,0,0,15,13,2,0,0,0,0,0,0,2,2,0
220710,26,Biological Sciences/LifeSciences,94,21,73,0,0,0,3,0,3,6,1,5,1,1,0,0,0,0,74,16,58,6,2,4,0,0,0,4,1,3
220710,27,Mathematics,16,10,6,0,0,0,0,0,0,0,0,0,2,1,1,0,0,0,14,9,5,0,0,0,0,0,0,0,0,0
220710,40,Physical Sciences,6,2,4,0,0,0,0,0,0,0,0,0,0,0,0,0,0,0,6,2,4,0,0,0,0,0,0,0,0,0
220710,52,Business Management and Administrative Services,176,120,56,1,1,0,1,0,1,31,28,3,8,3,5,0,0,0,120,78,42,7,4,3,0,0,0,8,6,2
220862,13,Education,640,115,525,1,0,1,8,3,5,234,46,188,20,3,17,0,0,0,349,59,290,21,2,19,2,0,2,5,2,3
220862,14,Engineering,456,362,94,2,1,1,34,27,7,84,61,23,26,19,7,1,0,1,279,234,45,21,14,7,1,1,0,8,5,3
220862,26,Biological Sciences/LifeSciences,455,172,283,0,0,0,36,17,19,140,39,101,25,13,12,2,1,1,228,92,136,18,6,12,4,3,1,2,1,1
220862,27,Mathematics,63,42,21,0,0,0,6,4,2,21,12,9,6,4,2,0,0,0,28,20,8,2,2,0,0,0,0,0,0,0
220862,40,Physical Sciences,270,125,145,1,0,1,18,12,6,76,26,50,9,5,4,0,0,0,152,77,75,11,4,7,0,0,0,3,1,2
220862,52,Business Management and Administrative Services,2375,1306,1069,8,4,4,99,55,44,776,345,431,110,61,49,3,2,1,1261,763,498,83,54,29,5,3,2,30,19,11
220978,13,Education,792,71,721,2,0,2,8,1,7,135,14,121,28,1,27,1,0,1,590,53,537,17,1,16,4,1,3,7,0,7
220978,14,Engineering,265,235,30,1,1,0,11,9,2,22,20,2,16,11,5,0,0,0,166,149,17,5,4,1,1,1,0,43,40,3
220978,26,Biological Sciences/LifeSciences,972,336,636,3,1,2,57,28,29,232,56,176,57,20,37,1,0,1,572,208,364,27,17,10,1,0,1,22,6,16
220978,27,Mathematics,166,90,76,0,0,0,6,4,2,12,5,7,7,4,3,0,0,0,104,56,48,3,1,2,1,1,0,33,19,14
220978,40,Physical Sciences,311,177,134,0,0,0,15,7,8,43,16,27,10,5,5,0,0,0,224,140,84,11,4,7,0,0,0,8,5,3
220978,52,Business Management and Administrative Services,2762,1700,1062,6,4,2,128,71,57,560,294,266,138,79,59,0,0,0,1680,1068,612,67,41,26,8,5,3,175,138,37
221351,13,Education,16,4,12,0,0,0,0,0,0,0,0,0,1,0,1,0,0,0,15,4,11,0,0,0,0,0,0,0,0,0
221351,26,Biological Sciences/LifeSciences,176,62,114,0,0,0,20,7,13,14,6,8,11,3,8,0,0,0,114,40,74,9,5,4,4,0,4,4,1,3
221351,27,Mathematics,7,5,2,0,0,0,0,0,0,1,1,0,1,1,0,0,0,0,5,3,2,0,0,0,0,0,0,0,0,0
221351,40,Physical Sciences,56,32,24,0,0,0,9,4,5,3,3,0,2,1,1,0,0,0,39,21,18,1,1,0,0,0,0,2,2,0
221351,52,Business Management and Administrative Services,144,89,55,1,1,0,5,4,1,5,3,2,10,6,4,0,0,0,110,65,45,7,5,2,3,3,0,3,2,1
221519,26,Biological Sciences/LifeSciences,55,19,36,0,0,0,2,0,2,3,2,1,6,2,4,0,0,0,42,15,27,1,0,1,0,0,0,1,0,1
221519,27,Mathematics,17,6,11,0,0,0,0,0,0,0,0,0,2,1,1,0,0,0,11,3,8,0,0,0,0,0,0,4,2,2
221519,40,Physical Sciences,33,17,16,0,0,0,0,0,0,1,1,0,3,0,3,0,0,0,25,15,10,1,0,1,0,0,0,3,1,2
221661,13,Education,143,37,106,0,0,0,12,1,11,12,3,9,37,9,28,0,0,0,71,23,48,8,1,7,0,0,0,3,0,3
221661,14,Engineering,24,17,7,0,0,0,2,2,0,1,1,0,5,3,2,0,0,0,14,9,5,1,1,0,0,0,0,1,1,0
221661,26,Biological Sciences/LifeSciences,328,162,166,0,0,0,70,42,28,30,13,17,76,39,37,1,0,1,108,48,60,28,13,15,0,0,0,15,7,8
221661,27,Mathematics,27,16,11,0,0,0,4,3,1,1,0,1,4,3,1,0,0,0,15,9,6,2,0,2,0,0,0,1,1,0
221661,40,Physical Sciences,55,27,28,0,0,0,12,2,10,4,0,4,9,4,5,0,0,0,24,17,7,3,2,1,0,0,0,3,2,1
221661,52,Business Management and Administrative Services,302,176,126,0,0,0,20,14,6,37,23,14,64,33,31,4,1,3,155,95,60,10,7,3,0,0,0,12,3,9
221731,13,Education,19,5,14,0,0,0,0,0,0,0,0,0,0,0,0,0,0,0,14,3,11,1,1,0,4,1,3,0,0,0
221731,26,Biological Sciences/LifeSciences,44,19,25,0,0,0,0,0,0,1,0,1,1,1,0,0,0,0,18,7,11,1,0,1,23,11,12,0,0,0
221731,27,Mathematics,39,25,14,0,0,0,0,0,0,1,1,0,0,0,0,0,0,0,15,9,6,3,1,2,20,14,6,0,0,0
221731,40,Physical Sciences,25,9,16,0,0,0,0,0,0,1,1,0,0,0,0,0,0,0,14,4,10,0,0,0,10,4,6,0,0,0
221731,52,Business Management and Administrative Services,309,154,155,0,0,0,1,0,1,12,5,7,5,3,2,0,0,0,130,53,77,2,1,1,159,92,67,0,0,0
221740,13,Education,842,122,720,1,0,1,10,0,10,76,9,67,21,3,18,1,1,0,687,103,584,41,6,35,5,0,5,0,0,0
221740,14,Engineering,864,732,132,5,3,2,31,22,9,63,52,11,36,28,8,0,0,0,623,533,90,49,41,8,10,10,0,47,43,4
221740,26,Biological Sciences/LifeSciences,682,243,439,2,1,1,32,11,21,97,22,75,29,11,18,2,0,2,467,181,286,45,13,32,3,2,1,5,2,3
221740,27,Mathematics,82,41,41,0,0,0,0,0,0,3,1,2,3,2,1,0,0,0,70,35,35,4,1,3,1,1,0,1,1,0
221740,40,Physical Sciences,272,153,119,1,0,1,9,6,3,19,8,11,12,6,6,17,16,1,197,109,88,12,7,5,3,0,3,2,1,1
221740,52,Business Management and Administrative Services,618,341,277,0,0,0,13,3,10,50,31,19,17,9,8,0,0,0,483,269,214,34,16,18,9,5,4,12,8,4
221759,13,Education,136,9,127,1,0,1,0,0,0,4,3,1,1,0,1,0,0,0,123,5,118,3,1,2,3,0,3,1,0,1
221759,14,Engineering,2822,2233,589,3,3,0,137,111,26,108,79,29,99,69,30,3,2,1,2232,1786,446,73,56,17,100,73,27,67,54,13
221759,26,Biological Sciences/LifeSciences,1022,503,519,3,2,1,84,43,41,85,41,44,45,17,28,0,0,0,724,360,364,38,19,19,36,17,19,7,4,3
221759,27,Mathematics,232,143,89,0,0,0,12,10,2,12,8,4,10,7,3,1,1,0,173,102,71,7,2,5,4,3,1,13,10,3
221759,40,Physical Sciences,509,327,182,3,2,1,19,11,8,26,15,11,24,14,10,0,0,0,390,253,137,21,14,7,16,13,3,10,5,5
221759,52,Business Management and Administrative Services,4005,2548,1457,8,4,4,124,71,53,204,112,92,133,79,54,1,1,0,3197,2061,1136,96,61,35,113,81,32,129,78,51
221768,13,Education,519,101,418,0,0,0,0,0,0,51,10,41,11,3,8,0,0,0,450,87,363,7,1,6,0,0,0,0,0,0
221768,14,Engineering,468,305,163,2,2,0,3,3,0,35,12,23,20,13,7,0,0,0,369,246,123,13,7,6,0,0,0,26,22,4
221768,26,Biological Sciences/LifeSciences,121,34,87,0,0,0,2,0,2,26,7,19,2,1,1,0,0,0,86,24,62,2,1,1,0,0,0,3,1,2
221768,27,Mathematics,23,13,10,0,0,0,0,0,0,2,1,1,2,1,1,0,0,0,17,10,7,2,1,1,0,0,0,0,0,0
221768,40,Physical Sciences,88,54,34,1,1,0,0,0,0,12,5,7,4,3,1,0,0,0,66,44,22,3,0,3,0,0,0,2,1,1
221768,52,Business Management and Administrative Services,898,530,368,1,0,1,3,1,2,106,59,47,20,10,10,0,0,0,640,355,285,24,18,6,0,0,0,104,87,17
221838,13,Education,280,72,208,0,0,0,2,0,2,221,57,164,2,0,2,0,0,0,41,11,30,8,1,7,2,1,1,4,2,2
221838,14,Engineering,634,553,81,0,0,0,4,2,2,264,211,53,5,5,0,0,0,0,81,68,13,13,12,1,5,5,0,262,250,12
221838,26,Biological Sciences/LifeSciences,378,94,284,0,0,0,4,2,2,313,76,237,4,1,3,0,0,0,26,8,18,6,0,6,4,0,4,21,7,14
221838,27,Mathematics,29,16,13,0,0,0,0,0,0,22,11,11,0,0,0,0,0,0,7,5,2,0,0,0,0,0,0,0,0,0
221838,40,Physical Sciences,108,28,80,0,0,0,2,0,2,80,16,64,2,1,1,0,0,0,13,6,7,4,2,2,1,0,1,6,3,3
221838,52,Business Management and Administrative Services,1047,559,488,2,1,1,13,4,9,735,344,391,11,6,5,0,0,0,108,53,55,22,16,6,4,1,3,152,134,18
221847,13,Education,809,128,681,0,0,0,7,0,7,9,2,7,19,2,17,0,0,0,760,121,639,10,2,8,2,1,1,2,0,2
221847,14,Engineering,1985,1707,278,2,2,0,38,32,6,66,58,8,52,42,10,0,0,0,1482,1249,233,58,55,3,23,19,4,264,250,14
221847,26,Biological Sciences/LifeSciences,316,129,187,0,0,0,7,2,5,10,5,5,7,3,4,0,0,0,269,106,163,11,7,4,2,1,1,10,5,5
221847,27,Mathematics,57,34,23,0,0,0,3,1,2,1,1,0,3,3,0,0,0,0,47,28,19,1,0,1,1,1,0,1,0,1
221847,40,Physical Sciences,226,148,78,2,1,1,8,2,6,5,4,1,5,3,2,0,0,0,189,129,60,9,5,4,3,1,2,5,3,2
221847,52,Business Management and Administrative Services,1224,743,481,1,0,1,23,11,12,56,43,13,29,19,10,1,1,0,1003,598,405,31,13,18,2,2,0,78,56,22
221892,13,Education,107,16,91,0,0,0,1,0,1,3,0,3,12,0,12,0,0,0,87,16,71,1,0,1,2,0,2,1,0,1
221892,14,Engineering,20,15,5,0,0,0,0,0,0,0,0,0,6,3,3,0,0,0,8,6,2,1,1,0,0,0,0,5,5,0
221892,26,Biological Sciences/LifeSciences,101,36,65,0,0,0,3,0,3,7,0,7,18,8,10,0,0,0,63,26,37,3,1,2,2,0,2,5,1,4
221892,27,Mathematics,8,3,5,0,0,0,0,0,0,0,0,0,1,0,1,0,0,0,7,3,4,0,0,0,0,0,0,0,0,0
221892,40,Physical Sciences,21,8,13,1,0,1,0,0,0,0,0,0,2,1,1,0,0,0,16,5,11,1,1,0,0,0,0,1,1,0
221892,52,Business Management and Administrative Services,567,227,340,2,0,2,6,3,3,128,45,83,72,26,46,2,1,1,313,136,177,12,6,6,20,5,15,12,5,7
221953,13,Education,153,28,125,0,0,0,0,0,0,6,2,4,3,1,2,0,0,0,136,24,112,1,0,1,5,0,5,2,1,1
221953,26,Biological Sciences/LifeSciences,63,17,46,0,0,0,1,0,1,9,4,5,3,2,1,0,0,0,40,7,33,3,1,2,5,2,3,2,1,1
221953,27,Mathematics,20,10,10,0,0,0,0,0,0,3,3,0,1,0,1,0,0,0,15,7,8,0,0,0,0,0,0,1,0,1
221953,40,Physical Sciences,4,3,1,0,0,0,0,0,0,0,0,0,0,0,0,0,0,0,4,3,1,0,0,0,0,0,0,0,0,0
221953,52,Business Management and Administrative Services,475,241,234,4,2,2,4,1,3,33,17,16,11,7,4,0,0,0,388,191,197,3,2,1,15,7,8,17,14,3
221971,13,Education,141,22,119,0,0,0,1,0,1,9,3,6,3,0,3,0,0,0,126,19,107,0,0,0,2,0,2,0,0,0
221971,14,Engineering,44,35,9,0,0,0,2,1,1,3,2,1,0,0,0,0,0,0,38,32,6,0,0,0,1,0,1,0,0,0
221971,26,Biological Sciences/LifeSciences,166,64,102,3,2,1,8,4,4,8,2,6,3,3,0,0,0,0,139,52,87,0,0,0,5,1,4,0,0,0
221971,27,Mathematics,11,6,5,1,0,1,0,0,0,1,0,1,0,0,0,0,0,0,8,5,3,0,0,0,1,1,0,0,0,0
221971,40,Physical Sciences,40,21,19,0,0,0,1,1,0,2,1,1,1,0,1,0,0,0,35,19,16,0,0,0,1,0,1,0,0,0
221971,52,Business Management and Administrative Services,160,104,56,1,1,0,1,1,0,8,3,5,5,3,2,0,0,0,141,92,49,0,0,0,4,4,0,0,0,0
221999,13,Education,266,43,223,0,0,0,22,4,18,13,3,10,19,5,14,0,0,0,181,27,154,13,2,11,8,1,7,10,1,9
221999,14,Engineering,1107,734,373,8,7,1,125,87,38,78,53,25,91,52,39,1,0,1,569,387,182,59,36,23,40,32,8,136,80,56
221999,26,Biological Sciences/LifeSciences,306,139,167,1,0,1,76,39,37,23,13,10,19,4,15,0,0,0,149,66,83,13,8,5,15,3,12,10,6,4
221999,27,Mathematics,69,45,24,0,0,0,14,8,6,0,0,0,2,2,0,0,0,0,34,22,12,6,5,1,5,4,1,8,4,4
221999,40,Physical Sciences,63,38,25,0,0,0,11,7,4,4,1,3,5,2,3,0,0,0,33,22,11,4,2,2,2,0,2,4,4,0
222178,13,Education,283,52,231,3,0,3,1,1,0,15,5,10,42,15,27,0,0,0,205,27,178,13,3,10,0,0,0,4,1,3
222178,14,Engineering,107,85,22,0,0,0,1,0,1,9,7,2,22,17,5,0,0,0,61,52,9,5,4,1,0,0,0,9,5,4
222178,26,Biological Sciences/LifeSciences,304,105,199,0,0,0,9,2,7,39,13,26,62,18,44,0,0,0,169,65,104,12,3,9,1,0,1,12,4,8
222178,27,Mathematics,20,10,10,0,0,0,0,0,0,2,2,0,2,1,1,0,0,0,12,5,7,1,0,1,0,0,0,3,2,1
222178,40,Physical Sciences,31,21,10,0,0,0,1,0,1,1,1,0,6,5,1,0,0,0,16,9,7,6,5,1,0,0,0,1,1,0
222178,52,Business Management and Administrative Services,748,496,252,0,0,0,8,4,4,50,30,20,96,57,39,0,0,0,516,349,167,26,19,7,4,3,1,48,34,14
222628,52,Business Management and Administrative Services,110,53,57,0,0,0,14,7,7,32,17,15,6,4,2,0,0,0,56,23,33,0,0,0,2,2,0,0,0,0
222831,14,Engineering,122,105,17,0,0,0,1,1,0,7,7,0,44,36,8,0,0,0,61,54,7,6,4,2,1,1,0,2,2,0
222831,26,Biological Sciences/LifeSciences,315,116,199,1,0,1,6,2,4,16,6,10,122,46,76,0,0,0,145,57,88,11,2,9,0,0,0,14,3,11
222831,27,Mathematics,67,39,28,0,0,0,0,0,0,2,1,1,25,14,11,0,0,0,34,21,13,1,0,1,0,0,0,5,3,2
222831,40,Physical Sciences,224,157,67,2,1,1,3,3,0,13,10,3,55,41,14,0,0,0,116,80,36,11,8,3,1,1,0,23,13,10
222831,52,Business Management and Administrative Services,883,516,367,3,3,0,7,2,5,85,58,27,255,142,113,1,1,0,400,242,158,31,19,12,0,0,0,101,49,52
222877,13,Education,56,18,38,0,0,0,1,0,1,8,4,4,9,5,4,0,0,0,37,9,28,0,0,0,1,0,1,0,0,0
222877,52,Business Management and Administrative Services,47,33,14,2,1,1,0,0,0,17,11,6,6,5,1,0,0,0,22,16,6,0,0,0,0,0,0,0,0,0
222938,52,Business Management and Administrative Services,70,11,59,1,0,1,1,1,0,34,5,29,19,5,14,0,0,0,12,0,12,0,0,0,1,0,1,2,0,2
222983,26,Biological Sciences/LifeSciences,106,43,63,2,1,1,34,14,20,2,2,0,15,9,6,0,0,0,51,16,35,0,0,0,0,0,0,2,1,1
222983,27,Mathematics,20,11,9,0,0,0,0,0,0,0,0,0,2,1,1,0,0,0,15,9,6,1,0,1,0,0,0,2,1,1
222983,40,Physical Sciences,35,23,12,0,0,0,6,5,1,0,0,0,7,5,2,0,0,0,18,11,7,1,1,0,0,0,0,3,1,2
222983,52,Business Management and Administrative Services,130,88,42,1,1,0,13,6,7,13,10,3,26,14,12,0,0,0,71,54,17,2,1,1,0,0,0,4,2,2
223083,26,Biological Sciences/LifeSciences,643,134,509,4,0,4,38,15,23,52,8,44,255,54,201,7,1,6,262,54,208,25,2,23,0,0,0,0,0,0
223232,13,Education,578,123,455,2,0,2,16,5,11,16,7,9,84,28,56,0,0,0,440,74,366,18,7,11,0,0,0,2,2,0
223232,14,Engineering,743,571,172,2,1,1,28,19,9,32,24,8,85,65,20,0,0,0,507,393,114,41,32,9,3,3,0,45,34,11
223232,26,Biological Sciences/LifeSciences,1958,805,1153,5,3,2,280,136,144,188,60,128,390,160,230,0,0,0,924,373,551,90,38,52,7,3,4,74,32,42
223232,27,Mathematics,133,72,61,0,0,0,6,5,1,7,4,3,16,7,9,1,1,0,75,39,36,7,3,4,0,0,0,21,13,8
223232,40,Physical Sciences,241,149,92,0,0,0,22,16,6,11,6,5,51,31,20,0,0,0,128,74,54,12,8,4,0,0,0,17,14,3
223232,52,Business Management and Administrative Services,4007,2235,1772,12,8,4,160,81,79,146,79,67,445,227,218,1,0,1,2861,1643,1218,173,97,76,12,6,6,197,94,103
223463,52,Business Management and Administrative Services,68,39,29,0,0,0,2,2,0,23,13,10,31,18,13,0,0,0,7,4,3,5,2,3,0,0,0,0,0,0
223506,13,Education,73,8,65,0,0,0,0,0,0,7,1,6,18,2,16,0,0,0,29,2,27,16,2,14,2,0,2,1,1,0
223506,52,Business Management and Administrative Services,295,83,212,0,0,0,2,0,2,24,11,13,60,14,46,0,0,0,131,43,88,71,12,59,7,3,4,0,0,0
224004,13,Education,224,48,176,1,0,1,4,0,4,17,6,11,81,12,69,1,1,0,97,24,73,4,1,3,18,3,15,1,1,0
224004,26,Biological Sciences/LifeSciences,103,31,72,0,0,0,9,3,6,8,3,5,36,10,26,0,0,0,41,11,30,0,0,0,8,4,4,1,0,1
224004,27,Mathematics,13,9,4,0,0,0,0,0,0,3,2,1,3,2,1,0,0,0,7,5,2,0,0,0,0,0,0,0,0,0
224004,52,Business Management and Administrative Services,550,245,305,4,1,3,12,3,9,85,31,54,167,79,88,2,1,1,224,102,122,10,3,7,45,24,21,1,1,0
224147,14,Engineering,468,410,58,3,3,0,14,12,2,13,11,2,185,164,21,1,1,0,207,182,25,7,6,1,7,6,1,31,25,6
224147,26,Biological Sciences/LifeSciences,1268,386,882,2,1,1,45,15,30,99,34,65,591,173,418,0,0,0,488,146,342,12,4,8,8,2,6,23,11,12
224147,27,Mathematics,55,30,25,1,1,0,2,1,1,3,2,1,24,13,11,7,0,7,15,11,4,0,0,0,1,1,0,2,1,1
224147,40,Physical Sciences,186,115,71,1,1,0,9,6,3,9,4,5,74,45,29,0,0,0,83,55,28,1,1,0,2,1,1,7,2,5
224147,52,Business Management and Administrative Services,1369,773,596,0,0,0,27,12,15,92,63,29,581,303,278,0,0,0,544,325,219,15,6,9,11,6,5,99,58,41
224226,13,Education,263,42,221,0,0,0,3,1,2,7,2,5,29,4,25,0,0,0,214,32,182,0,0,0,0,0,0,10,3,7
224226,26,Biological Sciences/LifeSciences,148,60,88,3,1,2,5,2,3,16,2,14,32,17,15,1,0,1,86,35,51,0,0,0,0,0,0,5,3,2
224226,27,Mathematics,19,9,10,0,0,0,0,0,0,1,0,1,2,1,1,1,1,0,15,7,8,0,0,0,0,0,0,0,0,0
224226,52,Business Management and Administrative Services,869,464,405,7,3,4,15,7,8,128,57,71,144,66,78,3,2,1,467,264,203,0,0,0,0,0,0,105,65,40
224244,13,Education,28,11,17,0,0,0,0,0,0,7,3,4,5,1,4,0,0,0,13,5,8,2,2,0,1,0,1,0,0,0
224244,52,Business Management and Administrative Services,84,62,22,0,0,0,0,0,0,28,20,8,13,10,3,0,0,0,34,24,10,4,3,1,4,4,0,1,1,0
224323,13,Education,42,3,39,1,0,1,0,0,0,1,0,1,11,3,8,0,0,0,26,0,26,1,0,1,0,0,0,2,0,2
224323,26,Biological Sciences/LifeSciences,212,58,154,1,0,1,29,7,22,7,5,2,62,13,49,1,0,1,104,30,74,4,2,2,0,0,0,4,1,3
224323,27,Mathematics,27,14,13,0,0,0,0,0,0,0,0,0,7,4,3,0,0,0,18,9,9,1,1,0,0,0,0,1,0,1
224323,40,Physical Sciences,90,55,35,2,1,1,9,8,1,1,0,1,14,9,5,1,0,1,55,32,23,3,1,2,2,1,1,3,3,0
224323,52,Business Management and Administrative Services,224,138,86,0,0,0,9,3,6,9,8,1,55,28,27,1,1,0,127,85,42,13,7,6,0,0,0,10,6,4
224527,13,Education,199,74,125,0,0,0,1,1,0,24,17,7,15,9,6,0,0,0,154,46,108,4,1,3,0,0,0,1,0,1
224527,26,Biological Sciences/LifeSciences,62,25,37,0,0,0,0,0,0,16,7,9,9,1,8,0,0,0,33,16,17,4,1,3,0,0,0,0,0,0
224527,27,Mathematics,11,9,2,0,0,0,0,0,0,2,2,0,1,1,0,0,0,0,8,6,2,0,0,0,0,0,0,0,0,0
224527,40,Physical Sciences,18,12,6,0,0,0,0,0,0,2,1,1,3,2,1,0,0,0,12,8,4,1,1,0,0,0,0,0,0,0
224527,52,Business Management and Administrative Services,206,144,62,0,0,0,0,0,0,41,27,14,12,9,3,0,0,0,141,99,42,9,8,1,0,0,0,3,1,2
224545,14,Engineering,62,57,5,0,0,0,0,0,0,1,1,0,10,10,0,0,0,0,42,38,4,3,3,0,3,3,0,3,2,1
224545,26,Biological Sciences/LifeSciences,169,57,112,2,0,2,9,5,4,21,5,16,29,12,17,0,0,0,96,30,66,10,5,5,2,0,2,0,0,0
224545,27,Mathematics,36,19,17,0,0,0,1,0,1,1,0,1,4,3,1,0,0,0,24,14,10,4,1,3,1,1,0,1,0,1
224545,40,Physical Sciences,3,3,0,0,0,0,1,1,0,0,0,0,0,0,0,0,0,0,0,0,0,1,1,0,0,0,0,1,1,0
224545,52,Business Management and Administrative Services,332,140,192,2,1,1,7,4,3,39,14,25,52,21,31,0,0,0,206,89,117,12,4,8,9,6,3,5,1,4
224554,13,Education,11,1,10,0,0,0,2,0,2,2,1,1,3,0,3,0,0,0,3,0,3,1,0,1,0,0,0,0,0,0
224554,14,Engineering,202,169,33,2,1,1,3,2,1,42,37,5,50,41,9,2,1,1,80,67,13,15,12,3,1,1,0,7,7,0
224554,26,Biological Sciences/LifeSciences,228,88,140,0,0,0,7,2,5,50,20,30,61,27,34,0,0,0,77,25,52,24,9,15,3,2,1,6,3,3
224554,27,Mathematics,92,46,46,0,0,0,1,0,1,14,9,5,23,9,14,0,0,0,44,25,19,9,2,7,0,0,0,1,1,0
224554,40,Physical Sciences,93,61,32,2,2,0,6,3,3,7,4,3,15,10,5,0,0,0,40,25,15,11,8,3,2,2,0,10,7,3
224554,52,Business Management and Administrative Services,1176,565,611,8,4,4,35,18,17,249,117,132,236,118,118,2,0,2,538,253,285,64,31,33,14,7,7,30,17,13
224776,52,Business Management and Administrative Services,45,3,42,0,0,0,1,0,1,11,2,9,11,0,11,3,0,3,12,0,12,0,0,0,5,0,5,2,1,1
225201,52,Business Management and Administrative Services,127,71,56,1,0,1,2,1,1,21,8,13,66,43,23,1,1,0,27,14,13,5,0,5,4,4,0,0,0,0
225247,13,Education,213,86,127,0,0,0,1,0,1,2,2,0,33,16,17,0,0,0,163,63,100,11,4,7,2,0,2,1,1,0
225247,26,Biological Sciences/LifeSciences,176,61,115,0,0,0,6,4,2,6,1,5,33,11,22,0,0,0,120,39,81,4,3,1,3,2,1,4,1,3
225247,27,Mathematics,12,4,8,0,0,0,0,0,0,0,0,0,2,1,1,0,0,0,8,2,6,2,1,1,0,0,0,0,0,0
225247,40,Physical Sciences,35,30,5,0,0,0,0,0,0,2,2,0,7,5,2,0,0,0,25,23,2,1,0,1,0,0,0,0,0,0
225247,52,Business Management and Administrative Services,248,156,92,0,0,0,1,1,0,25,22,3,31,16,15,2,1,1,168,103,65,10,5,5,4,2,2,7,6,1
225399,13,Education,146,26,120,1,0,1,6,0,6,20,6,14,56,8,48,0,0,0,49,8,41,5,0,5,8,4,4,1,0,1
225399,26,Biological Sciences/LifeSciences,375,147,228,3,0,3,75,37,38,61,17,44,128,47,81,1,1,0,67,30,37,12,3,9,13,4,9,15,8,7
225399,27,Mathematics,25,17,8,0,0,0,2,2,0,2,1,1,12,8,4,0,0,0,6,4,2,0,0,0,1,1,0,2,1,1
225399,40,Physical Sciences,58,33,25,0,0,0,8,0,8,7,3,4,21,16,5,0,0,0,16,9,7,0,0,0,4,3,1,2,2,0
225399,52,Business Management and Administrative Services,412,212,200,0,0,0,32,16,16,69,36,33,132,61,71,1,0,1,112,62,50,22,12,10,15,8,7,29,17,12
225414,14,Engineering,175,144,31,1,1,0,26,23,3,6,5,1,68,52,16,0,0,0,53,46,7,7,7,0,1,1,0,13,9,4
225414,26,Biological Sciences/LifeSciences,374,107,267,0,0,0,52,15,37,19,7,12,148,37,111,2,1,1,133,39,94,11,4,7,5,2,3,4,2,2
225414,27,Mathematics,132,54,78,0,0,0,7,3,4,8,3,5,50,19,31,0,0,0,63,27,36,3,1,2,1,1,0,0,0,0
225414,40,Physical Sciences,97,65,32,2,1,1,7,4,3,2,0,2,35,18,17,0,0,0,49,41,8,1,1,0,1,0,1,0,0,0
225414,52,Business Management and Administrative Services,1337,567,770,4,2,2,103,50,53,88,33,55,494,195,299,2,1,1,558,248,310,37,15,22,11,2,9,40,21,19
225432,26,Biological Sciences/LifeSciences,393,146,247,0,0,0,71,27,44,45,16,29,157,54,103,1,0,1,72,31,41,6,1,5,9,3,6,32,14,18
225432,27,Mathematics,138,67,71,0,0,0,15,5,10,16,6,10,64,33,31,0,0,0,28,17,11,1,0,1,1,1,0,13,5,8
225432,40,Physical Sciences,268,141,127,1,0,1,27,16,11,34,23,11,119,50,69,0,0,0,54,32,22,4,4,0,2,1,1,27,15,12
225432,52,Business Management and Administrative Services,2482,1135,1347,13,3,10,334,194,140,396,157,239,1048,436,612,4,3,1,495,255,240,25,13,12,27,17,10,140,57,83
225502,13,Education,2,0,2,0,0,0,0,0,0,0,0,0,1,0,1,0,0,0,1,0,1,0,0,0,0,0,0,0,0,0
225502,26,Biological Sciences/LifeSciences,184,51,133,1,0,1,12,5,7,38,6,32,81,25,56,0,0,0,41,11,30,7,2,5,1,1,0,3,1,2
225502,27,Mathematics,36,21,15,0,0,0,1,0,1,2,2,0,13,8,5,0,0,0,18,9,9,0,0,0,0,0,0,2,2,0
225502,52,Business Management and Administrative Services,1070,409,661,7,5,2,107,39,68,155,50,105,370,130,240,1,1,0,366,154,212,29,14,15,9,2,7,26,14,12
225511,13,Education,6,1,5,0,0,0,2,0,2,0,0,0,0,0,0,0,0,0,3,1,2,0,0,0,0,0,0,1,0,1
225511,14,Engineering,3721,2797,924,7,7,0,930,670,260,180,143,37,993,751,242,7,6,1,969,767,202,111,78,33,72,51,21,452,324,128
225511,26,Biological Sciences/LifeSciences,2862,1252,1610,3,2,1,1228,543,685,219,84,135,685,289,396,6,4,2,489,221,268,114,62,52,39,18,21,79,29,50
225511,27,Mathematics,416,231,185,0,0,0,117,50,67,31,15,16,133,92,41,1,1,0,106,60,46,9,5,4,10,5,5,9,3,6
225511,40,Physical Sciences,876,521,355,1,1,0,205,121,84,49,32,17,239,141,98,2,1,1,267,176,91,33,17,16,14,5,9,66,27,39
225511,52,Business Management and Administrative Services,7699,3839,3860,7,3,4,1869,964,905,614,289,325,2365,1102,1263,18,7,11,1937,1095,842,236,119,117,89,46,43,564,214,350
225548,13,Education,159,66,93,1,0,1,2,0,2,7,6,1,30,10,20,0,0,0,112,45,67,0,0,0,7,5,2,0,0,0
225548,14,Engineering,27,26,1,0,0,0,0,0,0,4,4,0,5,5,0,1,1,0,15,15,0,0,0,0,2,1,1,0,0,0
225548,26,Biological Sciences/LifeSciences,71,20,51,0,0,0,0,0,0,9,3,6,12,5,7,0,0,0,48,10,38,0,0,0,2,2,0,0,0,0
225548,27,Mathematics,8,4,4,0,0,0,0,0,0,2,2,0,2,2,0,0,0,0,3,0,3,0,0,0,1,0,1,0,0,0
225548,40,Physical Sciences,14,8,6,0,0,0,0,0,0,0,0,0,6,6,0,0,0,0,5,1,4,0,0,0,3,1,2,0,0,0
225548,52,Business Management and Administrative Services,176,111,65,0,0,0,0,0,0,14,12,2,33,16,17,1,1,0,103,63,40,0,0,0,25,19,6,0,0,0
225575,13,Education,90,16,74,1,0,1,0,0,0,47,7,40,38,8,30,0,0,0,4,1,3,0,0,0,0,0,0,0,0,0
225575,26,Biological Sciences/LifeSciences,81,25,56,0,0,0,1,0,1,58,15,43,12,5,7,0,0,0,1,0,1,1,0,1,2,2,0,6,3,3
225575,27,Mathematics,24,17,7,1,0,1,0,0,0,15,11,4,5,3,2,0,0,0,1,1,0,0,0,0,0,0,0,2,2,0
225575,40,Physical Sciences,8,3,5,0,0,0,0,0,0,1,0,1,3,1,2,0,0,0,2,2,0,0,0,0,0,0,0,2,0,2
225575,52,Business Management and Administrative Services,253,113,140,0,0,0,2,0,2,170,73,97,57,31,26,0,0,0,12,6,6,0,0,0,0,0,0,12,3,9
225627,13,Education,252,51,201,0,0,0,2,1,1,15,5,10,166,34,132,0,0,0,54,10,44,2,0,2,13,1,12,0,0,0
225627,14,Engineering,60,51,9,0,0,0,1,0,1,10,8,2,30,28,2,0,0,0,6,6,0,1,1,0,7,5,2,5,3,2
225627,26,Biological Sciences/LifeSciences,600,182,418,2,0,2,25,7,18,36,12,24,369,109,260,5,2,3,88,30,58,9,4,5,52,11,41,14,7,7
225627,27,Mathematics,50,20,30,0,0,0,1,1,0,0,0,0,37,17,20,0,0,0,7,1,6,0,0,0,2,0,2,3,1,2
225627,40,Physical Sciences,42,23,19,0,0,0,0,0,0,2,2,0,26,13,13,0,0,0,9,5,4,1,1,0,1,0,1,3,2,1
225627,52,Business Management and Administrative Services,2046,1009,1037,3,1,2,30,20,10,142,74,68,1102,450,652,6,4,2,437,239,198,24,17,7,111,53,58,191,151,40
225885,13,Education,58,27,31,1,1,0,0,0,0,45,19,26,4,2,2,0,0,0,5,4,1,0,0,0,3,1,2,0,0,0
225885,26,Biological Sciences/LifeSciences,114,31,83,0,0,0,0,0,0,93,26,67,13,4,9,0,0,0,2,0,2,0,0,0,4,1,3,2,0,2
225885,27,Mathematics,11,7,4,0,0,0,0,0,0,7,4,3,3,2,1,0,0,0,1,1,0,0,0,0,0,0,0,0,0,0
225885,40,Physical Sciences,5,0,5,0,0,0,0,0,0,5,0,5,0,0,0,0,0,0,0,0,0,0,0,0,0,0,0,0,0,0
225885,52,Business Management and Administrative Services,217,125,92,1,1,0,0,0,0,177,95,82,17,16,1,1,0,1,14,8,6,0,0,0,2,1,1,5,4,1
226091,14,Engineering,1445,1139,306,3,1,2,109,80,29,209,161,48,283,215,68,0,0,0,719,589,130,34,27,7,14,10,4,74,56,18
226091,26,Biological Sciences/LifeSciences,439,163,276,0,0,0,57,25,32,107,38,69,66,24,42,1,1,0,192,69,123,10,3,7,4,2,2,2,1,1
226091,27,Mathematics,49,26,23,1,0,1,4,0,4,12,5,7,4,3,1,0,0,0,27,18,9,1,0,1,0,0,0,0,0,0
226091,40,Physical Sciences,107,48,59,0,0,0,7,2,5,29,7,22,8,5,3,0,0,0,58,32,26,3,0,3,0,0,0,2,2,0
226091,52,Business Management and Administrative Services,1137,518,619,7,4,3,67,32,35,280,115,165,163,73,90,1,0,1,554,266,288,29,11,18,11,3,8,25,14,11
226152,13,Education,254,17,237,0,0,0,1,0,1,0,0,0,247,17,230,0,0,0,2,0,2,1,0,1,0,0,0,3,0,3
226152,14,Engineering,336,275,61,1,1,0,4,4,0,1,1,0,309,250,59,0,0,0,7,7,0,1,0,1,0,0,0,13,12,1
226152,26,Biological Sciences/LifeSciences,586,229,357,1,1,0,2,1,1,2,2,0,568,221,347,0,0,0,8,1,7,1,0,1,1,1,0,3,2,1
226152,27,Mathematics,129,54,75,0,0,0,0,0,0,0,0,0,123,50,73,0,0,0,2,0,2,1,1,0,0,0,0,3,3,0
226152,40,Physical Sciences,71,39,32,0,0,0,0,0,0,0,0,0,69,38,31,0,0,0,0,0,0,0,0,0,0,0,0,2,1,1
226152,52,Business Management and Administrative Services,1015,582,433,3,3,0,3,2,1,3,2,1,933,529,404,0,0,0,26,18,8,5,4,1,1,0,1,41,24,17
226231,13,Education,234,31,203,1,0,1,1,0,1,34,6,28,36,6,30,0,0,0,132,13,119,15,3,12,14,3,11,1,0,1
226231,14,Engineering,448,363,85,2,2,0,11,8,3,3,3,0,17,12,5,0,0,0,335,271,64,13,11,2,47,39,8,20,17,3
226231,26,Biological Sciences/LifeSciences,26,11,15,0,0,0,0,0,0,2,1,1,2,0,2,0,0,0,16,8,8,0,0,0,6,2,4,0,0,0
226231,27,Mathematics,6,4,2,0,0,0,0,0,0,0,0,0,2,1,1,0,0,0,2,1,1,0,0,0,0,0,0,2,2,0
226231,40,Physical Sciences,12,7,5,0,0,0,0,0,0,0,0,0,0,0,0,0,0,0,10,5,5,0,0,0,1,1,0,1,1,0
226231,52,Business Management and Administrative Services,300,125,175,0,0,0,2,1,1,37,10,27,49,24,25,0,0,0,168,75,93,12,3,9,26,10,16,6,2,4
226383,13,Education,235,64,171,2,0,2,0,0,0,9,9,0,52,14,38,0,0,0,172,41,131,0,0,0,0,0,0,0,0,0
226383,26,Biological Sciences/LifeSciences,66,24,42,0,0,0,1,1,0,5,2,3,13,3,10,1,0,1,45,18,27,0,0,0,0,0,0,1,0,1
226383,27,Mathematics,39,32,7,1,1,0,0,0,0,2,1,1,15,11,4,0,0,0,19,17,2,0,0,0,0,0,0,2,2,0
226383,40,Physical Sciences,7,4,3,0,0,0,0,0,0,0,0,0,0,0,0,0,0,0,7,4,3,0,0,0,0,0,0,0,0,0
226383,52,Business Management and Administrative Services,200,119,81,0,0,0,2,0,2,4,3,1,51,28,23,0,0,0,137,82,55,0,0,0,0,0,0,6,6,0
226471,13,Education,311,96,215,4,1,3,2,1,1,31,16,15,60,13,47,1,1,0,204,61,143,7,3,4,2,0,2,0,0,0
226471,14,Engineering,43,37,6,0,0,0,0,0,0,11,11,0,12,9,3,0,0,0,19,16,3,0,0,0,0,0,0,1,1,0
226471,26,Biological Sciences/LifeSciences,159,41,118,1,1,0,3,1,2,22,5,17,50,12,38,0,0,0,73,18,55,5,0,5,1,1,0,4,3,1
226471,27,Mathematics,5,2,3,0,0,0,0,0,0,0,0,0,0,0,0,0,0,0,5,2,3,0,0,0,0,0,0,0,0,0
226471,40,Physical Sciences,21,9,12,0,0,0,1,0,1,5,1,4,5,2,3,0,0,0,9,5,4,0,0,0,0,0,0,1,1,0
226471,52,Business Management and Administrative Services,338,211,127,1,1,0,1,0,1,30,22,8,62,35,27,1,0,1,207,129,78,11,9,2,3,1,2,22,14,8
226587,13,Education,184,79,105,2,1,1,1,0,1,24,14,10,45,20,25,0,0,0,106,41,65,5,3,2,1,0,1,0,0,0
226587,26,Biological Sciences/LifeSciences,92,46,46,2,2,0,0,0,0,11,5,6,25,11,14,0,0,0,36,15,21,2,0,2,2,0,2,14,13,1
226587,27,Mathematics,3,3,0,0,0,0,0,0,0,0,0,0,1,1,0,0,0,0,2,2,0,0,0,0,0,0,0,0,0,0
226587,40,Physical Sciences,58,50,8,0,0,0,2,0,2,11,10,1,18,15,3,0,0,0,22,20,2,3,3,0,0,0,0,2,2,0
226587,52,Business Management and Administrative Services,188,130,58,0,0,0,1,1,0,29,20,9,48,33,15,0,0,0,96,69,27,2,1,1,0,0,0,12,6,6
226833,13,Education,101,20,81,0,0,0,0,0,0,6,1,5,12,5,7,0,0,0,76,14,62,4,0,4,0,0,0,3,0,3
226833,14,Engineering,292,244,48,2,1,1,3,3,0,23,17,6,40,34,6,1,1,0,128,108,20,8,6,2,2,2,0,85,72,13
226833,26,Biological Sciences/LifeSciences,228,78,150,1,0,1,6,5,1,16,6,10,48,22,26,0,0,0,103,32,71,8,2,6,0,0,0,46,11,35
226833,27,Mathematics,38,16,22,1,1,0,0,0,0,2,0,2,9,4,5,0,0,0,18,8,10,1,1,0,0,0,0,7,2,5
226833,40,Physical Sciences,94,60,34,1,1,0,5,3,2,4,3,1,17,12,5,0,0,0,50,32,18,2,2,0,1,0,1,14,7,7
226833,52,Business Management and Administrative Services,844,506,338,2,2,0,20,17,3,100,58,42,125,76,49,1,1,0,426,265,161,29,16,13,5,5,0,136,66,70
226879,52,Business Management and Administrative Services,181,28,153,3,0,3,3,0,3,80,13,67,33,10,23,1,0,1,45,2,43,10,1,9,6,2,4,0,0,0
227216,13,Education,52,20,32,1,1,0,4,3,1,3,0,3,8,2,6,0,0,0,31,12,19,4,1,3,1,1,0,0,0,0
227216,14,Engineering,2136,1808,328,4,3,1,116,93,23,251,200,51,496,407,89,5,4,1,847,732,115,148,124,24,18,16,2,251,229,22
227216,26,Biological Sciences/LifeSciences,2579,974,1605,6,2,4,293,120,173,416,123,293,663,268,395,2,1,1,912,341,571,183,77,106,19,9,10,85,33,52
227216,27,Mathematics,301,149,152,0,0,0,14,4,10,28,12,16,67,34,33,1,1,0,153,79,74,22,12,10,3,1,2,13,6,7
227216,40,Physical Sciences,422,229,193,0,0,0,33,16,17,52,27,25,104,51,53,0,0,0,187,109,78,34,19,15,2,1,1,10,6,4
227216,52,Business Management and Administrative Services,6210,3307,2903,19,11,8,383,201,182,776,374,402,1405,698,707,4,2,2,2832,1605,1227,383,182,201,45,33,12,363,201,162
227331,13,Education,102,16,86,1,0,1,0,0,0,4,0,4,85,11,74,0,0,0,12,5,7,0,0,0,0,0,0,0,0,0
227331,26,Biological Sciences/LifeSciences,123,30,93,0,0,0,0,0,0,13,1,12,92,24,68,0,0,0,11,3,8,3,1,2,3,1,2,1,0,1
227331,27,Mathematics,18,7,11,1,0,1,0,0,0,0,0,0,14,5,9,0,0,0,2,1,1,0,0,0,0,0,0,1,1,0
227331,40,Physical Sciences,9,4,5,0,0,0,0,0,0,1,1,0,8,3,5,0,0,0,0,0,0,0,0,0,0,0,0,0,0,0
227331,52,Business Management and Administrative Services,192,91,101,0,0,0,3,0,3,15,5,10,132,61,71,0,0,0,26,17,9,3,0,3,8,4,4,5,4,1
227368,13,Education,54,18,36,0,0,0,0,0,0,0,0,0,49,18,31,0,0,0,0,0,0,0,0,0,4,0,4,1,0,1
227368,14,Engineering,2158,1799,359,0,0,0,19,14,5,6,4,2,1913,1603,310,2,1,1,50,46,4,2,1,1,32,24,8,134,106,28
227368,26,Biological Sciences/LifeSciences,2825,1123,1702,1,0,1,120,44,76,19,10,9,2520,996,1524,2,1,1,77,36,41,18,7,11,37,20,17,31,9,22
227368,27,Mathematics,311,151,160,0,0,0,2,1,1,1,1,0,281,134,147,0,0,0,7,3,4,2,0,2,10,7,3,8,5,3
227368,40,Physical Sciences,531,320,211,0,0,0,24,13,11,3,2,1,458,270,188,1,1,0,20,16,4,3,3,0,3,3,0,19,12,7
227368,52,Business Management and Administrative Services,2964,1555,1409,1,0,1,21,13,8,12,9,3,2650,1376,1274,1,1,0,87,51,36,5,4,1,54,33,21,133,68,65
227429,13,Education,43,6,37,0,0,0,0,0,0,30,4,26,9,1,8,0,0,0,1,0,1,0,0,0,2,1,1,1,0,1
227429,26,Biological Sciences/LifeSciences,12,4,8,0,0,0,0,0,0,10,4,6,2,0,2,0,0,0,0,0,0,0,0,0,0,0,0,0,0,0
227429,52,Business Management and Administrative Services,135,73,62,0,0,0,0,0,0,90,43,47,42,28,14,0,0,0,1,0,1,0,0,0,1,1,0,1,1,0
227526,14,Engineering,1170,889,281,3,3,0,89,75,14,864,643,221,84,67,17,2,1,1,53,44,9,10,8,2,3,2,1,62,46,16
227526,26,Biological Sciences/LifeSciences,529,125,404,3,1,2,9,3,6,469,110,359,34,7,27,0,0,0,5,1,4,7,1,6,0,0,0,2,2,0
227526,27,Mathematics,23,12,11,0,0,0,1,1,0,19,8,11,2,2,0,0,0,0,1,1,0,0,0,0,0,0,0,0,0,0
227526,40,Physical Sciences,89,23,66,1,1,0,2,1,1,66,16,50,15,4,11,0,0,0,2,1,1,2,0,2,0,0,0,1,0,1
227526,52,Business Management and Administrative Services,947,466,481,3,2,1,12,5,7,855,424,431,44,22,22,1,0,1,19,7,12,4,1,3,0,0,0,9,5,4
227757,14,Engineering,1104,734,370,1,1,0,239,146,93,58,38,20,201,139,62,0,0,0,400,276,124,50,33,17,16,11,5,139,90,49
227757,26,Biological Sciences/LifeSciences,212,88,124,0,0,0,81,37,44,15,3,12,36,15,21,0,0,0,49,22,27,14,4,10,4,2,2,13,5,8
227757,27,Mathematics,130,77,53,0,0,0,23,15,8,5,3,2,9,7,2,0,0,0,38,27,11,2,1,1,2,1,1,51,23,28
227757,40,Physical Sciences,100,66,34,0,0,0,27,15,12,3,2,1,17,13,4,0,0,0,36,27,9,3,1,2,1,0,1,13,8,5
227757,52,Business Management and Administrative Services,36,22,14,0,0,0,4,2,2,3,2,1,3,2,1,0,0,0,12,9,3,2,2,0,0,0,0,12,5,7
227845,13,Education,144,23,121,0,0,0,4,1,3,2,1,1,73,12,61,0,0,0,54,8,46,5,0,5,1,1,0,5,0,5
227845,26,Biological Sciences/LifeSciences,438,125,313,2,2,0,29,6,23,22,3,19,209,60,149,0,0,0,140,47,93,17,4,13,8,2,6,11,1,10
227845,27,Mathematics,54,32,22,0,0,0,1,1,0,1,1,0,29,18,11,0,0,0,11,4,7,3,2,1,2,0,2,7,6,1
227845,40,Physical Sciences,46,18,28,0,0,0,0,0,0,1,0,1,14,6,8,0,0,0,23,9,14,2,1,1,1,0,1,5,2,3
227845,52,Business Management and Administrative Services,928,500,428,2,0,2,26,10,16,32,13,19,383,177,206,2,1,1,322,202,120,31,17,14,18,11,7,112,69,43
227863,26,Biological Sciences/LifeSciences,144,37,107,1,0,1,41,10,31,9,1,8,39,10,29,0,0,0,41,10,31,2,1,1,1,1,0,10,4,6
227863,27,Mathematics,36,25,11,0,0,0,4,3,1,3,1,2,12,8,4,0,0,0,7,6,1,2,0,2,1,1,0,7,6,1
227863,40,Physical Sciences,17,7,10,0,0,0,11,5,6,1,0,1,3,2,1,0,0,0,1,0,1,0,0,0,0,0,0,1,0,1
227863,52,Business Management and Administrative Services,220,97,123,0,0,0,19,9,10,12,5,7,87,36,51,0,0,0,53,23,30,4,3,1,4,0,4,41,21,20
227881,26,Biological Sciences/LifeSciences,638,195,443,3,0,3,28,7,21,130,36,94,184,59,125,1,0,1,256,89,167,19,0,19,10,1,9,7,3,4
227881,27,Mathematics,150,52,98,0,0,0,3,0,3,18,6,12,31,11,20,0,0,0,92,34,58,1,0,1,3,0,3,2,1,1
227881,40,Physical Sciences,560,248,312,4,4,0,12,2,10,76,24,52,155,53,102,2,1,1,276,146,130,22,12,10,9,4,5,4,2,2
227881,52,Business Management and Administrative Services,3422,1772,1650,20,10,10,65,31,34,577,290,287,670,324,346,5,4,1,1883,998,885,102,45,57,53,41,12,47,29,18
228042,13,Education,60,15,45,0,0,0,0,0,0,1,0,1,18,7,11,0,0,0,27,6,21,2,0,2,5,2,3,7,0,7
228042,14,Engineering,23,16,7,0,0,0,0,0,0,0,0,0,7,7,0,0,0,0,7,7,0,1,1,0,1,1,0,7,0,7
228042,26,Biological Sciences/LifeSciences,106,30,76,0,0,0,4,1,3,2,1,1,43,11,32,0,0,0,40,12,28,3,1,2,6,3,3,8,1,7
228042,27,Mathematics,15,6,9,0,0,0,0,0,0,0,0,0,3,3,0,0,0,0,4,2,2,1,1,0,0,0,0,7,0,7
228042,40,Physical Sciences,13,2,11,0,0,0,0,0,0,0,0,0,1,0,1,0,0,0,2,1,1,0,0,0,3,1,2,7,0,7
228042,52,Business Management and Administrative Services,150,98,52,0,0,0,3,2,1,5,2,3,30,19,11,0,0,0,90,64,26,0,0,0,14,10,4,8,1,7
228149,13,Education,16,3,13,0,0,0,0,0,0,0,0,0,15,3,12,0,0,0,1,0,1,0,0,0,0,0,0,0,0,0
228149,14,Engineering,284,216,68,0,0,0,3,3,0,3,3,0,148,101,47,0,0,0,35,27,8,1,1,0,2,1,1,92,80,12
228149,26,Biological Sciences/LifeSciences,338,118,220,1,1,0,14,4,10,10,3,7,264,98,166,0,0,0,35,10,25,1,0,1,5,1,4,8,1,7
228149,27,Mathematics,43,22,21,0,0,0,1,0,1,1,0,1,28,14,14,0,0,0,9,5,4,0,0,0,4,3,1,0,0,0
228149,40,Physical Sciences,42,27,15,0,0,0,2,0,2,2,1,1,24,15,9,0,0,0,8,7,1,0,0,0,1,1,0,5,3,2
228149,52,Business Management and Administrative Services,449,237,212,3,3,0,11,4,7,19,12,7,284,138,146,0,0,0,74,44,30,4,1,3,9,5,4,45,30,15
228246,13,Education,40,12,28,0,0,0,2,0,2,2,1,1,4,1,3,0,0,0,31,10,21,1,0,1,0,0,0,0,0,0
228246,14,Engineering,1004,650,354,1,0,1,79,44,35,44,28,16,107,69,38,0,0,0,642,403,239,42,32,10,0,0,0,89,74,15
228246,26,Biological Sciences/LifeSciences,434,157,277,0,0,0,69,18,51,50,23,27,48,23,25,0,0,0,229,78,151,25,11,14,0,0,0,13,4,9
228246,27,Mathematics,274,151,123,1,0,1,18,15,3,9,5,4,25,12,13,0,0,0,142,79,63,14,5,9,0,0,0,65,35,30
228246,40,Physical Sciences,153,80,73,1,0,1,11,9,2,13,5,8,17,12,5,0,0,0,81,36,45,8,3,5,0,0,0,22,15,7
228246,52,Business Management and Administrative Services,2458,1416,1042,11,4,7,135,80,55,53,32,21,236,131,105,2,1,1,1719,1018,701,87,51,36,3,2,1,212,97,115
228325,13,Education,200,52,148,20,8,12,1,0,1,10,8,2,35,11,24,2,0,2,128,25,103,4,0,4,0,0,0,0,0,0
228325,27,Mathematics,1,0,1,0,0,0,0,0,0,0,0,0,1,0,1,0,0,0,0,0,0,0,0,0,0,0,0,0,0,0
228325,52,Business Management and Administrative Services,225,140,85,13,7,6,2,0,2,37,27,10,59,40,19,3,2,1,102,60,42,5,2,3,2,1,1,2,1,1
228343,13,Education,41,11,30,0,0,0,2,0,2,1,0,1,7,3,4,0,0,0,30,8,22,0,0,0,1,0,1,0,0,0
228343,26,Biological Sciences/LifeSciences,115,35,80,0,0,0,9,3,6,7,2,5,23,12,11,0,0,0,66,15,51,7,3,4,2,0,2,1,0,1
228343,27,Mathematics,23,10,13,0,0,0,1,1,0,1,0,1,1,0,1,0,0,0,17,8,9,1,0,1,0,0,0,2,1,1
228343,40,Physical Sciences,44,26,18,0,0,0,5,3,2,1,1,0,11,6,5,0,0,0,24,14,10,1,1,0,0,0,0,2,1,1
228343,52,Business Management and Administrative Services,126,86,40,0,0,0,2,1,1,6,5,1,24,17,7,1,1,0,82,56,26,5,3,2,2,2,0,4,1,3
228431,14,Engineering,120,107,13,1,0,1,0,0,0,19,17,2,26,22,4,0,0,0,69,64,5,4,4,0,0,0,0,1,0,1
228431,26,Biological Sciences/LifeSciences,381,134,247,1,1,0,14,4,10,85,23,62,87,31,56,0,0,0,177,69,108,13,5,8,2,1,1,2,0,2
228431,27,Mathematics,99,53,46,0,0,0,1,0,1,10,3,7,17,10,7,0,0,0,66,37,29,4,3,1,1,0,1,0,0,0
228431,40,Physical Sciences,221,151,70,2,2,0,5,4,1,30,17,13,34,24,10,0,0,0,141,98,43,5,4,1,0,0,0,4,2,2
228431,52,Business Management and Administrative Services,2228,1100,1128,10,6,4,19,9,10,427,188,239,374,173,201,3,1,2,1287,669,618,66,34,32,14,7,7,28,13,15
228459,14,Engineering,848,703,145,3,3,0,29,27,2,84,65,19,327,272,55,1,0,1,362,299,63,31,30,1,4,3,1,7,4,3
228459,26,Biological Sciences/LifeSciences,2198,829,1369,4,1,3,70,25,45,269,86,183,812,298,514,6,4,2,914,369,545,106,38,68,9,4,5,8,4,4
228459,27,Mathematics,309,152,157,0,0,0,14,6,8,15,5,10,101,56,45,3,2,1,160,78,82,10,1,9,1,1,0,5,3,2
228459,40,Physical Sciences,285,174,111,1,1,0,12,7,5,21,12,9,92,55,37,0,0,0,140,92,48,15,5,10,3,2,1,1,0,1
228459,52,Business Management and Administrative Services,4548,2378,2170,13,7,6,129,71,58,352,178,174,1421,700,721,7,4,3,2436,1325,1111,147,70,77,10,6,4,33,17,16
228468,13,Education,68,12,56,0,0,0,1,1,0,4,2,2,41,6,35,0,0,0,16,3,13,1,0,1,0,0,0,5,0,5
228468,26,Biological Sciences/LifeSciences,70,26,44,0,0,0,5,4,1,9,1,8,39,14,25,2,0,2,8,6,2,3,1,2,0,0,0,4,0,4
228468,27,Mathematics,3,2,1,0,0,0,0,0,0,0,0,0,2,2,0,0,0,0,1,0,1,0,0,0,0,0,0,0,0,0
228468,40,Physical Sciences,5,1,4,0,0,0,1,0,1,0,0,0,3,1,2,0,0,0,0,0,0,1,0,1,0,0,0,0,0,0
228468,52,Business Management and Administrative Services,62,37,25,0,0,0,2,2,0,10,6,4,28,17,11,1,1,0,6,5,1,5,3,2,0,0,0,10,3,7
228501,26,Biological Sciences/LifeSciences,129,34,95,2,0,2,2,1,1,6,4,2,83,21,62,0,0,0,33,8,25,0,0,0,3,0,3,0,0,0
228501,27,Mathematics,37,22,15,0,0,0,0,0,0,1,1,0,29,15,14,0,0,0,7,6,1,0,0,0,0,0,0,0,0,0
228501,40,Physical Sciences,35,16,19,0,0,0,1,0,1,2,1,1,11,5,6,0,0,0,21,10,11,0,0,0,0,0,0,0,0,0
228501,52,Business Management and Administrative Services,249,126,123,2,1,1,2,1,1,28,26,2,170,75,95,0,0,0,47,23,24,0,0,0,0,0,0,0,0,0
228529,14,Engineering,235,199,36,0,0,0,1,1,0,14,13,1,53,41,12,0,0,0,160,139,21,3,3,0,3,2,1,1,0,1
228529,26,Biological Sciences/LifeSciences,505,164,341,2,0,2,11,4,7,57,15,42,128,40,88,0,0,0,282,100,182,20,3,17,4,2,2,1,0,1
228529,27,Mathematics,83,36,47,1,0,1,1,1,0,8,1,7,20,10,10,0,0,0,51,23,28,2,1,1,0,0,0,0,0,0
228529,40,Physical Sciences,138,78,60,0,0,0,2,0,2,8,7,1,22,12,10,0,0,0,100,56,44,5,2,3,0,0,0,1,1,0
228529,52,Business Management and Administrative Services,1901,904,997,14,9,5,19,10,9,143,70,73,394,181,213,1,0,1,1258,596,662,46,26,20,17,10,7,9,2,7
228705,14,Engineering,1427,1152,275,2,1,1,22,17,5,73,55,18,925,727,198,3,2,1,250,214,36,11,8,3,13,9,4,128,119,9
228705,26,Biological Sciences/LifeSciences,604,209,395,0,0,0,9,3,6,45,14,31,458,163,295,1,0,1,79,24,55,3,1,2,2,1,1,7,3,4
228705,27,Mathematics,57,28,29,0,0,0,1,0,1,1,0,1,47,24,23,0,0,0,8,4,4,0,0,0,0,0,0,0,0,0
228705,40,Physical Sciences,120,73,47,0,0,0,6,3,3,5,2,3,74,46,28,0,0,0,30,18,12,1,1,0,1,1,0,3,2,1
228705,52,Business Management and Administrative Services,519,315,204,1,0,1,3,3,0,52,41,11,326,179,147,3,2,1,98,63,35,2,1,1,3,3,0,31,23,8
228723,13,Education,7,3,4,0,0,0,0,0,0,0,0,0,1,0,1,0,0,0,6,3,3,0,0,0,0,0,0,0,0,0
228723,14,Engineering,11181,8566,2615,24,21,3,1074,812,262,241,172,69,2508,1902,606,11,8,3,6617,5121,1496,355,249,106,24,16,8,327,265,62
228723,26,Biological Sciences/LifeSciences,4586,1530,3056,11,3,8,556,211,345,208,65,143,1178,391,787,7,0,7,2434,796,1638,164,51,113,7,5,2,21,8,13
228723,27,Mathematics,571,326,245,0,0,0,57,47,10,16,10,6,155,96,59,0,0,0,300,147,153,16,8,8,4,3,1,23,15,8
228723,40,Physical Sciences,1092,697,395,5,4,1,63,43,20,36,20,16,275,176,99,0,0,0,636,409,227,32,17,15,4,4,0,41,24,17
228723,52,Business Management and Administrative Services,6605,3441,3164,14,7,7,349,179,170,166,86,80,1144,565,579,6,3,3,4690,2472,2218,181,104,77,12,7,5,43,18,25
228769,13,Education,299,39,260,0,0,0,20,2,18,33,4,29,132,16,116,0,0,0,93,13,80,10,2,8,10,1,9,1,1,0
228769,14,Engineering,3303,2679,624,6,6,0,428,343,85,267,210,57,848,690,158,7,3,4,1121,939,182,124,99,25,125,103,22,377,286,91
228769,26,Biological Sciences/LifeSciences,1818,751,1067,2,2,0,530,239,291,243,89,154,403,144,259,3,0,3,449,198,251,72,33,39,52,19,33,64,27,37
228769,27,Mathematics,232,132,100,2,1,1,28,17,11,22,13,9,59,30,29,1,0,1,88,52,36,5,3,2,7,4,3,20,12,8
228769,40,Physical Sciences,465,306,159,1,0,1,41,24,17,27,17,10,116,73,43,1,1,0,222,154,68,22,11,11,10,9,1,25,17,8
228769,52,Business Management and Administrative Services,4343,2502,1841,9,7,2,650,392,258,533,278,255,1350,711,639,5,2,3,1311,835,476,114,70,44,138,76,62,233,131,102
228778,13,Education,49,30,19,0,0,0,2,0,2,21,17,4,2,1,1,1,1,0,15,8,7,4,2,2,0,0,0,4,1,3
228778,14,Engineering,5902,4277,1625,4,3,1,1837,1331,506,121,76,45,909,643,266,6,4,2,2365,1719,646,214,143,71,70,53,17,376,305,71
228778,26,Biological Sciences/LifeSciences,4774,1876,2898,2,1,1,1517,625,892,253,89,164,1120,414,706,10,5,5,1485,593,892,168,62,106,48,22,26,171,65,106
228778,27,Mathematics,951,566,385,0,0,0,223,133,90,39,19,20,221,138,83,1,0,1,340,202,138,33,14,19,5,5,0,89,55,34
228778,40,Physical Sciences,1393,884,509,1,0,1,250,148,102,33,13,20,329,211,118,3,2,1,614,410,204,55,33,22,19,13,6,89,54,35
228778,52,Business Management and Administrative Services,4510,2424,2086,5,4,1,1278,655,623,124,57,67,697,364,333,5,3,2,1953,1128,825,108,53,55,55,25,30,285,135,150
228787,14,Engineering,2864,2308,556,4,4,0,756,598,158,178,145,33,562,449,113,9,6,3,1030,851,179,118,87,31,57,41,16,150,127,23
228787,26,Biological Sciences/LifeSciences,2892,1227,1665,5,0,5,1309,552,757,187,74,113,421,189,232,9,3,6,670,296,374,134,52,82,77,32,45,80,29,51
228787,27,Mathematics,222,139,83,1,1,0,48,30,18,10,5,5,42,21,21,0,0,0,103,70,33,8,6,2,6,5,1,4,1,3
228787,40,Physical Sciences,388,238,150,2,0,2,72,41,31,9,4,5,70,39,31,2,1,1,194,131,63,19,12,7,7,4,3,13,6,7
228787,52,Business Management and Administrative Services,3508,2006,1502,5,2,3,1038,565,473,194,96,98,724,380,344,7,4,3,1175,760,415,121,74,47,75,32,43,169,93,76
228796,13,Education,637,101,536,2,1,1,3,0,3,4,2,2,564,87,477,0,0,0,41,9,32,1,0,1,3,1,2,19,1,18
228796,14,Engineering,2963,2330,633,1,1,0,20,16,4,36,29,7,2372,1849,523,4,4,0,146,117,29,8,6,2,16,11,5,360,297,63
228796,26,Biological Sciences/LifeSciences,1804,698,1106,2,0,2,41,13,28,38,11,27,1561,604,957,3,2,1,85,37,48,16,8,8,13,9,4,45,14,31
228796,27,Mathematics,204,100,104,0,0,0,1,0,1,1,0,1,172,81,91,0,0,0,18,13,5,1,1,0,4,2,2,7,3,4
228796,40,Physical Sciences,342,197,145,0,0,0,8,3,5,5,3,2,274,160,114,0,0,0,25,13,12,4,2,2,2,2,0,24,14,10
228796,52,Business Management and Administrative Services,2997,1649,1348,7,5,2,21,9,12,74,53,21,2420,1306,1114,5,4,1,177,125,52,22,15,7,24,11,13,247,121,126
228802,14,Engineering,826,699,127,2,2,0,64,50,14,63,49,14,215,185,30,1,1,0,380,331,49,31,24,7,12,10,2,58,47,11
228802,26,Biological Sciences/LifeSciences,311,134,177,0,0,0,21,11,10,29,14,15,84,34,50,0,0,0,152,65,87,15,6,9,4,2,2,6,2,4
228802,27,Mathematics,47,21,26,0,0,0,0,0,0,2,1,1,7,2,5,0,0,0,34,17,17,2,1,1,1,0,1,1,0,1
228802,40,Physical Sciences,116,56,60,0,0,0,6,2,4,11,6,5,15,9,6,0,0,0,72,34,38,9,4,5,1,0,1,2,1,1
228802,52,Business Management and Administrative Services,1017,579,438,5,3,2,23,10,13,81,36,45,173,95,78,2,0,2,631,373,258,69,40,29,12,9,3,21,13,8
228875,13,Education,389,66,323,5,0,5,7,2,5,16,3,13,58,17,41,1,1,0,289,40,249,3,1,2,3,1,2,7,1,6
228875,14,Engineering,261,193,68,4,3,1,10,8,2,15,11,4,42,31,11,0,0,0,159,120,39,0,0,0,3,2,1,28,18,10
228875,26,Biological Sciences/LifeSciences,610,213,397,5,3,2,56,22,34,31,10,21,92,31,61,2,1,1,388,132,256,4,2,2,9,4,5,23,8,15
228875,27,Mathematics,46,26,20,0,0,0,0,0,0,0,0,0,5,5,0,0,0,0,34,15,19,0,0,0,1,1,0,6,5,1
228875,40,Physical Sciences,145,94,51,1,0,1,8,3,5,5,1,4,10,6,4,0,0,0,111,77,34,0,0,0,2,2,0,8,5,3
228875,52,Business Management and Administrative Services,2355,1257,1098,14,6,8,58,22,36,62,34,28,213,104,109,3,0,3,1841,1004,837,5,3,2,29,15,14,130,69,61
228884,13,Education,60,42,18,0,0,0,0,0,0,55,39,16,0,0,0,0,0,0,2,2,0,2,0,2,0,0,0,1,1,0
228884,26,Biological Sciences/LifeSciences,49,19,30,0,0,0,0,0,0,39,14,25,4,2,2,0,0,0,0,0,0,3,2,1,0,0,0,3,1,2
228884,27,Mathematics,13,8,5,0,0,0,1,1,0,7,5,2,4,1,3,0,0,0,0,0,0,1,1,0,0,0,0,0,0,0
228884,52,Business Management and Administrative Services,144,89,55,1,0,1,0,0,0,131,78,53,6,5,1,0,0,0,2,2,0,2,2,0,0,0,0,2,2,0
228981,13,Education,115,41,74,0,0,0,0,0,0,10,6,4,33,15,18,0,0,0,70,20,50,0,0,0,2,0,2,0,0,0
228981,26,Biological Sciences/LifeSciences,68,27,41,0,0,0,1,0,1,7,4,3,22,13,9,0,0,0,34,8,26,3,1,2,1,1,0,0,0,0
228981,27,Mathematics,20,11,9,0,0,0,0,0,0,2,1,1,6,3,3,0,0,0,11,6,5,0,0,0,1,1,0,0,0,0
228981,40,Physical Sciences,45,20,25,0,0,0,0,0,0,4,2,2,13,6,7,0,0,0,25,11,14,0,0,0,3,1,2,0,0,0
228981,52,Business Management and Administrative Services,263,172,91,1,0,1,0,0,0,26,23,3,57,38,19,0,0,0,167,105,62,2,0,2,7,5,2,3,1,2
229018,14,Engineering,509,426,83,4,4,0,19,17,2,29,24,5,271,217,54,2,1,1,137,125,12,7,5,2,16,13,3,24,20,4
229018,26,Biological Sciences/LifeSciences,197,62,135,1,0,1,9,3,6,8,3,5,126,37,89,1,1,0,44,14,30,2,0,2,2,2,0,4,2,2
229018,27,Mathematics,41,9,32,1,0,1,0,0,0,2,0,2,26,6,20,1,0,1,11,3,8,0,0,0,0,0,0,0,0,0
229018,40,Physical Sciences,97,59,38,0,0,0,2,2,0,8,4,4,50,28,22,0,0,0,32,22,10,0,0,0,2,2,0,3,1,2
229018,52,Business Management and Administrative Services,774,376,398,6,4,2,10,6,4,35,19,16,392,173,219,2,0,2,294,151,143,5,3,2,9,6,3,21,14,7
229027,13,Education,1144,117,1027,0,0,0,23,2,21,70,4,66,702,72,630,2,1,1,311,32,279,25,4,21,4,1,3,7,1,6
229027,14,Engineering,2763,2251,512,8,4,4,188,145,43,202,160,42,1376,1120,256,4,2,2,696,584,112,76,64,12,27,22,5,186,150,36
229027,26,Biological Sciences/LifeSciences,1995,792,1203,0,0,0,258,98,160,175,45,130,1015,409,606,8,4,4,410,176,234,68,29,39,28,13,15,33,18,15
229027,27,Mathematics,291,173,118,0,0,0,11,5,6,20,10,10,154,86,68,0,0,0,90,63,27,12,7,5,1,1,0,3,1,2
229027,40,Physical Sciences,482,307,175,1,1,0,26,11,15,31,14,17,243,150,93,1,0,1,146,110,36,17,9,8,6,5,1,11,7,4
229027,52,Business Management and Administrative Services,4391,2442,1949,5,3,2,244,110,134,372,190,182,2280,1252,1028,9,5,4,1167,698,469,124,64,60,29,18,11,161,102,59
229063,14,Engineering,184,146,38,2,1,1,7,4,3,96,73,23,29,23,6,0,0,0,14,10,4,0,0,0,1,1,0,35,34,1
229063,26,Biological Sciences/LifeSciences,660,164,496,7,3,4,26,7,19,531,131,400,50,13,37,1,0,1,27,3,24,0,0,0,3,1,2,15,6,9
229063,27,Mathematics,38,17,21,0,0,0,0,0,0,28,13,15,5,0,5,0,0,0,2,2,0,0,0,0,0,0,0,3,2,1
229063,40,Physical Sciences,103,38,65,1,0,1,6,1,5,83,29,54,4,2,2,0,0,0,2,2,0,0,0,0,0,0,0,7,4,3
229063,52,Business Management and Administrative Services,1329,700,629,8,4,4,19,10,9,995,458,537,55,22,33,2,1,1,25,15,10,0,0,0,5,2,3,220,188,32
229115,14,Engineering,4548,3750,798,14,12,2,155,126,29,252,197,55,955,783,172,6,5,1,2444,2057,387,84,66,18,25,21,4,613,483,130
229115,26,Biological Sciences/LifeSciences,1610,718,892,3,0,3,125,55,70,148,68,80,497,210,287,2,0,2,694,313,381,64,28,36,7,5,2,70,39,31
229115,27,Mathematics,319,199,120,0,0,0,11,10,1,29,21,8,85,51,34,1,1,0,158,89,69,6,4,2,0,0,0,29,23,6
229115,40,Physical Sciences,624,445,179,4,4,0,24,15,9,38,24,14,156,105,51,4,3,1,312,232,80,19,14,5,4,3,1,63,45,18
229115,52,Business Management and Administrative Services,2846,1681,1165,6,1,5,50,26,24,101,59,42,519,300,219,0,0,0,2021,1211,810,59,34,25,16,9,7,74,41,33
229160,13,Education,82,8,74,1,0,1,1,0,1,4,1,3,47,3,44,0,0,0,22,4,18,4,0,4,2,0,2,1,0,1
229160,26,Biological Sciences/LifeSciences,81,42,39,0,0,0,2,1,1,8,4,4,24,12,12,0,0,0,16,7,9,6,4,2,1,1,0,24,13,11
229160,40,Physical Sciences,10,4,6,0,0,0,0,0,0,2,0,2,1,0,1,0,0,0,3,1,2,0,0,0,0,0,0,4,3,1
229160,52,Business Management and Administrative Services,355,213,142,4,2,2,6,2,4,42,20,22,95,48,47,0,0,0,86,45,41,10,5,5,2,2,0,110,89,21
229179,26,Biological Sciences/LifeSciences,525,70,455,7,2,5,81,13,68,120,8,112,187,33,154,3,0,3,116,13,103,0,0,0,5,1,4,6,0,6
229179,27,Mathematics,105,21,84,1,0,1,7,3,4,15,1,14,32,9,23,1,1,0,47,7,40,0,0,0,0,0,0,2,0,2
229179,40,Physical Sciences,40,3,37,0,0,0,5,0,5,11,0,11,11,2,9,0,0,0,11,0,11,0,0,0,0,0,0,2,1,1
229179,52,Business Management and Administrative Services,902,90,812,9,2,7,50,8,42,249,12,237,252,29,223,6,1,5,325,38,287,0,0,0,6,0,6,5,0,5
229267,13,Education,1,1,0,0,0,0,0,0,0,0,0,0,0,0,0,0,0,0,0,0,0,1,1,0,0,0,0,0,0,0
229267,14,Engineering,69,51,18,0,0,0,6,4,2,0,0,0,8,7,1,0,0,0,43,30,13,1,1,0,0,0,0,11,9,2
229267,26,Biological Sciences/LifeSciences,112,38,74,0,0,0,10,4,6,5,2,3,26,10,16,0,0,0,58,15,43,6,4,2,3,1,2,4,2,2
229267,27,Mathematics,36,22,14,0,0,0,2,1,1,0,0,0,11,7,4,0,0,0,16,10,6,4,4,0,0,0,0,3,0,3
229267,40,Physical Sciences,56,34,22,0,0,0,3,2,1,5,3,2,11,5,6,0,0,0,29,20,9,3,3,0,2,0,2,3,1,2
229267,52,Business Management and Administrative Services,151,96,55,1,1,0,10,4,6,10,9,1,24,14,10,0,0,0,72,46,26,8,6,2,5,2,3,21,14,7
229355,13,Education,325,36,289,2,0,2,3,1,2,58,10,48,54,3,51,0,0,0,199,21,178,6,1,5,2,0,2,1,0,1
229355,14,Engineering,287,265,22,0,0,0,7,6,1,45,41,4,76,73,3,0,0,0,141,131,10,7,6,1,3,2,1,8,6,2
229355,26,Biological Sciences/LifeSciences,371,156,215,3,2,1,7,4,3,98,34,64,92,44,48,0,0,0,151,65,86,13,3,10,4,2,2,3,2,1
229355,27,Mathematics,48,25,23,0,0,0,0,0,0,4,1,3,5,3,2,0,0,0,36,20,16,1,0,1,1,0,1,1,1,0
229355,40,Physical Sciences,60,38,22,0,0,0,2,2,0,8,4,4,6,4,2,0,0,0,38,26,12,3,2,1,2,0,2,1,0,1
229355,52,Business Management and Administrative Services,907,524,383,5,5,0,15,12,3,230,127,103,152,80,72,2,2,0,448,264,184,28,18,10,19,13,6,8,3,5
229780,13,Education,280,71,209,4,3,1,5,1,4,28,10,18,104,27,77,0,0,0,118,24,94,10,3,7,11,3,8,0,0,0
229780,26,Biological Sciences/LifeSciences,73,24,49,1,1,0,0,0,0,12,4,8,22,7,15,1,0,1,30,9,21,2,0,2,4,3,1,1,0,1
229780,27,Mathematics,35,33,2,0,0,0,0,0,0,9,9,0,5,5,0,0,0,0,16,15,1,4,3,1,0,0,0,1,1,0
229780,40,Physical Sciences,16,12,4,0,0,0,0,0,0,4,4,0,3,2,1,0,0,0,8,6,2,0,0,0,1,0,1,0,0,0
229780,52,Business Management and Administrative Services,1131,629,502,11,8,3,25,9,16,208,108,100,283,133,150,21,17,4,483,295,188,36,19,17,37,19,18,27,21,6
229814,13,Education,555,46,509,2,0,2,3,1,2,11,3,8,171,11,160,1,0,1,357,31,326,7,0,7,3,0,3,0,0,0
229814,14,Engineering,433,362,71,2,2,0,12,9,3,17,17,0,127,109,18,1,1,0,240,195,45,6,6,0,9,8,1,19,15,4
229814,26,Biological Sciences/LifeSciences,475,183,292,0,0,0,19,5,14,18,9,9,150,59,91,0,0,0,265,101,164,10,4,6,8,3,5,5,2,3
229814,27,Mathematics,58,25,33,0,0,0,0,0,0,0,0,0,18,7,11,0,0,0,35,16,19,2,1,1,1,0,1,2,1,1
229814,40,Physical Sciences,121,61,60,2,2,0,3,2,1,3,1,2,37,20,17,2,1,1,54,26,28,5,2,3,5,2,3,10,5,5
229814,52,Business Management and Administrative Services,1239,699,540,8,5,3,21,8,13,77,50,27,310,167,143,2,1,1,735,416,319,23,12,11,21,10,11,42,30,12
229887,13,Education,137,74,63,0,0,0,0,0,0,107,52,55,7,7,0,0,0,0,5,3,2,0,0,0,0,0,0,18,12,6
229887,26,Biological Sciences/LifeSciences,118,32,86,0,0,0,0,0,0,92,23,69,9,3,6,0,0,0,1,1,0,0,0,0,0,0,0,16,5,11
229887,27,Mathematics,12,6,6,3,3,0,0,0,0,3,0,3,0,0,0,0,0,0,0,0,0,0,0,0,0,0,0,6,3,3
229887,40,Physical Sciences,15,8,7,0,0,0,0,0,0,10,4,6,3,2,1,0,0,0,0,0,0,0,0,0,0,0,0,2,2,0
229887,52,Business Management and Administrative Services,360,170,190,0,0,0,2,2,0,271,120,151,28,20,8,0,0,0,8,3,5,0,0,0,0,0,0,51,25,26
230038,13,Education,2114,255,1859,3,0,3,26,4,22,2,1,1,103,20,83,13,3,10,1864,216,1648,65,7,58,10,2,8,28,2,26
230038,14,Engineering,3119,2671,448,9,8,1,54,39,15,12,12,0,163,135,28,14,11,3,2622,2267,355,101,84,17,39,32,7,105,83,22
230038,26,Biological Sciences/LifeSciences,3706,2363,1343,9,6,3,93,49,44,19,10,9,240,141,99,22,11,11,3020,1974,1046,165,89,76,48,30,18,90,53,37
230038,27,Mathematics,693,480,213,2,2,0,16,11,5,2,2,0,33,22,11,2,1,1,584,411,173,16,8,8,5,5,0,33,18,15
230038,40,Physical Sciences,525,380,145,0,0,0,8,6,2,1,1,0,25,19,6,3,2,1,451,322,129,19,14,5,8,7,1,10,9,1
230038,52,Business Management and Administrative Services,3847,2844,1003,15,13,2,78,50,28,9,5,4,208,140,68,25,20,5,3115,2354,761,150,103,47,39,33,6,208,126,82
230047,13,Education,285,55,230,1,0,1,8,1,7,2,1,1,14,2,12,39,5,34,76,9,67,24,6,18,3,0,3,118,31,87
230047,26,Biological Sciences/LifeSciences,252,91,161,1,0,1,9,5,4,1,1,0,23,9,14,17,6,11,106,32,74,28,8,20,1,1,0,66,29,37
230047,27,Mathematics,24,20,4,0,0,0,0,0,0,0,0,0,2,2,0,4,4,0,5,3,2,3,3,0,0,0,0,10,8,2
230047,52,Business Management and Administrative Services,685,390,295,4,3,1,22,12,10,1,1,0,24,16,8,48,24,24,198,128,70,40,21,19,2,1,1,346,184,162
230056,52,Business Management and Administrative Services,26,5,21,0,0,0,0,0,0,1,1,0,4,0,4,2,0,2,19,4,15,0,0,0,0,0,0,0,0,0
230171,13,Education,435,95,340,1,0,1,1,0,1,3,1,2,45,8,37,1,0,1,365,80,285,15,6,9,2,0,2,2,0,2
230171,14,Engineering,119,97,22,3,3,0,0,0,0,3,3,0,19,14,5,4,4,0,86,71,15,1,1,0,3,1,2,0,0,0
230171,26,Biological Sciences/LifeSciences,458,250,208,11,1,10,3,1,2,10,6,4,57,29,28,2,2,0,341,191,150,15,9,6,8,4,4,11,7,4
230171,27,Mathematics,29,22,7,1,0,1,0,0,0,0,0,0,2,2,0,0,0,0,24,18,6,1,1,0,1,1,0,0,0,0
230171,40,Physical Sciences,43,28,15,0,0,0,1,1,0,0,0,0,4,4,0,0,0,0,32,21,11,1,0,1,2,1,1,3,1,2
230171,52,Business Management and Administrative Services,1069,726,343,8,5,3,12,10,2,43,37,6,124,79,45,12,7,5,782,532,250,46,30,16,9,8,1,33,18,15
230366,52,Business Management and Administrative Services,39,15,24,0,0,0,3,0,3,3,1,2,6,1,5,0,0,0,18,6,12,2,0,2,7,7,0,0,0,0
230597,13,Education,17,2,15,0,0,0,0,0,0,0,0,0,1,0,1,1,1,0,15,1,14,0,0,0,0,0,0,0,0,0
230597,14,Engineering,49,41,8,0,0,0,1,1,0,0,0,0,0,0,0,0,0,0,46,38,8,0,0,0,1,1,0,1,1,0
230597,26,Biological Sciences/LifeSciences,13,8,5,0,0,0,0,0,0,0,0,0,0,0,0,0,0,0,12,7,5,0,0,0,0,0,0,1,1,0
230597,27,Mathematics,3,2,1,0,0,0,0,0,0,0,0,0,0,0,0,0,0,0,3,2,1,0,0,0,0,0,0,0,0,0
230597,40,Physical Sciences,7,3,4,0,0,0,0,0,0,0,0,0,0,0,0,0,0,0,7,3,4,0,0,0,0,0,0,0,0,0
230597,52,Business Management and Administrative Services,42,24,18,1,1,0,0,0,0,2,2,0,3,1,2,2,1,1,26,11,15,5,5,0,0,0,0,3,3,0
230603,13,Education,675,166,509,7,3,4,2,0,2,8,7,1,23,5,18,8,5,3,575,127,448,3,0,3,41,15,26,8,4,4
230603,14,Engineering,126,110,16,1,1,0,3,2,1,1,1,0,8,5,3,1,1,0,91,82,9,2,2,0,10,8,2,9,8,1
230603,26,Biological Sciences/LifeSciences,500,244,256,11,4,7,11,4,7,12,5,7,38,16,22,5,3,2,373,189,184,4,2,2,24,11,13,22,10,12
230603,27,Mathematics,45,30,15,0,0,0,1,0,1,0,0,0,2,1,1,0,0,0,37,26,11,1,0,1,2,1,1,2,2,0
230603,40,Physical Sciences,200,130,70,6,3,3,3,2,1,0,0,0,12,8,4,0,0,0,155,99,56,2,2,0,17,12,5,5,4,1
230603,52,Business Management and Administrative Services,735,469,266,14,6,8,10,5,5,14,11,3,32,20,12,13,5,8,462,291,171,2,1,1,39,26,13,149,104,45
230621,52,Business Management and Administrative Services,46,14,32,1,0,1,0,0,0,2,1,1,4,1,3,0,0,0,32,8,24,2,1,1,5,3,2,0,0,0
230630,52,Business Management and Administrative Services,39,22,17,1,1,0,0,0,0,1,0,1,7,3,4,0,0,0,24,14,10,2,2,0,4,2,2,0,0,0
230728,13,Education,2577,662,1915,29,7,22,15,5,10,15,5,10,117,30,87,16,6,10,2266,556,1710,44,16,28,41,18,23,34,19,15
230728,14,Engineering,2077,1774,303,7,5,2,26,19,7,4,4,0,90,65,25,4,3,1,1854,1603,251,43,33,10,27,23,4,22,19,3
230728,26,Biological Sciences/LifeSciences,1155,645,510,13,6,7,16,7,9,6,3,3,63,29,34,3,1,2,998,571,427,33,15,18,15,10,5,8,3,5
230728,27,Mathematics,163,102,61,1,0,1,2,2,0,1,1,0,7,5,2,0,0,0,144,91,53,3,1,2,3,1,2,2,1,1
230728,40,Physical Sciences,278,210,68,4,3,1,2,2,0,2,2,0,12,11,1,1,0,1,236,178,58,7,5,2,8,6,2,6,3,3
230728,52,Business Management and Administrative Services,1639,1017,622,17,5,12,15,7,8,7,5,2,73,39,34,4,4,0,1449,924,525,30,15,15,19,5,14,25,13,12
230737,13,Education,2019,428,1591,13,4,9,8,1,7,8,4,4,165,38,127,10,3,7,1723,358,1365,40,9,31,40,11,29,12,0,12
230737,14,Engineering,843,779,64,10,10,0,7,6,1,7,7,0,94,84,10,5,5,0,649,601,48,16,13,3,15,15,0,40,38,2
230737,26,Biological Sciences/LifeSciences,1016,664,352,14,6,8,12,5,7,2,1,1,114,59,55,4,3,1,785,537,248,39,21,18,33,24,9,13,8,5
230737,27,Mathematics,119,86,33,1,1,0,1,1,0,0,0,0,7,4,3,1,1,0,98,71,27,5,4,1,4,3,1,2,1,1
230737,40,Physical Sciences,416,300,116,3,2,1,5,2,3,4,3,1,44,26,18,1,1,0,332,247,85,14,10,4,9,6,3,4,3,1
230737,52,Business Management and Administrative Services,4903,3589,1314,35,18,17,72,46,26,46,33,13,535,360,175,44,26,18,3751,2793,958,129,88,41,85,62,23,206,163,43
230764,13,Education,327,43,284,2,0,2,8,2,6,1,1,0,54,8,46,1,0,1,247,28,219,13,4,9,1,0,1,0,0,0
230764,14,Engineering,3099,2465,634,10,6,4,224,156,68,23,20,3,282,219,63,4,3,1,2134,1738,396,145,99,46,23,18,5,254,206,48
230764,26,Biological Sciences/LifeSciences,1129,520,609,8,3,5,112,50,62,19,9,10,128,45,83,1,0,1,727,360,367,77,31,46,10,4,6,47,18,29
230764,27,Mathematics,315,188,127,3,0,3,28,17,11,1,0,1,32,19,13,0,0,0,201,118,83,15,9,6,4,3,1,31,22,9
230764,40,Physical Sciences,765,476,289,2,0,2,57,33,24,8,5,3,74,40,34,0,0,0,545,352,193,34,21,13,6,4,2,39,21,18
230764,52,Business Management and Administrative Services,3292,2234,1058,8,3,5,192,103,89,39,25,14,385,243,142,16,10,6,2227,1581,646,153,92,61,22,17,5,250,160,90
230782,13,Education,1074,259,815,8,2,6,7,3,4,5,1,4,98,23,75,4,0,4,882,210,672,25,7,18,43,12,31,2,1,1
230782,14,Engineering,405,354,51,1,0,1,11,8,3,6,6,0,43,37,6,3,3,0,307,267,40,7,7,0,21,20,1,6,6,0
230782,26,Biological Sciences/LifeSciences,711,308,403,0,0,0,11,2,9,12,9,3,102,26,76,1,1,0,524,240,284,18,7,11,30,14,16,13,9,4
230782,27,Mathematics,59,40,19,0,0,0,1,1,0,2,2,0,7,6,1,1,1,0,46,28,18,1,1,0,1,1,0,0,0,0
230782,40,Physical Sciences,312,209,103,0,0,0,8,4,4,6,4,2,31,18,13,3,2,1,239,166,73,8,4,4,12,8,4,5,3,2
230782,52,Business Management and Administrative Services,2203,1462,741,10,8,2,53,23,30,56,41,15,242,154,88,13,8,5,1582,1063,519,51,30,21,130,90,40,66,45,21
230807,13,Education,60,3,57,2,0,2,0,0,0,0,0,0,4,1,3,0,0,0,53,2,51,0,0,0,1,0,1,0,0,0
230807,26,Biological Sciences/LifeSciences,115,44,71,0,0,0,4,1,3,2,2,0,9,4,5,1,0,1,90,33,57,7,3,4,0,0,0,2,1,1
230807,27,Mathematics,37,17,20,0,0,0,0,0,0,2,1,1,2,2,0,1,0,1,26,12,14,2,1,1,0,0,0,4,1,3
230807,40,Physical Sciences,121,56,65,1,0,1,4,1,3,1,0,1,7,4,3,0,0,0,91,42,49,5,2,3,4,2,2,8,5,3
230807,52,Business Management and Administrative Services,305,193,112,3,1,2,9,6,3,7,6,1,24,13,11,1,1,0,206,135,71,11,7,4,12,9,3,32,15,17
230816,13,Education,5,0,5,0,0,0,0,0,0,0,0,0,0,0,0,0,0,0,2,0,2,2,0,2,0,0,0,1,0,1
230816,26,Biological Sciences/LifeSciences,12,2,10,0,0,0,0,0,0,0,0,0,0,0,0,0,0,0,12,2,10,0,0,0,0,0,0,0,0,0
230816,27,Mathematics,7,4,3,1,0,1,0,0,0,0,0,0,0,0,0,0,0,0,1,0,1,0,0,0,0,0,0,5,4,1
230816,40,Physical Sciences,18,8,10,0,0,0,1,0,1,0,0,0,1,0,1,0,0,0,14,7,7,0,0,0,2,1,1,0,0,0
230834,13,Education,72,42,30,0,0,0,0,0,0,1,1,0,0,0,0,1,0,1,61,36,25,2,1,1,6,3,3,1,1,0
230834,26,Biological Sciences/LifeSciences,76,31,45,0,0,0,3,1,2,0,0,0,4,2,2,0,0,0,65,26,39,1,0,1,0,0,0,3,2,1
230834,27,Mathematics,33,20,13,0,0,0,0,0,0,0,0,0,1,1,0,0,0,0,28,16,12,1,1,0,3,2,1,0,0,0
230834,40,Physical Sciences,16,9,7,0,0,0,0,0,0,0,0,0,1,1,0,0,0,0,12,6,6,2,1,1,1,1,0,0,0,0
230834,52,Business Management and Administrative Services,340,246,94,1,1,0,2,1,1,12,10,2,9,7,2,0,0,0,273,192,81,6,5,1,19,16,3,18,14,4
230852,13,Education,99,20,79,1,1,0,2,0,2,1,0,1,10,1,9,0,0,0,72,15,57,1,0,1,11,3,8,1,0,1
230852,52,Business Management and Administrative Services,878,421,457,2,1,1,22,11,11,79,25,54,80,41,39,3,0,3,559,273,286,21,7,14,109,61,48,3,2,1
230889,13,Education,23,3,20,1,0,1,3,0,3,0,0,0,2,0,2,0,0,0,11,1,10,1,1,0,5,1,4,0,0,0
230898,13,Education,26,1,25,1,0,1,0,0,0,0,0,0,3,0,3,0,0,0,15,1,14,1,0,1,5,0,5,1,0,1
230898,26,Biological Sciences/LifeSciences,34,14,20,0,0,0,1,0,1,7,6,1,0,0,0,0,0,0,16,4,12,0,0,0,10,4,6,0,0,0
230898,52,Business Management and Administrative Services,82,58,24,1,1,0,1,1,0,2,1,1,1,0,1,0,0,0,43,30,13,4,3,1,25,18,7,5,4,1
230913,13,Education,89,8,81,1,0,1,0,0,0,2,0,2,3,0,3,0,0,0,69,7,62,4,0,4,10,1,9,0,0,0
230913,26,Biological Sciences/LifeSciences,42,15,27,2,0,2,0,0,0,4,2,2,2,1,1,0,0,0,33,12,21,0,0,0,1,0,1,0,0,0
230913,27,Mathematics,14,9,5,0,0,0,1,1,0,0,0,0,1,1,0,0,0,0,11,6,5,1,1,0,0,0,0,0,0,0
230913,52,Business Management and Administrative Services,190,79,111,1,1,0,1,0,1,13,12,1,6,4,2,0,0,0,150,54,96,8,4,4,10,4,6,1,0,1
230931,13,Education,85,9,76,0,0,0,1,0,1,2,1,1,2,1,1,0,0,0,73,6,67,4,1,3,3,0,3,0,0,0
230931,27,Mathematics,2,1,1,0,0,0,0,0,0,0,0,0,0,0,0,0,0,0,2,1,1,0,0,0,0,0,0,0,0,0
230931,40,Physical Sciences,68,47,21,1,1,0,0,0,0,0,0,0,1,0,1,0,0,0,62,43,19,1,0,1,3,3,0,0,0,0
230931,52,Business Management and Administrative Services,111,64,47,0,0,0,1,0,1,6,5,1,3,2,1,0,0,0,92,56,36,2,1,1,5,0,5,2,0,2
230940,26,Biological Sciences/LifeSciences,1,0,1,0,0,0,0,0,0,0,0,0,0,0,0,0,0,0,1,0,1,0,0,0,0,0,0,0,0,0
230940,40,Physical Sciences,1,1,0,0,0,0,0,0,0,0,0,0,0,0,0,0,0,0,1,1,0,0,0,0,0,0,0,0,0,0
230959,26,Biological Sciences/LifeSciences,222,92,130,0,0,0,21,10,11,6,3,3,20,10,10,0,0,0,146,53,93,20,12,8,0,0,0,9,4,5
230959,27,Mathematics,48,31,17,0,0,0,5,1,4,0,0,0,2,1,1,0,0,0,27,21,6,2,1,1,1,0,1,11,7,4
230959,40,Physical Sciences,89,55,34,0,0,0,5,2,3,0,0,0,4,3,1,0,0,0,62,43,19,3,0,3,1,0,1,14,7,7
230977,52,Business Management and Administrative Services,54,32,22,1,1,0,1,0,1,7,4,3,4,2,2,0,0,0,33,20,13,1,0,1,7,5,2,0,0,0
230995,13,Education,15,7,8,0,0,0,0,0,0,1,0,1,0,0,0,0,0,0,14,7,7,0,0,0,0,0,0,0,0,0
230995,14,Engineering,326,284,42,0,0,0,12,10,2,5,5,0,22,17,5,2,1,1,251,221,30,18,17,1,8,8,0,8,5,3
230995,26,Biological Sciences/LifeSciences,84,48,36,0,0,0,3,3,0,5,3,2,9,7,2,0,0,0,61,31,30,3,1,2,2,2,0,1,1,0
230995,27,Mathematics,21,16,5,0,0,0,1,1,0,2,2,0,6,4,2,0,0,0,11,9,2,1,0,1,0,0,0,0,0,0
230995,40,Physical Sciences,52,35,17,0,0,0,2,1,1,2,2,0,7,4,3,0,0,0,38,27,11,2,0,2,1,1,0,0,0,0
230995,52,Business Management and Administrative Services,292,238,54,1,1,0,3,1,2,17,15,2,26,21,5,0,0,0,223,181,42,13,11,2,5,4,1,4,4,0
231059,13,Education,186,32,154,0,0,0,0,0,0,3,1,2,7,1,6,0,0,0,170,30,140,5,0,5,1,0,1,0,0,0
231059,14,Engineering,29,24,5,1,1,0,0,0,0,0,0,0,1,1,0,0,0,0,21,16,5,1,1,0,1,1,0,4,4,0
231059,26,Biological Sciences/LifeSciences,270,74,196,1,0,1,4,1,3,6,3,3,18,3,15,1,0,1,231,64,167,5,2,3,2,0,2,2,1,1
231059,27,Mathematics,63,23,40,0,0,0,1,0,1,0,0,0,1,0,1,0,0,0,53,17,36,1,0,1,0,0,0,7,6,1
231059,40,Physical Sciences,32,11,21,0,0,0,2,0,2,0,0,0,0,0,0,0,0,0,29,10,19,0,0,0,0,0,0,1,1,0
231059,52,Business Management and Administrative Services,304,210,94,0,0,0,4,0,4,2,1,1,13,11,2,0,0,0,258,179,79,2,1,1,6,5,1,19,13,6
231077,13,Education,6,1,5,0,0,0,0,0,0,1,0,1,0,0,0,0,0,0,5,1,4,0,0,0,0,0,0,0,0,0
231077,52,Business Management and Administrative Services,74,50,24,0,0,0,2,0,2,29,21,8,11,11,0,0,0,0,31,17,14,0,0,0,1,1,0,0,0,0
231086,26,Biological Sciences/LifeSciences,23,7,16,0,0,0,0,0,0,4,1,3,0,0,0,0,0,0,17,5,12,0,0,0,2,1,1,0,0,0
231086,52,Business Management and Administrative Services,78,54,24,0,0,0,1,1,0,11,9,2,11,5,6,1,0,1,32,19,13,4,4,0,17,15,2,1,1,0
231095,26,Biological Sciences/LifeSciences,19,11,8,0,0,0,0,0,0,2,2,0,0,0,0,0,0,0,14,7,7,0,0,0,3,2,1,0,0,0
231165,14,Engineering,57,49,8,0,0,0,1,1,0,0,0,0,1,1,0,0,0,0,52,44,8,2,2,0,0,0,0,1,1,0
231165,52,Business Management and Administrative Services,158,115,43,0,0,0,1,1,0,5,5,0,5,4,1,0,0,0,125,87,38,5,2,3,12,11,1,5,5,0
231174,13,Education,513,93,420,0,0,0,13,2,11,8,1,7,14,4,10,0,0,0,439,80,359,19,3,16,8,1,7,12,2,10
231174,14,Engineering,847,659,188,1,1,0,14,11,3,8,8,0,30,23,7,0,0,0,700,541,159,18,10,8,16,14,2,60,51,9
231174,26,Biological Sciences/LifeSciences,1281,508,773,1,0,1,50,8,42,17,8,9,39,18,21,1,1,0,1077,440,637,40,13,27,21,5,16,35,15,20
231174,27,Mathematics,148,88,60,1,1,0,3,1,2,1,1,0,3,1,2,0,0,0,111,69,42,4,2,2,3,1,2,22,12,10
231174,40,Physical Sciences,143,89,54,0,0,0,3,2,1,1,0,1,1,0,1,0,0,0,123,80,43,3,2,1,5,2,3,7,3,4
231174,52,Business Management and Administrative Services,1028,692,336,0,0,0,22,8,14,12,9,3,35,21,14,1,0,1,759,534,225,23,19,4,17,14,3,159,87,72
231420,13,Education,74,30,44,0,0,0,0,0,0,10,7,3,2,0,2,0,0,0,58,22,36,0,0,0,0,0,0,4,1,3
231420,27,Mathematics,8,5,3,0,0,0,0,0,0,3,3,0,1,0,1,0,0,0,3,2,1,0,0,0,0,0,0,1,0,1
231420,40,Physical Sciences,1,0,1,0,0,0,0,0,0,0,0,0,0,0,0,0,0,0,1,0,1,0,0,0,0,0,0,0,0,0
231420,52,Business Management and Administrative Services,96,68,28,1,0,1,2,2,0,25,21,4,4,3,1,0,0,0,49,29,20,0,0,0,0,0,0,15,13,2
231554,13,Education,29,4,25,0,0,0,0,0,0,4,2,2,0,0,0,0,0,0,24,2,22,0,0,0,1,0,1,0,0,0
231554,26,Biological Sciences/LifeSciences,59,23,36,0,0,0,2,1,1,7,4,3,3,0,3,0,0,0,39,15,24,3,2,1,2,0,2,3,1,2
231554,27,Mathematics,15,7,8,0,0,0,0,0,0,0,0,0,0,0,0,0,0,0,13,5,8,1,1,0,1,1,0,0,0,0
231554,40,Physical Sciences,3,2,1,0,0,0,0,0,0,0,0,0,0,0,0,0,0,0,3,2,1,0,0,0,0,0,0,0,0,0
231554,52,Business Management and Administrative Services,201,115,86,0,0,0,0,0,0,46,30,16,5,2,3,12,12,0,103,43,60,12,7,5,2,2,0,21,19,2
231581,26,Biological Sciences/LifeSciences,221,55,166,0,0,0,5,2,3,30,5,25,13,3,10,0,0,0,144,36,108,16,4,12,9,5,4,4,0,4
231581,27,Mathematics,26,11,15,0,0,0,0,0,0,3,2,1,5,3,2,0,0,0,16,4,12,0,0,0,2,2,0,0,0,0
231581,40,Physical Sciences,92,63,29,0,0,0,1,1,0,7,6,1,4,4,0,0,0,0,70,46,24,6,3,3,3,3,0,1,0,1
231581,52,Business Management and Administrative Services,386,271,115,2,2,0,6,5,1,65,57,8,19,14,5,0,0,0,251,164,87,21,10,11,17,14,3,5,5,0
231624,26,Biological Sciences/LifeSciences,415,136,279,0,0,0,63,26,37,29,8,21,29,6,23,0,0,0,229,71,158,25,10,15,27,12,15,13,3,10
231624,27,Mathematics,100,53,47,0,0,0,8,5,3,10,4,6,2,1,1,0,0,0,51,29,22,1,1,0,7,5,2,21,8,13
231624,40,Physical Sciences,239,126,113,1,0,1,27,12,15,10,3,7,15,8,7,0,0,0,144,84,60,13,7,6,15,6,9,14,6,8
231624,52,Business Management and Administrative Services,395,203,192,1,1,0,33,18,15,19,10,9,21,12,9,0,0,0,241,129,112,13,6,7,38,19,19,29,8,21
231651,13,Education,179,17,162,2,0,2,1,0,1,51,5,46,13,3,10,0,0,0,101,9,92,9,0,9,1,0,1,1,0,1
231651,27,Mathematics,15,5,10,0,0,0,0,0,0,0,0,0,1,0,1,0,0,0,10,5,5,3,0,3,0,0,0,1,0,1
231651,52,Business Management and Administrative Services,567,246,321,8,3,5,17,4,13,164,57,107,41,14,27,3,2,1,303,156,147,21,7,14,6,1,5,4,2,2
231712,14,Engineering,136,115,21,0,0,0,2,2,0,27,22,5,6,5,1,0,0,0,90,78,12,5,3,2,6,5,1,0,0,0
231712,26,Biological Sciences/LifeSciences,799,258,541,5,2,3,28,12,16,50,17,33,36,14,22,0,0,0,599,192,407,39,10,29,40,11,29,2,0,2
231712,27,Mathematics,67,29,38,2,0,2,2,1,1,6,2,4,5,2,3,0,0,0,45,21,24,1,0,1,4,2,2,2,1,1
231712,40,Physical Sciences,138,53,85,0,0,0,7,1,6,10,2,8,8,4,4,0,0,0,100,42,58,10,2,8,3,2,1,0,0,0
231712,52,Business Management and Administrative Services,859,488,371,4,4,0,29,11,18,41,26,15,41,20,21,1,1,0,666,382,284,35,21,14,37,20,17,5,3,2
231785,52,Business Management and Administrative Services,165,67,98,1,0,1,5,1,4,118,43,75,4,2,2,0,0,0,29,15,14,8,6,2,0,0,0,0,0,0
231828,52,Business Management and Administrative Services,116,32,84,1,1,0,2,1,1,89,20,69,3,0,3,0,0,0,15,7,8,6,3,3,0,0,0,0,0,0
231837,26,Biological Sciences/LifeSciences,24,7,17,0,0,0,0,0,0,1,0,1,4,1,3,0,0,0,17,6,11,1,0,1,1,0,1,0,0,0
232016,52,Business Management and Administrative Services,47,15,32,0,0,0,1,0,1,23,9,14,3,1,2,0,0,0,12,3,9,8,2,6,0,0,0,0,0,0
232025,13,Education,78,34,44,1,0,1,0,0,0,2,1,1,2,1,1,0,0,0,63,26,37,1,1,0,9,5,4,0,0,0
232025,26,Biological Sciences/LifeSciences,33,11,22,0,0,0,0,0,0,2,0,2,1,0,1,0,0,0,27,11,16,0,0,0,2,0,2,1,0,1
232025,27,Mathematics,20,12,8,0,0,0,0,0,0,0,0,0,1,1,0,0,0,0,16,10,6,0,0,0,2,1,1,1,0,1
232025,40,Physical Sciences,16,6,10,0,0,0,0,0,0,0,0,0,1,1,0,0,0,0,11,3,8,0,0,0,1,0,1,3,2,1
232025,52,Business Management and Administrative Services,59,48,11,0,0,0,0,0,0,10,10,0,1,1,0,0,0,0,38,29,9,0,0,0,7,6,1,3,2,1
232043,13,Education,14,10,4,0,0,0,0,0,0,0,0,0,1,1,0,0,0,0,12,9,3,0,0,0,1,0,1,0,0,0
232043,14,Engineering,10,9,1,0,0,0,0,0,0,1,1,0,0,0,0,0,0,0,8,7,1,0,0,0,1,1,0,0,0,0
232043,26,Biological Sciences/LifeSciences,105,49,56,0,0,0,2,2,0,9,3,6,5,2,3,0,0,0,78,36,42,3,1,2,2,1,1,6,4,2
232043,27,Mathematics,20,9,11,0,0,0,0,0,0,0,0,0,0,0,0,0,0,0,19,8,11,1,1,0,0,0,0,0,0,0
232043,40,Physical Sciences,4,0,4,0,0,0,0,0,0,0,0,0,0,0,0,0,0,0,3,0,3,0,0,0,1,0,1,0,0,0
232043,52,Business Management and Administrative Services,115,75,40,0,0,0,1,1,0,12,8,4,12,9,3,0,0,0,70,47,23,8,3,5,4,3,1,8,4,4
232089,13,Education,61,27,34,2,0,2,0,0,0,11,11,0,0,0,0,0,0,0,44,14,30,0,0,0,4,2,2,0,0,0
232089,26,Biological Sciences/LifeSciences,38,13,25,0,0,0,0,0,0,11,4,7,3,1,2,0,0,0,18,6,12,6,2,4,0,0,0,0,0,0
232089,27,Mathematics,7,5,2,0,0,0,0,0,0,2,2,0,0,0,0,0,0,0,5,3,2,0,0,0,0,0,0,0,0,0
232089,40,Physical Sciences,15,8,7,0,0,0,1,0,1,2,0,2,1,0,1,0,0,0,9,7,2,1,1,0,1,0,1,0,0,0
232089,52,Business Management and Administrative Services,191,146,45,2,1,1,2,2,0,76,62,14,12,11,1,0,0,0,85,59,26,9,7,2,2,1,1,3,3,0
232186,13,Education,296,188,108,4,2,2,19,13,6,40,27,13,23,16,7,2,2,0,186,115,71,12,5,7,9,7,2,1,1,0
232186,14,Engineering,1518,1179,339,2,2,0,330,231,99,126,95,31,185,145,40,5,5,0,625,514,111,65,53,12,47,37,10,133,97,36
232186,26,Biological Sciences/LifeSciences,1569,528,1041,3,0,3,438,140,298,176,51,125,189,63,126,6,1,5,573,205,368,76,25,51,55,20,35,53,23,30
232186,27,Mathematics,193,105,88,0,0,0,40,20,20,12,5,7,20,11,9,0,0,0,94,56,38,11,6,5,11,4,7,5,3,2
232186,40,Physical Sciences,399,218,181,1,0,1,64,29,35,34,18,16,59,34,25,2,0,2,200,118,82,15,9,6,9,6,3,15,4,11
232186,52,Business Management and Administrative Services,3910,2012,1898,4,2,2,937,428,509,399,195,204,533,239,294,13,5,8,1400,815,585,144,73,71,111,62,49,369,193,176
232256,26,Biological Sciences/LifeSciences,56,56,0,0,0,0,3,3,0,4,4,0,0,0,0,0,0,0,46,46,0,3,3,0,0,0,0,0,0,0
232256,27,Mathematics,12,12,0,0,0,0,1,1,0,0,0,0,1,1,0,0,0,0,9,9,0,0,0,0,1,1,0,0,0,0
232256,40,Physical Sciences,34,34,0,0,0,0,1,1,0,2,2,0,1,1,0,0,0,0,26,26,0,0,0,0,2,2,0,2,2,0
232256,52,Business Management and Administrative Services,151,151,0,0,0,0,0,0,0,6,6,0,5,5,0,0,0,0,128,128,0,7,7,0,4,4,0,1,1,0
232265,13,Education,83,10,73,0,0,0,0,0,0,78,9,69,2,1,1,0,0,0,2,0,2,0,0,0,0,0,0,1,0,1
232265,14,Engineering,190,128,62,0,0,0,2,2,0,181,120,61,4,3,1,0,0,0,2,2,0,0,0,0,0,0,0,1,1,0
232265,26,Biological Sciences/LifeSciences,388,73,315,0,0,0,1,1,0,383,68,315,3,3,0,0,0,0,1,1,0,0,0,0,0,0,0,0,0,0
232265,27,Mathematics,21,6,15,0,0,0,0,0,0,19,5,14,0,0,0,0,0,0,1,0,1,0,0,0,0,0,0,1,1,0
232265,40,Physical Sciences,49,15,34,0,0,0,0,0,0,47,14,33,0,0,0,0,0,0,2,1,1,0,0,0,0,0,0,0,0,0
232265,52,Business Management and Administrative Services,817,378,439,2,1,1,0,0,0,802,367,435,2,0,2,0,0,0,9,9,0,0,0,0,0,0,0,2,1,1
232308,26,Biological Sciences/LifeSciences,49,0,49,0,0,0,0,0,0,4,0,4,2,0,2,0,0,0,34,0,34,1,0,1,2,0,2,6,0,6
232308,27,Mathematics,9,0,9,0,0,0,0,0,0,0,0,0,0,0,0,0,0,0,4,0,4,0,0,0,0,0,0,5,0,5
232308,40,Physical Sciences,6,0,6,0,0,0,0,0,0,1,0,1,1,0,1,0,0,0,2,0,2,0,0,0,0,0,0,2,0,2
232308,52,Business Management and Administrative Services,28,0,28,1,0,1,1,0,1,3,0,3,0,0,0,0,0,0,18,0,18,0,0,0,3,0,3,2,0,2
232423,13,Education,1,0,1,0,0,0,0,0,0,0,0,0,0,0,0,0,0,0,1,0,1,0,0,0,0,0,0,0,0,0
232423,14,Engineering,418,331,87,1,1,0,20,9,11,18,15,3,26,19,7,1,1,0,310,249,61,21,20,1,8,7,1,13,10,3
232423,26,Biological Sciences/LifeSciences,1074,393,681,2,0,2,82,25,57,56,13,43,71,26,45,2,1,1,746,286,460,69,22,47,26,12,14,20,8,12
232423,27,Mathematics,215,98,117,0,0,0,12,3,9,2,1,1,11,7,4,1,0,1,161,76,85,12,4,8,4,0,4,12,7,5
232423,40,Physical Sciences,386,220,166,0,0,0,16,5,11,15,6,9,22,18,4,0,0,0,296,166,130,17,11,6,12,7,5,8,7,1
232423,52,Business Management and Administrative Services,3806,2240,1566,3,1,2,184,100,84,102,55,47,234,129,105,4,3,1,2856,1716,1140,127,73,54,111,71,40,185,92,93
232557,13,Education,3504,387,3117,19,2,17,22,2,20,450,56,394,164,10,154,8,1,7,1468,166,1302,57,7,50,1309,142,1167,7,1,6
232557,14,Engineering,510,453,57,1,1,0,11,10,1,20,17,3,22,20,2,0,0,0,317,284,33,9,8,1,79,69,10,51,44,7
232557,26,Biological Sciences/LifeSciences,853,372,481,6,2,4,27,11,16,42,16,26,58,19,39,1,1,0,495,228,267,24,8,16,137,62,75,63,25,38
232557,27,Mathematics,122,69,53,1,1,0,3,3,0,4,2,2,5,4,1,0,0,0,83,41,42,0,0,0,16,10,6,10,8,2
232557,40,Physical Sciences,37,19,18,0,0,0,1,0,1,1,0,1,1,0,1,0,0,0,26,13,13,0,0,0,5,4,1,3,2,1
232557,52,Business Management and Administrative Services,8937,4093,4844,49,23,26,104,45,59,1027,354,673,442,181,261,14,5,9,4166,2075,2091,153,66,87,2816,1258,1558,166,86,80
232566,26,Biological Sciences/LifeSciences,250,71,179,0,0,0,4,0,4,34,10,24,9,3,6,0,0,0,178,51,127,9,1,8,15,6,9,1,0,1
232566,27,Mathematics,42,12,30,0,0,0,0,0,0,6,2,4,3,1,2,0,0,0,28,9,19,5,0,5,0,0,0,0,0,0
232566,40,Physical Sciences,70,41,29,0,0,0,0,0,0,7,4,3,3,1,2,0,0,0,47,27,20,5,4,1,7,4,3,1,1,0
232566,52,Business Management and Administrative Services,567,338,229,1,1,0,11,5,6,48,29,19,28,13,15,1,1,0,393,244,149,22,10,12,32,14,18,31,21,10
232609,13,Education,118,19,99,0,0,0,2,1,1,15,4,11,4,0,4,0,0,0,88,11,77,8,2,6,1,1,0,0,0,0
232609,26,Biological Sciences/LifeSciences,296,104,192,2,1,1,3,0,3,33,6,27,11,7,4,0,0,0,231,85,146,13,5,8,1,0,1,2,0,2
232609,27,Mathematics,28,23,5,0,0,0,1,1,0,1,1,0,1,0,1,0,0,0,24,20,4,0,0,0,0,0,0,1,1,0
232609,40,Physical Sciences,33,20,13,0,0,0,0,0,0,4,2,2,1,0,1,0,0,0,27,17,10,0,0,0,1,1,0,0,0,0
232609,52,Business Management and Administrative Services,215,114,101,1,0,1,5,3,2,23,8,15,10,7,3,0,0,0,158,89,69,8,2,6,3,2,1,7,3,4
232672,26,Biological Sciences/LifeSciences,28,1,27,0,0,0,4,0,4,8,0,8,2,0,2,0,0,0,13,1,12,1,0,1,0,0,0,0,0,0
232672,27,Mathematics,24,1,23,0,0,0,1,0,1,6,0,6,0,0,0,0,0,0,15,1,14,0,0,0,1,0,1,1,0,1
232672,40,Physical Sciences,9,0,9,0,0,0,1,0,1,2,0,2,0,0,0,0,0,0,5,0,5,1,0,1,0,0,0,0,0,0
232672,52,Business Management and Administrative Services,111,18,93,1,0,1,11,1,10,22,4,18,3,0,3,0,0,0,65,11,54,0,0,0,9,2,7,0,0,0
232681,26,Biological Sciences/LifeSciences,228,51,177,0,0,0,16,2,14,12,3,9,14,2,12,0,0,0,155,30,125,14,6,8,14,6,8,3,2,1
232681,27,Mathematics,64,20,44,0,0,0,3,1,2,3,1,2,8,3,5,0,0,0,43,12,31,4,1,3,3,2,1,0,0,0
232681,40,Physical Sciences,140,67,73,4,0,4,2,2,0,6,3,3,9,6,3,0,0,0,105,51,54,4,2,2,9,3,6,1,0,1
232681,52,Business Management and Administrative Services,299,158,141,1,1,0,8,2,6,32,16,16,29,18,11,0,0,0,204,108,96,8,6,2,11,4,7,6,3,3
232706,13,Education,62,9,53,0,0,0,4,1,3,6,1,5,18,1,17,1,0,1,28,5,23,2,0,2,0,0,0,3,1,2
232706,26,Biological Sciences/LifeSciences,203,66,137,1,0,1,24,7,17,39,11,28,44,13,31,0,0,0,58,22,36,4,1,3,11,2,9,22,10,12
232706,27,Mathematics,10,3,7,0,0,0,0,0,0,0,0,0,0,0,0,0,0,0,8,2,6,1,1,0,1,0,1,0,0,0
232706,52,Business Management and Administrative Services,464,233,231,2,0,2,16,6,10,45,21,24,79,32,47,2,1,1,165,81,84,11,7,4,13,8,5,131,77,54
232797,52,Business Management and Administrative Services,252,81,171,1,0,1,1,1,0,75,25,50,7,1,6,0,0,0,111,33,78,2,1,1,53,19,34,2,1,1
232937,13,Education,43,1,42,0,0,0,0,0,0,37,1,36,0,0,0,0,0,0,2,0,2,0,0,0,4,0,4,0,0,0
232937,14,Engineering,144,112,32,0,0,0,2,2,0,119,92,27,2,1,1,0,0,0,7,7,0,11,9,2,2,0,2,1,1,0
232937,26,Biological Sciences/LifeSciences,352,87,265,3,0,3,6,1,5,296,74,222,15,2,13,1,0,1,11,2,9,16,6,10,3,2,1,1,0,1
232937,27,Mathematics,33,17,16,0,0,0,0,0,0,22,11,11,4,4,0,0,0,0,3,0,3,1,1,0,2,0,2,1,1,0
232937,40,Physical Sciences,84,28,56,0,0,0,0,0,0,65,20,45,8,3,5,0,0,0,3,2,1,6,2,4,2,1,1,0,0,0
232937,52,Business Management and Administrative Services,578,285,293,0,0,0,2,0,2,496,246,250,10,4,6,0,0,0,18,12,6,29,14,15,14,6,8,9,3,6
232982,13,Education,1246,631,615,5,3,2,41,17,24,453,226,227,91,42,49,3,1,2,508,263,245,86,44,42,47,31,16,12,4,8
232982,14,Engineering,821,688,133,2,2,0,62,51,11,114,100,14,69,58,11,6,4,2,444,377,67,57,41,16,20,17,3,47,38,9
232982,26,Biological Sciences/LifeSciences,691,234,457,2,0,2,45,21,24,148,32,116,69,20,49,1,0,1,345,134,211,52,15,37,23,11,12,6,1,5
232982,27,Mathematics,106,55,51,0,0,0,8,4,4,18,7,11,7,3,4,0,0,0,58,32,26,8,2,6,6,6,0,1,1,0
232982,40,Physical Sciences,125,84,41,0,0,0,4,2,2,14,8,6,10,7,3,0,0,0,85,58,27,6,3,3,6,6,0,0,0,0
232982,52,Business Management and Administrative Services,1241,716,525,7,4,3,85,48,37,271,142,129,94,47,47,4,3,1,646,398,248,68,35,33,28,17,11,38,22,16
233277,13,Education,531,282,249,1,1,0,3,1,2,95,51,44,30,18,12,3,3,0,363,193,170,28,9,19,5,4,1,3,2,1
233277,26,Biological Sciences/LifeSciences,457,167,290,1,0,1,7,1,6,77,24,53,34,14,20,0,0,0,307,121,186,22,4,18,8,3,5,1,0,1
233277,27,Mathematics,71,39,32,0,0,0,5,2,3,5,2,3,7,4,3,0,0,0,49,30,19,4,1,3,0,0,0,1,0,1
233277,40,Physical Sciences,209,123,86,1,1,0,7,4,3,21,11,10,14,9,5,1,1,0,151,90,61,8,3,5,3,3,0,3,1,2
233277,52,Business Management and Administrative Services,1292,945,347,2,0,2,23,17,6,161,100,61,107,75,32,3,3,0,906,692,214,51,30,21,11,7,4,28,21,7
233295,13,Education,69,14,55,0,0,0,1,0,1,2,0,2,2,0,2,1,0,1,63,14,49,0,0,0,0,0,0,0,0,0
233295,14,Engineering,32,20,12,0,0,0,1,0,1,2,1,1,3,3,0,0,0,0,24,15,9,1,1,0,0,0,0,1,0,1
233295,26,Biological Sciences/LifeSciences,154,42,112,1,0,1,1,1,0,6,1,5,13,4,9,0,0,0,121,30,91,11,5,6,0,0,0,1,1,0
233295,27,Mathematics,53,23,30,0,0,0,2,0,2,2,2,0,1,1,0,0,0,0,41,19,22,1,1,0,0,0,0,6,0,6
233295,40,Physical Sciences,88,29,59,0,0,0,3,0,3,4,1,3,5,1,4,0,0,0,68,24,44,4,2,2,1,1,0,3,0,3
233295,52,Business Management and Administrative Services,170,107,63,1,0,1,6,1,5,14,11,3,10,7,3,0,0,0,127,80,47,5,3,2,2,2,0,5,3,2
233301,13,Education,10,3,7,0,0,0,0,0,0,0,0,0,0,0,0,0,0,0,6,1,5,4,2,2,0,0,0,0,0,0
233301,14,Engineering,6,6,0,0,0,0,2,2,0,1,1,0,0,0,0,0,0,0,2,2,0,0,0,0,0,0,0,1,1,0
233301,26,Biological Sciences/LifeSciences,94,29,65,1,0,1,1,0,1,10,5,5,5,3,2,0,0,0,67,19,48,3,0,3,0,0,0,7,2,5
233301,27,Mathematics,6,5,1,0,0,0,0,0,0,0,0,0,0,0,0,0,0,0,4,4,0,0,0,0,0,0,0,2,1,1
233301,40,Physical Sciences,17,7,10,0,0,0,1,0,1,1,1,0,0,0,0,0,0,0,12,4,8,2,2,0,0,0,0,1,0,1
233301,52,Business Management and Administrative Services,26,12,14,0,0,0,0,0,0,2,0,2,1,1,0,0,0,0,19,11,8,2,0,2,0,0,0,2,0,2
233374,13,Education,72,19,53,0,0,0,0,0,0,2,1,1,2,1,1,0,0,0,58,14,44,0,0,0,10,3,7,0,0,0
233374,26,Biological Sciences/LifeSciences,201,72,129,0,0,0,29,10,19,21,8,13,18,7,11,0,0,0,99,34,65,5,1,4,13,6,7,16,6,10
233374,27,Mathematics,41,23,18,0,0,0,2,1,1,0,0,0,1,0,1,0,0,0,19,9,10,0,0,0,3,2,1,16,11,5
233374,40,Physical Sciences,61,40,21,0,0,0,4,2,2,3,2,1,4,1,3,0,0,0,37,26,11,1,0,1,5,4,1,7,5,2
233374,52,Business Management and Administrative Services,645,359,286,3,2,1,36,14,22,20,9,11,40,18,22,0,0,0,417,253,164,15,11,4,55,28,27,59,24,35
233426,13,Education,11,5,6,0,0,0,0,0,0,1,1,0,0,0,0,0,0,0,9,4,5,1,0,1,0,0,0,0,0,0
233426,26,Biological Sciences/LifeSciences,109,28,81,0,0,0,1,0,1,7,1,6,1,0,1,0,0,0,91,24,67,6,2,4,0,0,0,3,1,2
233426,27,Mathematics,27,15,12,1,1,0,0,0,0,2,1,1,1,0,1,0,0,0,21,13,8,0,0,0,0,0,0,2,0,2
233426,40,Physical Sciences,50,31,19,1,1,0,0,0,0,6,3,3,3,2,1,0,0,0,34,23,11,5,2,3,0,0,0,1,0,1
233426,52,Business Management and Administrative Services,174,102,72,1,1,0,2,2,0,4,4,0,6,2,4,1,0,1,148,87,61,7,2,5,0,0,0,5,4,1
233541,13,Education,85,42,43,0,0,0,0,0,0,5,4,1,8,6,2,0,0,0,60,25,35,1,1,0,10,5,5,1,1,0
233541,26,Biological Sciences/LifeSciences,340,117,223,1,1,0,8,2,6,36,19,17,23,7,16,1,0,1,205,63,142,8,4,4,55,20,35,3,1,2
233541,27,Mathematics,16,8,8,0,0,0,0,0,0,1,0,1,1,1,0,0,0,0,10,4,6,0,0,0,3,2,1,1,1,0
233541,40,Physical Sciences,39,15,24,0,0,0,3,0,3,4,0,4,2,1,1,0,0,0,24,12,12,2,0,2,4,2,2,0,0,0
233541,52,Business Management and Administrative Services,264,182,82,2,2,0,3,2,1,24,20,4,14,7,7,0,0,0,130,87,43,7,3,4,28,16,12,56,45,11
233611,26,Biological Sciences/LifeSciences,31,17,14,0,0,0,1,0,1,1,1,0,1,0,1,1,1,0,23,12,11,3,2,1,1,1,0,0,0,0
233611,27,Mathematics,7,6,1,0,0,0,1,0,1,0,0,0,0,0,0,0,0,0,6,6,0,0,0,0,0,0,0,0,0,0
233611,52,Business Management and Administrative Services,122,88,34,0,0,0,3,1,2,11,8,3,4,2,2,3,2,1,87,63,24,5,4,1,5,5,0,4,3,1
233684,52,Business Management and Administrative Services,2757,843,1914,17,9,8,86,31,55,1384,351,1033,246,89,157,11,3,8,789,283,506,108,30,78,88,32,56,28,15,13
233718,14,Engineering,14,0,14,0,0,0,0,0,0,1,0,1,1,0,1,0,0,0,12,0,12,0,0,0,0,0,0,0,0,0
233718,26,Biological Sciences/LifeSciences,20,0,20,0,0,0,0,0,0,3,0,3,2,0,2,0,0,0,14,0,14,1,0,1,0,0,0,0,0,0
233718,27,Mathematics,3,0,3,0,0,0,0,0,0,0,0,0,2,0,2,0,0,0,1,0,1,0,0,0,0,0,0,0,0,0
233718,40,Physical Sciences,3,0,3,0,0,0,0,0,0,0,0,0,1,0,1,0,0,0,2,0,2,0,0,0,0,0,0,0,0,0
233718,52,Business Management and Administrative Services,23,0,23,0,0,0,1,0,1,2,0,2,0,0,0,0,0,0,20,0,20,0,0,0,0,0,0,0,0,0
233897,14,Engineering,29,24,5,0,0,0,3,2,1,3,3,0,0,0,0,0,0,0,17,15,2,0,0,0,6,4,2,0,0,0
233897,27,Mathematics,31,17,14,0,0,0,0,0,0,3,3,0,1,0,1,0,0,0,24,13,11,0,0,0,3,1,2,0,0,0
233897,52,Business Management and Administrative Services,147,94,53,0,0,0,2,1,1,17,14,3,4,2,2,0,0,0,105,64,41,0,0,0,19,13,6,0,0,0
233921,14,Engineering,4991,3868,1123,3,3,0,527,387,140,126,102,24,281,207,74,5,4,1,3164,2453,711,205,148,57,132,100,32,548,464,84
233921,26,Biological Sciences/LifeSciences,2070,788,1282,3,1,2,311,130,181,116,36,80,154,58,96,5,3,2,1263,473,790,122,44,78,60,25,35,36,18,18
233921,27,Mathematics,644,465,179,1,1,0,94,66,28,32,25,7,38,23,15,0,0,0,372,269,103,31,23,8,12,8,4,64,50,14
233921,40,Physical Sciences,787,571,216,0,0,0,43,29,14,15,8,7,66,48,18,1,1,0,545,400,145,45,28,17,18,10,8,54,47,7
233921,52,Business Management and Administrative Services,3948,2468,1480,10,5,5,503,283,220,166,108,58,216,134,82,4,4,0,2643,1678,965,146,91,55,110,75,35,150,90,60
234030,13,Education,1452,459,993,3,2,1,179,72,107,395,106,289,136,47,89,5,5,0,616,186,430,91,33,58,8,1,7,19,7,12
234030,14,Engineering,1317,967,350,1,1,0,256,169,87,134,94,40,91,66,25,0,0,0,628,482,146,45,31,14,13,5,8,149,119,30
234030,26,Biological Sciences/LifeSciences,2154,778,1376,2,1,1,567,235,332,416,105,311,204,64,140,2,1,1,715,280,435,151,52,99,35,7,28,62,33,29
234030,27,Mathematics,253,143,110,0,0,0,35,17,18,37,18,19,21,13,8,2,2,0,126,71,55,13,7,6,4,4,0,15,11,4
234030,40,Physical Sciences,596,297,299,1,1,0,152,52,100,100,35,65,39,20,19,0,0,0,249,160,89,28,13,15,6,5,1,21,11,10
234030,52,Business Management and Administrative Services,1392,835,557,3,0,3,185,99,86,249,116,133,118,75,43,1,0,1,673,443,230,69,42,27,24,12,12,70,48,22
234076,14,Engineering,2262,1523,739,1,1,0,359,237,122,87,53,34,133,90,43,1,1,0,1325,903,422,120,79,41,162,105,57,74,54,20
234076,26,Biological Sciences/LifeSciences,515,180,335,0,0,0,119,40,79,30,7,23,26,12,14,0,0,0,292,106,186,27,8,19,16,6,10,5,1,4
234076,27,Mathematics,130,77,53,0,0,0,18,10,8,3,2,1,8,4,4,1,0,1,67,42,25,7,5,2,8,4,4,18,10,8
234076,40,Physical Sciences,293,170,123,0,0,0,57,33,24,8,3,5,18,12,6,0,0,0,167,102,65,11,4,7,19,10,9,13,6,7
234076,52,Business Management and Administrative Services,765,416,349,0,0,0,104,58,46,21,8,13,47,27,20,1,0,1,455,257,198,21,12,9,39,23,16,77,31,46
234085,14,Engineering,454,430,24,2,2,0,22,19,3,20,18,2,19,18,1,4,4,0,380,362,18,2,2,0,0,0,0,5,5,0
234085,26,Biological Sciences/LifeSciences,183,137,46,1,1,0,7,7,0,12,9,3,14,7,7,0,0,0,143,109,34,4,2,2,1,1,0,1,1,0
234085,27,Mathematics,62,55,7,0,0,0,2,2,0,6,6,0,4,3,1,0,0,0,41,36,5,0,0,0,0,0,0,9,8,1
234085,40,Physical Sciences,203,187,16,1,1,0,7,6,1,8,6,2,10,9,1,2,2,0,168,157,11,5,4,1,0,0,0,2,2,0
234137,52,Business Management and Administrative Services,55,28,27,0,0,0,0,0,0,52,27,25,0,0,0,0,0,0,2,1,1,1,0,1,0,0,0,0,0,0
234155,13,Education,367,246,121,1,0,1,0,0,0,229,151,78,8,5,3,0,0,0,2,2,0,0,0,0,127,88,39,0,0,0
234155,14,Engineering,181,146,35,0,0,0,1,1,0,115,88,27,2,2,0,0,0,0,5,4,1,0,0,0,56,49,7,2,2,0
234155,26,Biological Sciences/LifeSciences,339,68,271,0,0,0,0,0,0,169,36,133,7,2,5,0,0,0,3,2,1,0,0,0,160,28,132,0,0,0
234155,27,Mathematics,47,19,28,0,0,0,1,1,0,37,14,23,2,1,1,0,0,0,2,1,1,0,0,0,4,2,2,1,0,1
234155,40,Physical Sciences,41,11,30,0,0,0,1,0,1,19,7,12,0,0,0,0,0,0,2,0,2,0,0,0,19,4,15,0,0,0
234155,52,Business Management and Administrative Services,696,342,354,1,0,1,6,3,3,434,200,234,7,2,5,0,0,0,4,3,1,0,0,0,242,132,110,2,2,0
234164,13,Education,134,55,79,0,0,0,0,0,0,129,50,79,2,2,0,0,0,0,3,3,0,0,0,0,0,0,0,0,0,0
234164,26,Biological Sciences/LifeSciences,168,34,134,1,0,1,0,0,0,160,33,127,2,0,2,1,0,1,1,1,0,0,0,0,3,0,3,0,0,0
234164,27,Mathematics,17,13,4,0,0,0,0,0,0,16,12,4,0,0,0,0,0,0,0,0,0,0,0,0,0,0,0,1,1,0
234164,40,Physical Sciences,20,8,12,0,0,0,0,0,0,19,7,12,0,0,0,0,0,0,0,0,0,0,0,0,0,0,0,1,1,0
234164,52,Business Management and Administrative Services,226,129,97,2,1,1,0,0,0,209,119,90,2,1,1,1,1,0,5,4,1,0,0,0,7,3,4,0,0,0
234173,13,Education,61,8,53,0,0,0,1,0,1,7,1,6,5,2,3,0,0,0,43,5,38,0,0,0,5,0,5,0,0,0
234173,26,Biological Sciences/LifeSciences,135,29,106,2,0,2,1,0,1,39,10,29,11,2,9,0,0,0,64,15,49,11,2,9,7,0,7,0,0,0
234173,27,Mathematics,40,25,15,0,0,0,0,0,0,9,8,1,5,1,4,0,0,0,22,14,8,3,1,2,1,1,0,0,0,0
234173,40,Physical Sciences,22,7,15,3,0,3,0,0,0,9,2,7,0,0,0,0,0,0,5,2,3,3,1,2,1,1,0,1,1,0
234173,52,Business Management and Administrative Services,197,113,84,0,0,0,4,3,1,50,36,14,8,4,4,2,1,1,106,56,50,15,8,7,10,3,7,2,2,0
234207,14,Engineering,29,24,5,0,0,0,1,1,0,1,0,1,0,0,0,0,0,0,21,17,4,1,1,0,0,0,0,5,5,0
234207,26,Biological Sciences/LifeSciences,106,45,61,0,0,0,4,2,2,2,1,1,3,2,1,0,0,0,88,38,50,7,1,6,1,1,0,1,0,1
234207,27,Mathematics,52,29,23,0,0,0,4,1,3,0,0,0,0,0,0,0,0,0,41,25,16,2,1,1,0,0,0,5,2,3
234207,40,Physical Sciences,51,31,20,0,0,0,0,0,0,0,0,0,2,1,1,0,0,0,43,28,15,4,1,3,0,0,0,2,1,1
234207,52,Business Management and Administrative Services,303,185,118,0,0,0,13,9,4,1,1,0,6,5,1,0,0,0,262,160,102,3,2,1,4,1,3,14,7,7
234492,52,Business Management and Administrative Services,56,8,48,1,0,1,3,2,1,4,0,4,4,2,2,0,0,0,17,1,16,4,0,4,13,1,12,10,2,8
234669,13,Education,126,11,115,0,0,0,21,2,19,5,1,4,19,3,16,0,0,0,46,4,42,6,0,6,14,1,13,15,0,15
234669,52,Business Management and Administrative Services,668,284,384,6,5,1,116,36,80,38,20,18,77,36,41,5,2,3,280,126,154,33,16,17,59,22,37,54,21,33
234696,13,Education,24,2,22,0,0,0,3,0,3,2,1,1,3,0,3,1,0,1,12,0,12,0,0,0,3,1,2,0,0,0
234696,52,Business Management and Administrative Services,113,18,95,4,0,4,4,2,2,0,0,0,13,5,8,0,0,0,75,8,67,6,2,4,10,0,10,1,1,0
234827,13,Education,1115,313,802,4,1,3,26,9,17,16,4,12,159,43,116,4,0,4,726,198,528,64,21,43,112,36,76,4,1,3
234827,26,Biological Sciences/LifeSciences,312,120,192,1,0,1,11,4,7,7,3,4,46,16,30,0,0,0,179,69,110,36,14,22,29,12,17,3,2,1
234827,27,Mathematics,37,26,11,0,0,0,0,0,0,0,0,0,8,4,4,0,0,0,26,19,7,0,0,0,1,1,0,2,2,0
234827,40,Physical Sciences,177,115,62,2,2,0,6,3,3,1,1,0,17,12,5,3,0,3,117,78,39,13,10,3,12,8,4,6,1,5
234827,52,Business Management and Administrative Services,872,324,548,5,1,4,84,35,49,32,17,15,143,63,80,52,49,3,395,107,288,41,6,35,49,11,38,71,35,36
234845,13,Education,46,3,43,0,0,0,0,0,0,3,2,1,6,1,5,0,0,0,31,0,31,4,0,4,2,0,2,0,0,0
234845,52,Business Management and Administrative Services,173,52,121,4,2,2,2,0,2,2,2,0,15,6,9,0,0,0,135,39,96,7,2,5,7,1,6,1,0,1
234915,13,Education,25,5,20,0,0,0,0,0,0,0,0,0,2,1,1,0,0,0,3,0,3,0,0,0,19,3,16,1,1,0
234915,52,Business Management and Administrative Services,386,207,179,1,0,1,8,3,5,16,7,9,12,7,5,2,0,2,85,46,39,4,3,1,185,97,88,73,44,29
234933,13,Education,150,17,133,1,0,1,3,0,3,5,1,4,19,0,19,2,0,2,78,2,76,11,0,11,31,14,17,0,0,0
234933,52,Business Management and Administrative Services,467,157,310,2,1,1,19,4,15,13,8,5,47,13,34,7,1,6,285,86,199,33,12,21,57,31,26,4,1,3
234951,13,Education,1182,55,1127,8,0,8,91,1,90,121,5,116,95,2,93,33,0,33,631,33,598,62,5,57,140,9,131,1,0,1
234951,52,Business Management and Administrative Services,187,57,130,4,0,4,15,7,8,27,9,18,18,5,13,3,1,2,95,28,67,11,2,9,13,5,8,1,0,1
234979,13,Education,98,3,95,0,0,0,2,0,2,0,0,0,60,1,59,0,0,0,17,2,15,3,0,3,16,0,16,0,0,0
234979,52,Business Management and Administrative Services,449,197,252,2,0,2,5,1,4,7,3,4,132,54,78,1,1,0,264,121,143,15,5,10,23,12,11,0,0,0
235097,13,Education,626,193,433,5,2,3,6,3,3,9,6,3,94,37,57,2,2,0,473,129,344,25,10,15,10,4,6,2,0,2
235097,14,Engineering,400,361,39,2,2,0,23,20,3,17,16,1,18,15,3,2,2,0,268,237,31,15,15,0,5,5,0,50,49,1
235097,26,Biological Sciences/LifeSciences,481,208,273,2,1,1,22,11,11,16,8,8,54,22,32,0,0,0,349,150,199,21,7,14,14,8,6,3,1,2
235097,27,Mathematics,22,13,9,1,1,0,1,1,0,0,0,0,2,1,1,0,0,0,17,10,7,1,0,1,0,0,0,0,0,0
235097,40,Physical Sciences,103,59,44,1,1,0,5,1,4,2,1,1,15,6,9,0,0,0,75,48,27,2,1,1,1,1,0,2,0,2
235097,52,Business Management and Administrative Services,1010,584,426,13,5,8,37,18,19,26,18,8,122,72,50,1,0,1,660,357,303,48,29,19,20,12,8,83,73,10
235237,13,Education,180,15,165,4,0,4,2,0,2,35,5,30,30,3,27,1,0,1,87,6,81,15,1,14,4,0,4,2,0,2
235237,26,Biological Sciences/LifeSciences,6,2,4,0,0,0,0,0,0,1,0,1,1,0,1,0,0,0,4,2,2,0,0,0,0,0,0,0,0,0
235237,27,Mathematics,3,1,2,0,0,0,0,0,0,0,0,0,0,0,0,0,0,0,3,1,2,0,0,0,0,0,0,0,0,0
235237,40,Physical Sciences,4,1,3,0,0,0,2,1,1,0,0,0,0,0,0,0,0,0,2,0,2,0,0,0,0,0,0,0,0,0
235237,52,Business Management and Administrative Services,337,119,218,5,2,3,15,6,9,58,21,37,33,14,19,8,5,3,164,54,110,30,8,22,20,7,13,4,2,2
235316,13,Education,182,65,117,1,1,0,11,3,8,3,2,1,13,6,7,0,0,0,134,49,85,12,1,11,1,1,0,7,2,5
235316,14,Engineering,778,611,167,4,4,0,41,30,11,5,4,1,60,45,15,0,0,0,584,465,119,44,31,13,29,24,5,11,8,3
235316,26,Biological Sciences/LifeSciences,653,236,417,3,0,3,55,15,40,11,4,7,79,28,51,3,1,2,426,159,267,46,20,26,23,6,17,7,3,4
235316,27,Mathematics,60,26,34,0,0,0,2,2,0,0,0,0,1,0,1,0,0,0,48,20,28,7,3,4,2,1,1,0,0,0
235316,40,Physical Sciences,43,26,17,0,0,0,2,2,0,1,0,1,5,2,3,0,0,0,31,20,11,2,2,0,2,0,2,0,0,0
235316,52,Business Management and Administrative Services,1283,741,542,11,6,5,57,33,24,13,10,3,137,84,53,3,2,1,939,518,421,66,46,20,27,22,5,30,20,10
235334,13,Education,37,1,36,1,0,1,0,0,0,0,0,0,9,0,9,0,0,0,24,1,23,2,0,2,1,0,1,0,0,0
235334,52,Business Management and Administrative Services,223,114,109,12,8,4,7,2,5,13,13,0,25,14,11,0,0,0,133,62,71,23,9,14,10,6,4,0,0,0
235343,13,Education,131,2,129,2,0,2,8,0,8,17,1,16,20,1,19,2,0,2,57,0,57,9,0,9,14,0,14,2,0,2
235343,52,Business Management and Administrative Services,336,112,224,2,2,0,37,13,24,21,4,17,38,15,23,4,0,4,191,59,132,17,5,12,23,12,11,3,2,1
235422,13,Education,156,25,131,3,0,3,3,1,2,3,1,2,96,15,81,0,0,0,45,7,38,2,0,2,2,1,1,2,0,2
235422,26,Biological Sciences/LifeSciences,62,17,45,5,2,3,1,0,1,0,0,0,42,11,31,0,0,0,8,3,5,2,1,1,2,0,2,2,0,2
235422,27,Mathematics,8,3,5,0,0,0,0,0,0,0,0,0,8,3,5,0,0,0,0,0,0,0,0,0,0,0,0,0,0,0
235422,52,Business Management and Administrative Services,93,36,57,9,2,7,0,0,0,0,0,0,66,25,41,0,0,0,9,3,6,5,3,2,2,1,1,2,2,0
235431,13,Education,134,5,129,0,0,0,10,0,10,29,0,29,36,2,34,1,0,1,18,1,17,7,0,7,28,1,27,5,1,4
235431,52,Business Management and Administrative Services,332,113,219,2,1,1,37,12,25,36,10,26,31,9,22,6,1,5,81,19,62,27,12,15,81,37,44,31,12,19
235699,13,Education,68,3,65,2,0,2,10,0,10,3,1,2,12,0,12,0,0,0,28,1,27,4,1,3,5,0,5,4,0,4
235699,26,Biological Sciences/LifeSciences,19,4,15,0,0,0,3,1,2,0,0,0,1,0,1,0,0,0,13,3,10,1,0,1,0,0,0,1,0,1
235699,27,Mathematics,33,20,13,1,1,0,2,1,1,1,1,0,0,0,0,0,0,0,21,13,8,1,1,0,5,2,3,2,1,1
235699,40,Physical Sciences,6,4,2,0,0,0,0,0,0,1,1,0,0,0,0,0,0,0,4,2,2,0,0,0,0,0,0,1,1,0
235699,52,Business Management and Administrative Services,116,51,65,1,1,0,20,8,12,2,2,0,5,2,3,0,0,0,69,26,43,6,3,3,10,8,2,3,1,2
236072,13,Education,154,13,141,3,0,3,13,0,13,13,2,11,25,3,22,0,0,0,66,5,61,8,1,7,25,2,23,1,0,1
236072,14,Engineering,1,0,1,0,0,0,0,0,0,0,0,0,0,0,0,0,0,0,1,0,1,0,0,0,0,0,0,0,0,0
236072,26,Biological Sciences/LifeSciences,121,29,92,0,0,0,13,1,12,5,2,3,5,1,4,2,2,0,60,11,49,10,3,7,24,9,15,2,0,2
236072,27,Mathematics,31,11,20,0,0,0,3,0,3,1,0,1,0,0,0,0,0,0,15,3,12,2,2,0,9,5,4,1,1,0
236072,40,Physical Sciences,79,25,54,0,0,0,5,1,4,5,0,5,5,3,2,0,0,0,36,13,23,3,2,1,25,6,19,0,0,0
236072,52,Business Management and Administrative Services,417,150,267,6,3,3,63,22,41,19,8,11,34,13,21,1,0,1,173,61,112,35,16,19,73,24,49,13,3,10
236133,13,Education,96,24,72,4,0,4,3,0,3,1,1,0,11,1,10,2,0,2,70,21,49,4,0,4,0,0,0,1,1,0
236133,26,Biological Sciences/LifeSciences,43,10,33,1,0,1,4,1,3,4,0,4,3,1,2,1,0,1,27,8,19,3,0,3,0,0,0,0,0,0
236133,27,Mathematics,8,5,3,0,0,0,0,0,0,0,0,0,0,0,0,1,1,0,5,2,3,0,0,0,0,0,0,2,2,0
236133,52,Business Management and Administrative Services,145,75,70,2,0,2,5,2,3,13,10,3,17,9,8,1,1,0,90,41,49,4,3,1,2,0,2,11,9,2
236188,13,Education,96,8,88,1,0,1,1,0,1,10,2,8,9,0,9,4,0,4,54,4,50,11,1,10,5,1,4,1,0,1
236188,14,Engineering,1,0,1,0,0,0,0,0,0,0,0,0,0,0,0,0,0,0,1,0,1,0,0,0,0,0,0,0,0,0
236188,26,Biological Sciences/LifeSciences,1,0,1,0,0,0,0,0,0,0,0,0,0,0,0,0,0,0,1,0,1,0,0,0,0,0,0,0,0,0
236188,40,Physical Sciences,1,1,0,0,0,0,0,0,0,0,0,0,0,0,0,0,0,0,1,1,0,0,0,0,0,0,0,0,0,0
236188,52,Business Management and Administrative Services,349,94,255,6,0,6,14,6,8,16,6,10,25,6,19,5,2,3,241,63,178,24,6,18,17,5,12,1,0,1
236230,13,Education,115,33,82,1,0,1,9,1,8,1,0,1,7,3,4,0,0,0,88,25,63,8,3,5,1,1,0,0,0,0
236230,14,Engineering,5,5,0,0,0,0,0,0,0,0,0,0,1,1,0,0,0,0,4,4,0,0,0,0,0,0,0,0,0,0
236230,26,Biological Sciences/LifeSciences,157,43,114,3,1,2,17,7,10,2,0,2,12,3,9,1,0,1,106,26,80,11,6,5,1,0,1,4,0,4
236230,27,Mathematics,34,15,19,1,0,1,1,0,1,1,0,1,3,2,1,0,0,0,20,11,9,8,2,6,0,0,0,0,0,0
236230,40,Physical Sciences,101,54,47,1,0,1,9,4,5,1,0,1,5,3,2,0,0,0,72,42,30,9,3,6,1,1,0,3,1,2
236230,52,Business Management and Administrative Services,254,145,109,2,2,0,23,11,12,4,2,2,14,9,5,2,1,1,157,93,64,18,6,12,5,3,2,29,18,11
236258,13,Education,3,0,3,0,0,0,0,0,0,0,0,0,0,0,0,0,0,0,3,0,3,0,0,0,0,0,0,0,0,0
236258,52,Business Management and Administrative Services,178,100,78,13,9,4,6,3,3,8,8,0,16,11,5,3,1,2,119,60,59,7,3,4,5,4,1,1,1,0
236328,13,Education,17,11,6,0,0,0,1,0,1,0,0,0,0,0,0,0,0,0,16,11,5,0,0,0,0,0,0,0,0,0
236328,26,Biological Sciences/LifeSciences,183,54,129,0,0,0,19,5,14,1,0,1,11,3,8,1,0,1,133,40,93,15,5,10,3,1,2,0,0,0
236328,27,Mathematics,39,27,12,0,0,0,3,3,0,0,0,0,3,1,2,0,0,0,26,18,8,6,4,2,1,1,0,0,0,0
236328,40,Physical Sciences,83,59,24,0,0,0,5,4,1,0,0,0,6,4,2,0,0,0,64,45,19,4,3,1,4,3,1,0,0,0
236328,52,Business Management and Administrative Services,210,106,104,0,0,0,16,9,7,3,2,1,13,8,5,1,1,0,154,78,76,20,8,12,2,0,2,1,0,1
236382,13,Education,67,1,66,0,0,0,10,0,10,17,0,17,8,0,8,0,0,0,23,0,23,3,0,3,6,1,5,0,0,0
236382,52,Business Management and Administrative Services,134,65,69,0,0,0,31,13,18,21,9,12,16,6,10,0,0,0,47,25,22,4,4,0,13,7,6,2,1,1
236452,13,Education,93,15,78,1,0,1,3,0,3,2,0,2,10,3,7,1,0,1,72,11,61,3,0,3,1,1,0,0,0,0
236452,14,Engineering,216,177,39,0,0,0,8,5,3,5,3,2,25,18,7,4,3,1,116,95,21,16,13,3,10,9,1,32,31,1
236452,26,Biological Sciences/LifeSciences,119,33,86,1,1,0,10,2,8,7,1,6,25,9,16,4,2,2,63,16,47,8,2,6,1,0,1,0,0,0
236452,27,Mathematics,28,15,13,0,0,0,2,1,1,1,1,0,4,2,2,0,0,0,19,9,10,1,1,0,1,1,0,0,0,0
236452,40,Physical Sciences,18,5,13,0,0,0,1,0,1,0,0,0,0,0,0,0,0,0,15,5,10,1,0,1,0,0,0,1,0,1
236452,52,Business Management and Administrative Services,226,131,95,5,3,2,24,9,15,20,16,4,30,17,13,3,2,1,117,67,50,15,11,4,7,4,3,5,2,3
236504,13,Education,41,23,18,0,0,0,0,0,0,0,0,0,4,0,4,0,0,0,23,11,12,6,5,1,8,7,1,0,0,0
236504,52,Business Management and Administrative Services,123,59,64,3,1,2,13,5,8,23,13,10,16,8,8,1,0,1,37,13,24,7,5,2,11,7,4,12,7,5
236513,13,Education,37,5,32,1,0,1,7,0,7,16,1,15,2,1,1,0,0,0,5,2,3,2,1,1,2,0,2,2,0,2
236513,52,Business Management and Administrative Services,51,21,30,2,1,1,4,1,3,11,5,6,5,2,3,1,1,0,13,6,7,8,4,4,3,0,3,4,1,3
236577,13,Education,175,14,161,0,0,0,19,3,16,1,0,1,21,0,21,1,0,1,111,10,101,17,1,16,2,0,2,3,0,3
236577,14,Engineering,178,141,37,0,0,0,18,9,9,7,4,3,14,12,2,1,1,0,101,81,20,13,11,2,4,3,1,20,20,0
236577,26,Biological Sciences/LifeSciences,247,79,168,0,0,0,55,24,31,6,1,5,20,3,17,1,0,1,132,41,91,21,6,15,2,0,2,10,4,6
236577,27,Mathematics,30,9,21,0,0,0,7,3,4,0,0,0,4,1,3,0,0,0,16,3,13,2,1,1,0,0,0,1,1,0
236577,40,Physical Sciences,47,16,31,0,0,0,7,1,6,3,0,3,3,2,1,0,0,0,28,10,18,4,1,3,1,1,0,1,1,0
236577,52,Business Management and Administrative Services,379,168,211,1,1,0,37,13,24,13,8,5,35,20,15,1,0,1,224,93,131,34,15,19,5,4,1,29,14,15
236595,14,Engineering,360,261,99,0,0,0,81,59,22,11,7,4,30,22,8,3,3,0,150,104,46,35,28,7,16,13,3,34,25,9
236595,26,Biological Sciences/LifeSciences,284,93,191,0,0,0,57,18,39,6,2,4,35,13,22,5,2,3,139,44,95,22,10,12,6,2,4,14,2,12
236595,27,Mathematics,41,21,20,1,1,0,7,3,4,0,0,0,3,1,2,0,0,0,22,12,10,2,2,0,0,0,0,6,2,4
236595,40,Physical Sciences,113,46,67,0,0,0,26,7,19,5,3,2,11,3,8,1,1,0,52,25,27,8,3,5,3,2,1,7,2,5
236595,52,Business Management and Administrative Services,993,513,480,6,1,5,174,78,96,19,10,9,66,33,33,6,3,3,321,181,140,58,28,30,22,11,11,321,168,153
236638,13,Education,86,3,83,0,0,0,1,0,1,2,0,2,39,1,38,0,0,0,37,2,35,6,0,6,1,0,1,0,0,0
236638,52,Business Management and Administrative Services,145,51,94,2,0,2,1,0,1,3,2,1,29,12,17,0,0,0,96,33,63,8,4,4,3,0,3,3,0,3
236708,13,Education,147,10,137,2,0,2,1,0,1,4,1,3,9,0,9,0,0,0,112,9,103,4,0,4,15,0,15,0,0,0
236708,14,Engineering,171,142,29,2,1,1,9,8,1,3,3,0,9,9,0,1,1,0,115,91,24,5,5,0,23,20,3,4,4,0
236708,26,Biological Sciences/LifeSciences,98,38,60,4,2,2,3,0,3,7,3,4,9,4,5,2,1,1,64,25,39,3,0,3,4,2,2,2,1,1
236708,40,Physical Sciences,61,48,13,0,0,0,2,2,0,1,1,0,6,5,1,0,0,0,45,36,9,5,4,1,2,0,2,0,0,0
236708,52,Business Management and Administrative Services,465,210,255,5,1,4,10,7,3,17,8,9,32,16,16,7,3,4,317,137,180,20,9,11,47,23,24,10,6,4
236753,13,Education,93,17,76,2,0,2,3,1,2,13,1,12,14,2,12,0,0,0,45,9,36,4,1,3,11,3,8,1,0,1
236753,14,Engineering,305,227,78,1,1,0,33,24,9,16,13,3,30,20,10,3,3,0,142,107,35,11,4,7,50,39,11,19,16,3
236753,26,Biological Sciences/LifeSciences,90,33,57,1,0,1,9,5,4,6,1,5,5,1,4,1,1,0,52,20,32,4,0,4,10,4,6,2,1,1
236753,40,Physical Sciences,277,149,128,4,2,2,33,18,15,11,6,5,30,15,15,2,1,1,135,75,60,15,8,7,42,22,20,5,2,3
236753,52,Business Management and Administrative Services,602,266,336,9,4,5,52,20,32,78,38,40,55,21,34,7,3,4,232,104,128,31,10,21,125,59,66,13,7,6
236896,13,Education,65,5,60,2,0,2,1,0,1,2,0,2,9,2,7,0,0,0,49,3,46,0,0,0,2,0,2,0,0,0
236896,14,Engineering,284,239,45,2,2,0,11,9,2,17,14,3,50,41,9,3,3,0,164,140,24,1,1,0,18,15,3,18,14,4
236896,26,Biological Sciences/LifeSciences,763,284,479,8,2,6,70,23,47,16,9,7,110,49,61,6,2,4,472,170,302,31,25,6,28,0,28,22,4,18
236896,27,Mathematics,34,19,15,0,0,0,3,1,2,0,0,0,2,1,1,0,0,0,24,13,11,0,0,0,2,1,1,3,3,0
236896,40,Physical Sciences,56,33,23,1,0,1,2,1,1,2,1,1,5,4,1,0,0,0,40,25,15,0,0,0,5,1,4,1,1,0
236896,52,Business Management and Administrative Services,193,120,73,0,0,0,10,5,5,3,2,1,29,15,14,4,1,3,126,83,43,0,0,0,14,8,6,7,6,1
236939,13,Education,387,41,346,2,1,1,6,1,5,2,0,2,58,11,47,1,0,1,287,25,262,27,3,24,4,0,4,0,0,0
236939,14,Engineering,1319,1114,205,4,4,0,93,72,21,30,26,4,129,100,29,3,2,1,846,726,120,70,54,16,32,27,5,112,103,9
236939,26,Biological Sciences/LifeSciences,795,238,557,2,0,2,54,15,39,18,6,12,105,37,68,2,0,2,520,158,362,68,14,54,15,4,11,11,4,7
236939,27,Mathematics,75,38,37,0,0,0,5,2,3,1,1,0,5,2,3,0,0,0,53,25,28,4,3,1,2,2,0,5,3,2
236939,40,Physical Sciences,357,182,175,6,4,2,15,7,8,3,3,0,27,12,15,0,0,0,257,128,129,30,14,16,11,7,4,8,7,1
236939,52,Business Management and Administrative Services,2067,1163,904,13,6,7,131,69,62,45,27,18,186,110,76,4,1,3,1289,758,531,113,66,47,44,16,28,242,110,132
236948,13,Education,465,50,415,4,0,4,116,16,100,8,2,6,51,10,41,2,0,2,197,15,182,23,5,18,6,0,6,58,2,56
236948,14,Engineering,4643,3365,1278,18,16,2,1193,808,385,109,85,24,281,203,78,18,13,5,1916,1423,493,324,227,97,48,38,10,736,552,184
236948,26,Biological Sciences/LifeSciences,1855,770,1085,3,1,2,683,281,402,26,15,11,108,34,74,5,2,3,744,324,420,119,44,75,26,10,16,141,59,82
236948,27,Mathematics,613,375,238,1,1,0,115,75,40,3,3,0,10,6,4,1,1,0,164,121,43,29,21,8,15,12,3,275,135,140
236948,40,Physical Sciences,974,643,331,3,3,0,178,116,62,8,6,2,39,21,18,1,1,0,509,344,165,84,54,30,17,14,3,135,84,51
236948,52,Business Management and Administrative Services,1941,1028,913,5,2,3,453,202,251,38,16,22,106,55,51,9,5,4,1007,599,408,121,66,55,23,12,11,179,71,108
237011,13,Education,679,118,561,0,0,0,33,7,26,5,0,5,65,17,48,3,0,3,524,90,434,41,3,38,3,1,2,5,0,5
237011,14,Engineering,344,301,43,0,0,0,25,24,1,5,4,1,32,30,2,0,0,0,234,203,31,40,33,7,4,3,1,4,4,0
237011,26,Biological Sciences/LifeSciences,531,199,332,0,0,0,39,21,18,7,1,6,33,15,18,0,0,0,403,150,253,46,11,35,1,0,1,2,1,1
237011,27,Mathematics,95,51,44,0,0,0,5,2,3,0,0,0,5,2,3,0,0,0,74,38,36,10,8,2,1,1,0,0,0,0
237011,40,Physical Sciences,315,197,118,0,0,0,19,8,11,4,3,1,17,8,9,0,0,0,243,159,84,30,17,13,1,1,0,1,1,0
237011,52,Business Management and Administrative Services,1058,610,448,2,1,1,112,64,48,18,11,7,96,60,36,4,4,0,721,407,314,73,45,28,4,0,4,28,18,10
237057,14,Engineering,5,5,0,0,0,0,1,1,0,0,0,0,0,0,0,0,0,0,3,3,0,0,0,0,0,0,0,1,1,0
237057,26,Biological Sciences/LifeSciences,133,59,74,0,0,0,5,0,5,2,0,2,11,4,7,0,0,0,99,49,50,11,4,7,2,1,1,3,1,2
237057,27,Mathematics,37,26,11,0,0,0,2,0,2,0,0,0,4,3,1,0,0,0,23,17,6,4,3,1,0,0,0,4,3,1
237057,40,Physical Sciences,87,43,44,0,0,0,5,3,2,0,0,0,3,0,3,0,0,0,73,36,37,2,2,0,2,1,1,2,1,1
237066,13,Education,152,11,141,2,0,2,4,0,4,3,0,3,8,0,8,0,0,0,124,9,115,9,0,9,0,0,0,2,2,0
237066,14,Engineering,18,16,2,0,0,0,0,0,0,0,0,0,1,1,0,0,0,0,16,14,2,0,0,0,0,0,0,1,1,0
237066,26,Biological Sciences/LifeSciences,238,89,149,0,0,0,16,4,12,5,3,2,22,7,15,0,0,0,153,58,95,22,8,14,2,0,2,18,9,9
237066,27,Mathematics,84,49,35,0,0,0,5,4,1,1,0,1,9,5,4,0,0,0,62,39,23,5,0,5,0,0,0,2,1,1
237066,40,Physical Sciences,145,81,64,0,0,0,11,5,6,4,2,2,10,6,4,1,1,0,96,59,37,10,3,7,3,1,2,10,4,6
237066,52,Business Management and Administrative Services,291,176,115,2,1,1,14,9,5,6,5,1,22,14,8,0,0,0,215,131,84,17,10,7,2,2,0,13,4,9
237109,13,Education,193,13,180,2,0,2,0,0,0,0,0,0,132,10,122,0,0,0,48,2,46,8,1,7,3,0,3,0,0,0
237109,26,Biological Sciences/LifeSciences,5,0,5,0,0,0,0,0,0,0,0,0,2,0,2,0,0,0,3,0,3,0,0,0,0,0,0,0,0,0
237109,27,Mathematics,5,2,3,0,0,0,1,0,1,0,0,0,2,1,1,0,0,0,2,1,1,0,0,0,0,0,0,0,0,0
237109,40,Physical Sciences,2,0,2,0,0,0,0,0,0,0,0,0,0,0,0,0,0,0,2,0,2,0,0,0,0,0,0,0,0,0
237109,52,Business Management and Administrative Services,291,99,192,9,0,9,5,4,1,3,1,2,148,51,97,0,0,0,109,41,68,13,2,11,3,0,3,1,0,1
237118,13,Education,87,42,45,0,0,0,1,0,1,5,4,1,1,1,0,0,0,0,76,34,42,1,0,1,0,0,0,3,3,0
237118,26,Biological Sciences/LifeSciences,148,66,82,0,0,0,3,3,0,17,14,3,8,5,3,0,0,0,117,43,74,0,0,0,0,0,0,3,1,2
237118,27,Mathematics,9,6,3,0,0,0,0,0,0,1,1,0,0,0,0,0,0,0,7,4,3,0,0,0,0,0,0,1,1,0
237118,40,Physical Sciences,21,12,9,0,0,0,1,1,0,1,1,0,0,0,0,0,0,0,17,8,9,0,0,0,0,0,0,2,2,0
237118,52,Business Management and Administrative Services,141,102,39,1,1,0,1,1,0,33,29,4,12,10,2,0,0,0,78,51,27,1,0,1,0,0,0,15,10,5
237136,13,Education,17,2,15,0,0,0,0,0,0,0,0,0,0,0,0,0,0,0,17,2,15,0,0,0,0,0,0,0,0,0
237181,13,Education,30,6,24,0,0,0,0,0,0,1,1,0,5,3,2,0,0,0,19,1,18,0,0,0,5,1,4,0,0,0
237181,26,Biological Sciences/LifeSciences,50,11,39,0,0,0,0,0,0,6,1,5,2,1,1,0,0,0,30,7,23,1,0,1,11,2,9,0,0,0
237181,27,Mathematics,8,6,2,0,0,0,0,0,0,0,0,0,0,0,0,0,0,0,5,3,2,0,0,0,2,2,0,1,1,0
237181,40,Physical Sciences,13,10,3,0,0,0,0,0,0,3,3,0,1,1,0,0,0,0,6,4,2,0,0,0,2,2,0,1,0,1
237181,52,Business Management and Administrative Services,76,59,17,0,0,0,0,0,0,13,13,0,3,3,0,0,0,0,36,22,14,2,2,0,19,16,3,3,3,0
237215,13,Education,123,26,97,0,0,0,1,0,1,4,1,3,2,1,1,0,0,0,114,24,90,1,0,1,1,0,1,0,0,0
237215,52,Business Management and Administrative Services,131,82,49,0,0,0,1,0,1,14,13,1,2,0,2,0,0,0,105,63,42,1,0,1,1,0,1,7,6,1
237312,13,Education,58,15,43,0,0,0,0,0,0,4,1,3,0,0,0,0,0,0,46,9,37,0,0,0,4,1,3,4,4,0
237312,26,Biological Sciences/LifeSciences,194,79,115,1,1,0,2,0,2,8,3,5,5,3,2,1,0,1,145,54,91,5,3,2,10,3,7,17,12,5
237312,40,Physical Sciences,32,17,15,0,0,0,1,1,0,1,0,1,3,3,0,0,0,0,21,11,10,1,0,1,1,0,1,4,2,2
237312,52,Business Management and Administrative Services,147,109,38,0,0,0,1,1,0,13,13,0,4,2,2,1,1,0,71,43,28,4,3,1,3,3,0,50,43,7
237330,13,Education,438,117,321,1,0,1,1,0,1,7,3,4,2,1,1,0,0,0,420,111,309,2,0,2,2,0,2,3,2,1
237330,26,Biological Sciences/LifeSciences,243,89,154,1,0,1,2,0,2,14,5,9,4,3,1,0,0,0,212,78,134,4,1,3,0,0,0,6,2,4
237330,27,Mathematics,49,37,12,1,1,0,0,0,0,2,2,0,0,0,0,0,0,0,38,29,9,1,1,0,0,0,0,7,4,3
237330,40,Physical Sciences,104,52,52,1,1,0,0,0,0,5,2,3,0,0,0,2,2,0,89,42,47,1,0,1,0,0,0,6,5,1
237330,52,Business Management and Administrative Services,369,230,139,0,0,0,3,2,1,31,28,3,3,3,0,1,1,0,287,167,120,5,3,2,1,1,0,38,25,13
237358,13,Education,60,5,55,0,0,0,0,0,0,1,0,1,3,0,3,0,0,0,40,3,37,0,0,0,14,2,12,2,0,2
237358,26,Biological Sciences/LifeSciences,61,26,35,0,0,0,0,0,0,1,0,1,2,0,2,0,0,0,39,22,17,2,1,1,15,2,13,2,1,1
237358,27,Mathematics,4,3,1,0,0,0,0,0,0,0,0,0,0,0,0,0,0,0,2,2,0,0,0,0,1,0,1,1,1,0
237358,40,Physical Sciences,21,14,7,0,0,0,1,0,1,1,0,1,0,0,0,0,0,0,13,10,3,0,0,0,3,1,2,3,3,0
237358,52,Business Management and Administrative Services,129,68,61,0,0,0,0,0,0,9,4,5,3,0,3,0,0,0,87,43,44,1,1,0,15,7,8,14,13,1
237367,13,Education,363,89,274,1,0,1,0,0,0,5,2,3,7,3,4,0,0,0,338,79,259,11,4,7,1,1,0,0,0,0
237367,26,Biological Sciences/LifeSciences,201,74,127,0,0,0,0,0,0,10,6,4,1,1,0,1,1,0,178,61,117,9,4,5,1,1,0,1,0,1
237367,27,Mathematics,8,7,1,0,0,0,0,0,0,1,1,0,0,0,0,0,0,0,7,6,1,0,0,0,0,0,0,0,0,0
237367,40,Physical Sciences,28,13,15,0,0,0,0,0,0,1,0,1,0,0,0,0,0,0,27,13,14,0,0,0,0,0,0,0,0,0
237367,52,Business Management and Administrative Services,478,252,226,2,2,0,4,1,3,32,23,9,14,8,6,0,0,0,393,195,198,16,8,8,4,4,0,13,11,2
237385,13,Education,240,74,166,0,0,0,1,1,0,3,3,0,1,0,1,0,0,0,216,63,153,4,0,4,15,7,8,0,0,0
237385,26,Biological Sciences/LifeSciences,34,12,22,0,0,0,0,0,0,2,0,2,0,0,0,0,0,0,29,12,17,1,0,1,2,0,2,0,0,0
237385,40,Physical Sciences,7,2,5,0,0,0,0,0,0,2,1,1,0,0,0,0,0,0,4,0,4,0,0,0,1,1,0,0,0,0
237385,52,Business Management and Administrative Services,342,303,39,0,0,0,1,1,0,134,131,3,10,10,0,0,0,0,156,127,29,8,7,1,29,25,4,4,2,2
237525,13,Education,922,274,648,3,1,2,2,0,2,40,20,20,15,4,11,0,0,0,829,238,591,20,5,15,11,4,7,2,2,0
237525,14,Engineering,362,315,47,3,3,0,0,0,0,14,13,1,5,5,0,0,0,0,314,270,44,12,11,1,1,1,0,13,12,1
237525,26,Biological Sciences/LifeSciences,616,237,379,0,0,0,11,4,7,43,13,30,12,5,7,1,0,1,502,189,313,23,11,12,13,8,5,11,7,4
237525,27,Mathematics,28,17,11,0,0,0,0,0,0,1,0,1,1,0,1,0,0,0,25,16,9,0,0,0,0,0,0,1,1,0
237525,40,Physical Sciences,312,159,153,2,2,0,8,2,6,12,6,6,12,6,6,0,0,0,262,137,125,7,1,6,2,1,1,7,4,3
237525,52,Business Management and Administrative Services,1008,618,390,4,3,1,8,4,4,91,66,25,23,18,5,1,1,0,788,471,317,34,17,17,10,9,1,49,29,20
237640,13,Education,61,17,44,0,0,0,0,0,0,1,0,1,3,1,2,0,0,0,53,15,38,1,0,1,3,1,2,0,0,0
237640,26,Biological Sciences/LifeSciences,28,13,15,0,0,0,1,1,0,6,1,5,2,1,1,0,0,0,13,5,8,2,2,0,2,2,0,2,1,1
237640,27,Mathematics,6,5,1,0,0,0,0,0,0,0,0,0,0,0,0,0,0,0,5,4,1,1,1,0,0,0,0,0,0,0
237640,52,Business Management and Administrative Services,161,112,49,0,0,0,1,0,1,19,13,6,11,6,5,0,0,0,80,57,23,1,0,1,15,10,5,34,26,8
237686,13,Education,64,9,55,0,0,0,0,0,0,0,0,0,0,0,0,0,0,0,64,9,55,0,0,0,0,0,0,0,0,0
237686,52,Business Management and Administrative Services,371,164,207,0,0,0,4,0,4,7,4,3,3,0,3,1,1,0,346,155,191,10,4,6,0,0,0,0,0,0
237701,13,Education,130,60,70,1,1,0,0,0,0,25,14,11,6,2,4,0,0,0,90,38,52,6,4,2,0,0,0,2,1,1
237701,14,Engineering,63,55,8,1,0,1,0,0,0,6,5,1,1,1,0,0,0,0,54,48,6,1,1,0,0,0,0,0,0,0
237701,52,Business Management and Administrative Services,121,68,53,1,1,0,0,0,0,28,16,12,5,5,0,0,0,0,82,43,39,5,3,2,0,0,0,0,0,0
237783,13,Education,25,8,17,0,0,0,0,0,0,3,2,1,4,1,3,1,0,1,10,1,9,2,0,2,3,2,1,2,2,0
237783,26,Biological Sciences/LifeSciences,19,5,14,0,0,0,0,0,0,7,1,6,2,0,2,0,0,0,8,4,4,0,0,0,2,0,2,0,0,0
237783,52,Business Management and Administrative Services,338,167,171,3,0,3,2,1,1,92,55,37,22,8,14,1,1,0,139,58,81,10,2,8,45,19,26,24,23,1
237792,13,Education,428,89,339,0,0,0,4,0,4,15,7,8,7,1,6,0,0,0,386,78,308,13,3,10,3,0,3,0,0,0
237792,14,Engineering,34,31,3,0,0,0,0,0,0,3,3,0,0,0,0,0,0,0,30,28,2,1,0,1,0,0,0,0,0,0
237792,26,Biological Sciences/LifeSciences,188,62,126,0,0,0,12,2,10,14,5,9,13,3,10,0,0,0,142,49,93,5,2,3,1,1,0,1,0,1
237792,27,Mathematics,23,18,5,0,0,0,1,1,0,0,0,0,0,0,0,0,0,0,20,16,4,1,0,1,1,1,0,0,0,0
237792,40,Physical Sciences,43,15,28,0,0,0,2,1,1,2,1,1,2,0,2,0,0,0,35,13,22,1,0,1,1,0,1,0,0,0
237792,52,Business Management and Administrative Services,304,161,143,1,0,1,10,5,5,21,7,14,10,7,3,1,0,1,251,136,115,4,2,2,4,2,2,2,2,0
237899,13,Education,389,123,266,42,13,29,0,0,0,21,8,13,7,2,5,0,0,0,253,77,176,48,15,33,18,8,10,0,0,0
237899,26,Biological Sciences/LifeSciences,154,59,95,8,4,4,1,0,1,19,6,13,4,1,3,0,0,0,93,37,56,11,3,8,12,5,7,6,3,3
237899,27,Mathematics,29,26,3,4,3,1,0,0,0,5,5,0,2,2,0,0,0,0,14,12,2,2,2,0,0,0,0,2,2,0
237899,40,Physical Sciences,41,19,22,2,0,2,0,0,0,5,2,3,0,0,0,0,0,0,23,10,13,4,3,1,6,4,2,1,0,1
237899,52,Business Management and Administrative Services,332,201,131,13,6,7,1,1,0,54,32,22,4,3,1,0,0,0,205,122,83,31,23,8,16,10,6,8,4,4
237932,13,Education,337,103,234,1,0,1,0,0,0,10,7,3,0,0,0,1,0,1,266,72,194,1,1,0,56,22,34,2,1,1
237932,26,Biological Sciences/LifeSciences,187,66,121,0,0,0,1,0,1,3,0,3,0,0,0,0,0,0,141,51,90,2,2,0,36,11,25,4,2,2
237932,27,Mathematics,8,7,1,0,0,0,0,0,0,0,0,0,0,0,0,0,0,0,7,6,1,0,0,0,1,1,0,0,0,0
237932,40,Physical Sciences,12,6,6,0,0,0,0,0,0,0,0,0,0,0,0,0,0,0,10,4,6,0,0,0,2,2,0,0,0,0
237932,52,Business Management and Administrative Services,325,219,106,0,0,0,2,2,0,16,12,4,0,0,0,0,0,0,214,139,75,2,2,0,69,50,19,22,14,8
237950,13,Education,90,61,29,0,0,0,0,0,0,8,6,2,7,6,1,0,0,0,40,24,16,0,0,0,14,8,6,21,17,4
237950,14,Engineering,288,242,46,3,2,1,3,2,1,10,7,3,12,10,2,0,0,0,194,168,26,12,10,2,4,3,1,50,40,10
237950,26,Biological Sciences/LifeSciences,60,18,42,1,1,0,0,0,0,9,3,6,1,0,1,0,0,0,44,12,32,1,1,0,0,0,0,4,1,3
237950,27,Mathematics,13,4,9,0,0,0,0,0,0,2,1,1,0,0,0,0,0,0,10,3,7,0,0,0,0,0,0,1,0,1
237950,40,Physical Sciences,7,4,3,0,0,0,0,0,0,2,1,1,0,0,0,0,0,0,4,3,1,0,0,0,0,0,0,1,0,1
237950,52,Business Management and Administrative Services,83,55,28,0,0,0,0,0,0,12,8,4,3,2,1,0,0,0,49,31,18,5,3,2,0,0,0,14,11,3
237969,13,Education,147,45,102,0,0,0,0,0,0,7,6,1,2,0,2,0,0,0,128,37,91,5,1,4,3,0,3,2,1,1
237969,26,Biological Sciences/LifeSciences,89,27,62,0,0,0,0,0,0,2,0,2,4,1,3,0,0,0,78,24,54,3,0,3,0,0,0,2,2,0
237969,27,Mathematics,14,9,5,0,0,0,0,0,0,0,0,0,0,0,0,0,0,0,14,9,5,0,0,0,0,0,0,0,0,0
237969,40,Physical Sciences,149,91,58,1,1,0,0,0,0,6,6,0,3,2,1,1,1,0,126,72,54,2,2,0,1,0,1,9,7,2
237969,52,Business Management and Administrative Services,170,113,57,1,1,0,0,0,0,17,16,1,8,7,1,0,0,0,120,72,48,7,5,2,1,1,0,16,11,5
238032,13,Education,510,213,297,1,1,0,5,3,2,19,12,7,8,3,5,1,0,1,447,176,271,27,16,11,0,0,0,2,2,0
238032,14,Engineering,4212,3548,664,7,5,2,89,58,31,157,142,15,125,104,21,1,1,0,2897,2410,487,103,80,23,11,10,1,822,738,84
238032,26,Biological Sciences/LifeSciences,1674,734,940,2,0,2,61,29,32,64,31,33,56,28,28,2,0,2,1342,575,767,73,28,45,21,18,3,53,25,28
238032,27,Mathematics,74,41,33,0,0,0,1,1,0,1,0,1,0,0,0,0,0,0,65,38,27,3,2,1,1,0,1,3,0,3
238032,40,Physical Sciences,467,309,158,0,0,0,8,3,5,15,11,4,11,7,4,0,0,0,363,232,131,23,13,10,0,0,0,47,43,4
238032,52,Business Management and Administrative Services,2791,2004,787,1,0,1,36,27,9,115,91,24,114,89,25,3,3,0,2269,1611,658,91,66,25,5,5,0,157,112,45
238078,13,Education,154,52,102,0,0,0,0,0,0,6,2,4,1,1,0,0,0,0,134,45,89,2,1,1,11,3,8,0,0,0
238078,14,Engineering,39,33,6,0,0,0,0,0,0,7,5,2,2,1,1,0,0,0,24,21,3,1,1,0,3,3,0,2,2,0
238078,26,Biological Sciences/LifeSciences,58,29,29,1,0,1,1,0,1,4,1,3,4,1,3,0,0,0,42,26,16,0,0,0,2,0,2,4,1,3
238078,27,Mathematics,8,4,4,0,0,0,0,0,0,0,0,0,0,0,0,0,0,0,7,3,4,0,0,0,1,1,0,0,0,0
238078,40,Physical Sciences,25,17,8,0,0,0,2,1,1,1,1,0,0,0,0,0,0,0,21,14,7,1,1,0,0,0,0,0,0,0
238078,52,Business Management and Administrative Services,156,113,43,1,1,0,2,2,0,15,10,5,7,6,1,1,1,0,96,66,30,4,2,2,11,9,2,19,16,3
238193,13,Education,111,0,111,2,0,2,6,0,6,9,0,9,15,0,15,0,0,0,75,0,75,3,0,3,0,0,0,1,0,1
238193,26,Biological Sciences/LifeSciences,83,0,83,0,0,0,5,0,5,9,0,9,24,0,24,0,0,0,39,0,39,6,0,6,0,0,0,0,0,0
238193,27,Mathematics,11,0,11,0,0,0,0,0,0,0,0,0,5,0,5,0,0,0,6,0,6,0,0,0,0,0,0,0,0,0
238193,40,Physical Sciences,21,0,21,1,0,1,4,0,4,3,0,3,4,0,4,0,0,0,7,0,7,1,0,1,0,0,0,1,0,1
238193,52,Business Management and Administrative Services,186,0,186,3,0,3,7,0,7,33,0,33,63,0,63,1,0,1,73,0,73,6,0,6,0,0,0,0,0,0
238263,13,Education,131,7,124,0,0,0,5,0,5,15,1,14,12,1,11,0,0,0,88,5,83,7,0,7,4,0,4,0,0,0
238263,52,Business Management and Administrative Services,1488,527,961,11,2,9,50,18,32,107,39,68,123,44,79,2,1,1,1089,383,706,61,17,44,11,3,8,34,20,14
238333,13,Education,46,17,29,1,0,1,2,1,1,1,1,0,5,0,5,0,0,0,33,13,20,0,0,0,1,1,0,3,1,2
238333,14,Engineering,8,6,2,0,0,0,0,0,0,1,0,1,0,0,0,0,0,0,5,4,1,0,0,0,1,1,0,1,1,0
238333,26,Biological Sciences/LifeSciences,56,15,41,0,0,0,3,1,2,1,0,1,4,3,1,0,0,0,41,9,32,0,0,0,4,1,3,3,1,2
238333,27,Mathematics,20,11,9,0,0,0,0,0,0,0,0,0,4,2,2,0,0,0,10,7,3,1,1,0,0,0,0,5,1,4
238333,40,Physical Sciences,94,64,30,0,0,0,3,1,2,0,0,0,6,5,1,0,0,0,72,50,22,1,0,1,5,3,2,7,5,2
238333,52,Business Management and Administrative Services,42,29,13,0,0,0,1,1,0,2,2,0,3,3,0,0,0,0,18,16,2,2,1,1,2,2,0,14,4,10
238430,13,Education,77,10,67,0,0,0,0,0,0,5,1,4,8,0,8,0,0,0,55,8,47,4,1,3,0,0,0,5,0,5
238430,26,Biological Sciences/LifeSciences,57,18,39,1,0,1,1,0,1,3,1,2,15,4,11,1,0,1,20,7,13,1,0,1,0,0,0,15,6,9
238430,27,Mathematics,13,6,7,0,0,0,0,0,0,1,1,0,0,0,0,0,0,0,10,4,6,0,0,0,0,0,0,2,1,1
238430,40,Physical Sciences,14,8,6,1,1,0,0,0,0,2,2,0,2,0,2,0,0,0,5,4,1,1,0,1,1,0,1,2,1,1
238430,52,Business Management and Administrative Services,625,266,359,4,1,3,14,5,9,156,47,109,64,28,36,1,1,0,312,151,161,15,1,14,10,2,8,49,30,19
238458,13,Education,191,48,143,0,0,0,2,0,2,3,2,1,10,3,7,0,0,0,167,41,126,5,0,5,2,1,1,2,1,1
238458,14,Engineering,12,9,3,0,0,0,0,0,0,1,1,0,1,1,0,0,0,0,9,7,2,0,0,0,0,0,0,1,0,1
238458,26,Biological Sciences/LifeSciences,335,90,245,0,0,0,11,2,9,5,2,3,33,5,28,0,0,0,249,69,180,14,4,10,6,2,4,17,6,11
238458,27,Mathematics,13,4,9,0,0,0,1,0,1,0,0,0,0,0,0,0,0,0,11,3,8,0,0,0,0,0,0,1,1,0
238458,40,Physical Sciences,26,6,20,0,0,0,2,1,1,0,0,0,4,1,3,0,0,0,20,4,16,0,0,0,0,0,0,0,0,0
238458,52,Business Management and Administrative Services,408,255,153,2,1,1,10,5,5,9,6,3,18,12,6,2,1,1,339,218,121,9,5,4,5,4,1,14,3,11
238476,13,Education,281,85,196,0,0,0,2,0,2,12,10,2,14,5,9,0,0,0,216,61,155,3,0,3,34,9,25,0,0,0
238476,26,Biological Sciences/LifeSciences,298,106,192,2,1,1,9,5,4,8,5,3,13,5,8,0,0,0,225,79,146,11,3,8,29,7,22,1,1,0
238476,27,Mathematics,65,35,30,1,1,0,0,0,0,0,0,0,3,2,1,0,0,0,50,25,25,1,0,1,7,5,2,3,2,1
238476,40,Physical Sciences,144,92,52,1,1,0,5,3,2,4,2,2,8,4,4,0,0,0,106,66,40,1,0,1,18,15,3,1,1,0
238476,52,Business Management and Administrative Services,811,504,307,5,3,2,5,4,1,32,26,6,51,24,27,0,0,0,586,373,213,27,16,11,96,54,42,9,4,5
238616,13,Education,308,62,246,1,0,1,2,0,2,27,1,26,3,1,2,0,0,0,261,55,206,7,2,5,5,3,2,2,0,2
238616,26,Biological Sciences/LifeSciences,237,102,135,0,0,0,12,5,7,6,3,3,6,3,3,2,1,1,187,76,111,11,4,7,3,2,1,10,8,2
238616,27,Mathematics,11,7,4,0,0,0,0,0,0,0,0,0,0,0,0,0,0,0,11,7,4,0,0,0,0,0,0,0,0,0
238616,40,Physical Sciences,85,36,49,0,0,0,4,2,2,3,2,1,1,1,0,0,0,0,73,29,44,2,1,1,1,0,1,1,1,0
238616,52,Business Management and Administrative Services,1141,459,682,26,12,14,21,7,14,213,50,163,33,18,15,0,0,0,766,332,434,36,12,24,23,12,11,23,16,7
238661,13,Education,120,14,106,0,0,0,2,0,2,2,0,2,8,0,8,0,0,0,103,13,90,1,0,1,3,1,2,1,0,1
238661,26,Biological Sciences/LifeSciences,59,16,43,0,0,0,1,1,0,1,0,1,3,2,1,0,0,0,51,13,38,2,0,2,0,0,0,1,0,1
238661,27,Mathematics,3,2,1,0,0,0,0,0,0,1,0,1,0,0,0,0,0,0,2,2,0,0,0,0,0,0,0,0,0,0
238661,40,Physical Sciences,19,13,6,0,0,0,0,0,0,2,2,0,2,0,2,0,0,0,11,8,3,1,1,0,2,1,1,1,1,0
238661,52,Business Management and Administrative Services,136,65,71,0,0,0,5,3,2,4,2,2,6,3,3,1,1,0,100,46,54,3,0,3,6,5,1,11,5,6
238980,13,Education,76,18,58,0,0,0,1,1,0,8,1,7,9,4,5,0,0,0,56,12,44,0,0,0,1,0,1,1,0,1
238980,26,Biological Sciences/LifeSciences,56,18,38,2,0,2,2,1,1,6,2,4,5,2,3,0,0,0,37,10,27,1,1,0,0,0,0,3,2,1
238980,27,Mathematics,9,4,5,0,0,0,0,0,0,1,1,0,0,0,0,0,0,0,6,2,4,0,0,0,0,0,0,2,1,1
238980,40,Physical Sciences,6,4,2,1,0,1,0,0,0,0,0,0,0,0,0,0,0,0,5,4,1,0,0,0,0,0,0,0,0,0
238980,52,Business Management and Administrative Services,1162,452,710,22,5,17,50,15,35,55,25,30,52,24,28,1,0,1,935,356,579,11,4,7,10,9,1,26,14,12
239017,13,Education,21,8,13,0,0,0,0,0,0,0,0,0,2,1,1,0,0,0,17,7,10,2,0,2,0,0,0,0,0,0
239017,26,Biological Sciences/LifeSciences,114,31,83,1,0,1,12,5,7,0,0,0,8,2,6,0,0,0,83,22,61,2,0,2,1,1,0,7,1,6
239017,27,Mathematics,25,11,14,0,0,0,2,1,1,1,0,1,0,0,0,0,0,0,14,7,7,0,0,0,1,0,1,7,3,4
239017,40,Physical Sciences,38,26,12,0,0,0,3,2,1,1,1,0,4,2,2,0,0,0,26,18,8,1,1,0,1,1,0,2,1,1
239071,13,Education,158,37,121,1,1,0,0,0,0,2,2,0,8,3,5,1,0,1,139,30,109,4,1,3,1,0,1,2,0,2
239071,26,Biological Sciences/LifeSciences,40,21,19,0,0,0,1,1,0,0,0,0,0,0,0,0,0,0,38,19,19,0,0,0,1,1,0,0,0,0
239071,52,Business Management and Administrative Services,82,53,29,0,0,0,0,0,0,2,2,0,4,3,1,0,0,0,68,43,25,7,5,2,0,0,0,1,0,1
239080,13,Education,69,14,55,0,0,0,0,0,0,0,0,0,5,0,5,0,0,0,62,14,48,1,0,1,1,0,1,0,0,0
239080,26,Biological Sciences/LifeSciences,61,21,40,1,1,0,0,0,0,3,1,2,3,2,1,0,0,0,51,15,36,1,0,1,1,1,0,1,1,0
239080,27,Mathematics,9,3,6,0,0,0,0,0,0,0,0,0,0,0,0,0,0,0,9,3,6,0,0,0,0,0,0,0,0,0
239080,40,Physical Sciences,3,2,1,0,0,0,0,0,0,0,0,0,0,0,0,0,0,0,3,2,1,0,0,0,0,0,0,0,0,0
239080,52,Business Management and Administrative Services,192,111,81,0,0,0,0,0,0,6,4,2,15,8,7,0,0,0,154,85,69,0,0,0,2,1,1,15,13,2
239105,13,Education,278,57,221,1,0,1,11,4,7,8,1,7,34,7,27,1,0,1,209,42,167,10,3,7,1,0,1,3,0,3
239105,14,Engineering,1256,943,313,1,1,0,67,46,21,17,14,3,97,74,23,0,0,0,1000,755,245,41,27,14,3,2,1,30,24,6
239105,26,Biological Sciences/LifeSciences,1439,481,958,3,1,2,190,69,121,41,14,27,139,62,77,1,0,1,978,304,674,69,21,48,3,3,0,15,7,8
239105,27,Mathematics,66,41,25,0,0,0,1,0,1,3,3,0,9,7,2,0,0,0,41,25,16,2,1,1,1,0,1,9,5,4
239105,40,Physical Sciences,72,47,25,0,0,0,4,2,2,4,2,2,7,5,2,0,0,0,51,33,18,2,1,1,0,0,0,4,4,0
239105,52,Business Management and Administrative Services,1636,1015,621,3,2,1,69,33,36,47,27,20,140,89,51,0,0,0,1181,761,420,44,27,17,4,2,2,148,74,74
239318,14,Engineering,2152,1710,442,3,1,2,76,59,17,32,24,8,104,76,28,2,2,0,1447,1147,300,51,35,16,183,160,23,254,206,48
239318,52,Business Management and Administrative Services,217,179,38,1,1,0,8,8,0,7,4,3,22,18,4,0,0,0,137,116,21,2,2,0,15,12,3,25,18,7
239390,13,Education,32,0,32,0,0,0,2,0,2,1,0,1,10,0,10,0,0,0,15,0,15,3,0,3,0,0,0,1,0,1
239390,26,Biological Sciences/LifeSciences,50,0,50,0,0,0,8,0,8,14,0,14,6,0,6,0,0,0,20,0,20,0,0,0,0,0,0,2,0,2
239390,27,Mathematics,1,0,1,0,0,0,0,0,0,0,0,0,0,0,0,0,0,0,0,0,0,1,0,1,0,0,0,0,0,0
239390,40,Physical Sciences,9,0,9,0,0,0,2,0,2,0,0,0,1,0,1,0,0,0,5,0,5,1,0,1,0,0,0,0,0,0
239390,52,Business Management and Administrative Services,111,0,111,0,0,0,9,0,9,17,0,17,15,0,15,0,0,0,61,0,61,8,0,8,0,0,0,1,0,1
239512,13,Education,35,8,27,6,0,6,1,0,1,1,1,0,4,3,1,0,0,0,20,4,16,2,0,2,0,0,0,1,0,1
239512,14,Engineering,1,1,0,0,0,0,0,0,0,0,0,0,1,1,0,0,0,0,0,0,0,0,0,0,0,0,0,0,0,0
239512,26,Biological Sciences/LifeSciences,41,11,30,0,0,0,0,0,0,0,0,0,3,3,0,0,0,0,36,7,29,0,0,0,1,0,1,1,1,0
239512,27,Mathematics,8,5,3,0,0,0,0,0,0,0,0,0,1,0,1,0,0,0,7,5,2,0,0,0,0,0,0,0,0,0
239512,40,Physical Sciences,32,20,12,0,0,0,0,0,0,0,0,0,0,0,0,0,0,0,28,18,10,1,0,1,3,2,1,0,0,0
239512,52,Business Management and Administrative Services,22,16,6,0,0,0,0,0,0,0,0,0,3,3,0,0,0,0,17,12,5,0,0,0,1,0,1,1,1,0
239628,26,Biological Sciences/LifeSciences,47,14,33,0,0,0,1,0,1,2,0,2,2,1,1,0,0,0,41,13,28,1,0,1,0,0,0,0,0,0
239628,27,Mathematics,11,7,4,0,0,0,0,0,0,0,0,0,2,1,1,0,0,0,9,6,3,0,0,0,0,0,0,0,0,0
239628,40,Physical Sciences,55,29,26,0,0,0,2,0,2,1,0,1,7,6,1,0,0,0,39,18,21,0,0,0,0,0,0,6,5,1
239628,52,Business Management and Administrative Services,66,42,24,0,0,0,0,0,0,0,0,0,1,1,0,0,0,0,58,36,22,3,2,1,0,0,0,4,3,1
239716,13,Education,295,59,236,2,0,2,3,0,3,0,0,0,9,1,8,0,0,0,278,58,220,2,0,2,0,0,0,1,0,1
239716,26,Biological Sciences/LifeSciences,343,139,204,1,0,1,6,3,3,3,1,2,11,4,7,0,0,0,306,121,185,8,4,4,0,0,0,8,6,2
239716,27,Mathematics,47,27,20,0,0,0,0,0,0,1,1,0,2,0,2,0,0,0,41,24,17,1,0,1,0,0,0,2,2,0
239716,40,Physical Sciences,82,47,35,1,1,0,2,1,1,1,1,0,3,0,3,0,0,0,71,41,30,2,1,1,0,0,0,2,2,0
239716,52,Business Management and Administrative Services,507,305,202,1,1,0,5,2,3,5,5,0,25,12,13,1,0,1,441,268,173,10,6,4,4,1,3,15,10,5
239743,13,Education,50,7,43,0,0,0,2,0,2,6,4,2,1,0,1,0,0,0,38,2,36,0,0,0,2,0,2,1,1,0
239743,26,Biological Sciences/LifeSciences,11,3,8,0,0,0,0,0,0,6,3,3,2,0,2,0,0,0,1,0,1,0,0,0,0,0,0,2,0,2
239743,27,Mathematics,2,1,1,0,0,0,0,0,0,0,0,0,0,0,0,0,0,0,2,1,1,0,0,0,0,0,0,0,0,0
239743,52,Business Management and Administrative Services,51,25,26,1,0,1,2,0,2,12,9,3,5,5,0,1,0,1,24,9,15,1,0,1,0,0,0,5,2,3
239929,52,Business Management and Administrative Services,139,57,82,0,0,0,0,0,0,122,50,72,6,3,3,0,0,0,8,3,5,1,0,1,2,1,1,0,0,0
240107,13,Education,117,29,88,0,0,0,1,0,1,0,0,0,2,0,2,0,0,0,113,29,84,1,0,1,0,0,0,0,0,0
240107,26,Biological Sciences/LifeSciences,73,30,43,0,0,0,0,0,0,3,0,3,1,1,0,0,0,0,67,27,40,1,1,0,0,0,0,1,1,0
240107,27,Mathematics,5,3,2,0,0,0,0,0,0,0,0,0,0,0,0,0,0,0,5,3,2,0,0,0,0,0,0,0,0,0
240107,40,Physical Sciences,15,6,9,0,0,0,1,0,1,0,0,0,2,0,2,0,0,0,12,6,6,0,0,0,0,0,0,0,0,0
240107,52,Business Management and Administrative Services,271,143,128,2,2,0,1,0,1,7,5,2,4,1,3,0,0,0,219,105,114,8,4,4,1,1,0,29,25,4
240189,13,Education,1477,404,1073,2,2,0,15,8,7,44,32,12,73,20,53,0,0,0,1274,323,951,67,18,49,1,0,1,1,1,0
240189,26,Biological Sciences/LifeSciences,626,243,383,2,1,1,11,4,7,25,8,17,53,19,34,0,0,0,495,196,299,31,12,19,2,0,2,7,3,4
240189,27,Mathematics,144,86,58,0,0,0,1,1,0,3,1,2,4,3,1,0,0,0,121,74,47,12,5,7,0,0,0,3,2,1
240189,40,Physical Sciences,209,134,75,0,0,0,9,5,4,13,9,4,11,7,4,0,0,0,156,98,58,14,9,5,0,0,0,6,6,0
240189,52,Business Management and Administrative Services,3974,2630,1344,5,2,3,69,37,32,101,69,32,209,125,84,2,2,0,3334,2230,1104,197,136,61,4,3,1,53,26,27
240268,13,Education,843,139,704,2,0,2,17,3,14,3,2,1,15,4,11,1,0,1,789,128,661,13,1,12,0,0,0,3,1,2
240268,14,Engineering,8,5,3,0,0,0,0,0,0,0,0,0,1,1,0,0,0,0,7,4,3,0,0,0,0,0,0,0,0,0
240268,26,Biological Sciences/LifeSciences,643,219,424,1,0,1,31,12,19,11,3,8,20,12,8,0,0,0,563,187,376,6,1,5,1,1,0,10,3,7
240268,27,Mathematics,278,168,110,0,0,0,4,2,2,1,1,0,4,1,3,0,0,0,255,156,99,3,2,1,0,0,0,11,6,5
240268,40,Physical Sciences,366,228,138,2,1,1,12,4,8,2,2,0,11,7,4,0,0,0,321,201,120,7,5,2,1,1,0,10,7,3
240268,52,Business Management and Administrative Services,1939,1137,802,4,3,1,65,30,35,22,22,0,48,34,14,1,1,0,1688,986,702,29,19,10,1,1,0,81,41,40
240277,13,Education,125,9,116,0,0,0,0,0,0,1,0,1,7,0,7,0,0,0,116,9,107,0,0,0,0,0,0,1,0,1
240277,26,Biological Sciences/LifeSciences,151,52,99,1,0,1,4,4,0,2,1,1,6,2,4,0,0,0,134,43,91,3,1,2,0,0,0,1,1,0
240277,27,Mathematics,39,18,21,0,0,0,0,0,0,0,0,0,1,1,0,1,0,1,33,15,18,2,0,2,0,0,0,2,2,0
240277,40,Physical Sciences,62,29,33,0,0,0,3,2,1,0,0,0,3,1,2,0,0,0,55,26,29,1,0,1,0,0,0,0,0,0
240277,52,Business Management and Administrative Services,893,440,453,10,3,7,30,14,16,15,12,3,27,12,15,0,0,0,762,374,388,20,9,11,2,1,1,27,15,12
240329,13,Education,574,83,491,0,0,0,5,0,5,3,2,1,19,5,14,0,0,0,535,75,460,11,1,10,0,0,0,1,0,1
240329,26,Biological Sciences/LifeSciences,1470,588,882,2,1,1,37,17,20,15,5,10,53,24,29,1,0,1,1320,524,796,31,11,20,1,0,1,10,6,4
240329,27,Mathematics,158,93,65,0,0,0,6,3,3,0,0,0,5,2,3,0,0,0,140,83,57,3,2,1,0,0,0,4,3,1
240329,40,Physical Sciences,241,176,65,0,0,0,4,0,4,3,3,0,11,6,5,0,0,0,205,155,50,14,9,5,0,0,0,4,3,1
240329,52,Business Management and Administrative Services,1668,1020,648,3,3,0,39,23,16,4,2,2,47,29,18,1,1,0,1497,915,582,40,20,20,0,0,0,37,27,10
240338,13,Education,84,25,59,0,0,0,2,1,1,1,1,0,1,1,0,0,0,0,76,21,55,2,1,1,0,0,0,2,0,2
240338,26,Biological Sciences/LifeSciences,61,23,38,0,0,0,1,0,1,2,0,2,3,1,2,0,0,0,52,22,30,0,0,0,1,0,1,2,0,2
240338,27,Mathematics,8,4,4,0,0,0,0,0,0,0,0,0,0,0,0,0,0,0,7,4,3,0,0,0,0,0,0,1,0,1
240338,40,Physical Sciences,6,5,1,0,0,0,0,0,0,0,0,0,0,0,0,0,0,0,5,4,1,0,0,0,0,0,0,1,1,0
240338,52,Business Management and Administrative Services,204,102,102,0,0,0,0,0,0,12,3,9,18,7,11,0,0,0,158,84,74,8,6,2,3,0,3,5,2,3
240365,13,Education,1197,358,839,1,1,0,29,9,20,25,11,14,52,18,34,2,1,1,1061,304,757,26,13,13,0,0,0,1,1,0
240365,26,Biological Sciences/LifeSciences,727,219,508,3,2,1,42,16,26,27,8,19,46,16,30,1,1,0,585,169,416,16,6,10,1,0,1,6,1,5
240365,27,Mathematics,71,47,24,0,0,0,3,2,1,0,0,0,4,2,2,0,0,0,64,43,21,0,0,0,0,0,0,0,0,0
240365,40,Physical Sciences,166,102,64,0,0,0,7,4,3,2,1,1,8,4,4,0,0,0,144,89,55,2,2,0,0,0,0,3,2,1
240365,52,Business Management and Administrative Services,1755,1117,638,7,6,1,60,24,36,33,20,13,51,29,22,0,0,0,1538,998,540,41,25,16,3,2,1,22,13,9
240374,13,Education,106,14,92,0,0,0,2,0,2,6,0,6,12,1,11,0,0,0,81,12,69,5,1,4,0,0,0,0,0,0
240374,26,Biological Sciences/LifeSciences,362,141,221,0,0,0,30,16,14,17,6,11,59,21,38,0,0,0,236,94,142,15,4,11,0,0,0,5,0,5
240374,27,Mathematics,34,23,11,0,0,0,0,0,0,1,0,1,7,2,5,0,0,0,25,20,5,0,0,0,0,0,0,1,1,0
240374,40,Physical Sciences,84,59,25,0,0,0,2,1,1,2,2,0,15,10,5,0,0,0,58,43,15,5,2,3,0,0,0,2,1,1
240374,52,Business Management and Administrative Services,793,459,334,0,0,0,31,21,10,53,24,29,116,60,56,0,0,0,550,327,223,25,11,14,0,0,0,18,16,2
240392,52,Business Management and Administrative Services,293,96,197,2,1,1,10,5,5,66,14,52,12,2,10,1,0,1,140,53,87,9,4,5,52,16,36,1,1,0
240417,13,Education,674,222,452,3,1,2,12,4,8,5,2,3,12,1,11,0,0,0,633,211,422,5,2,3,2,1,1,2,0,2
240417,14,Engineering,630,570,60,1,1,0,24,21,3,7,7,0,12,9,3,1,1,0,548,495,53,10,9,1,1,1,0,26,26,0
240417,27,Mathematics,195,162,33,0,0,0,5,4,1,1,0,1,5,5,0,0,0,0,176,145,31,4,4,0,0,0,0,4,4,0
240417,52,Business Management and Administrative Services,2239,1287,952,7,4,3,53,18,35,44,27,17,59,32,27,2,1,1,1977,1141,836,39,23,16,4,2,2,54,39,15
240426,13,Education,560,137,423,8,3,5,5,0,5,5,3,2,11,3,8,0,0,0,502,111,391,12,5,7,2,1,1,15,11,4
240426,26,Biological Sciences/LifeSciences,148,53,95,1,0,1,2,1,1,1,0,1,6,3,3,0,0,0,118,42,76,4,1,3,1,1,0,15,5,10
240426,27,Mathematics,26,13,13,0,0,0,1,0,1,0,0,0,1,1,0,0,0,0,19,11,8,2,1,1,0,0,0,3,0,3
240426,40,Physical Sciences,32,17,15,0,0,0,0,0,0,0,0,0,1,1,0,0,0,0,21,14,7,2,0,2,0,0,0,8,2,6
240426,52,Business Management and Administrative Services,339,218,121,3,1,2,5,2,3,5,5,0,7,5,2,0,0,0,230,149,81,4,1,3,2,2,0,83,53,30
240444,13,Education,432,51,381,2,0,2,20,1,19,11,2,9,24,2,22,0,0,0,352,41,311,11,2,9,1,1,0,11,2,9
240444,14,Engineering,4795,3662,1133,6,2,4,276,192,84,61,43,18,198,144,54,6,3,3,3596,2795,801,134,94,40,19,10,9,499,379,120
240444,26,Biological Sciences/LifeSciences,3130,1242,1888,6,3,3,302,123,179,83,36,47,163,76,87,3,0,3,2343,913,1430,97,34,63,9,4,5,124,53,71
240444,27,Mathematics,273,184,89,0,0,0,16,13,3,3,2,1,5,2,3,1,0,1,154,115,39,7,5,2,2,0,2,85,47,38
240444,40,Physical Sciences,283,199,84,0,0,0,8,5,3,5,2,3,13,8,5,1,1,0,217,155,62,5,4,1,2,1,1,32,23,9
240444,52,Business Management and Administrative Services,2966,1593,1373,4,2,2,111,47,64,43,26,17,132,70,62,2,2,0,2371,1327,1044,67,35,32,7,3,4,229,81,148
240453,13,Education,1557,390,1167,8,3,5,60,13,47,160,38,122,170,48,122,2,0,2,1098,277,821,55,11,44,0,0,0,4,0,4
240453,14,Engineering,1435,1260,175,2,2,0,89,79,10,45,38,7,87,78,9,1,1,0,1025,895,130,50,41,9,3,2,1,133,124,9
240453,26,Biological Sciences/LifeSciences,874,363,511,4,2,2,109,56,53,61,15,46,88,31,57,0,0,0,541,235,306,47,14,33,1,0,1,23,10,13
240453,27,Mathematics,114,83,31,0,0,0,9,5,4,5,3,2,14,11,3,0,0,0,79,58,21,2,2,0,2,1,1,3,3,0
240453,40,Physical Sciences,313,217,96,0,0,0,16,9,7,10,5,5,35,23,12,0,0,0,229,163,66,9,6,3,1,1,0,13,10,3
240453,52,Business Management and Administrative Services,3807,2407,1400,17,10,7,284,153,131,261,138,123,325,192,133,4,3,1,2446,1591,855,147,84,63,8,5,3,315,231,84
240462,13,Education,507,161,346,0,0,0,4,1,3,6,4,2,8,3,5,0,0,0,475,147,328,13,6,7,0,0,0,1,0,1
240462,14,Engineering,1246,1085,161,2,0,2,20,16,4,5,4,1,36,30,6,2,2,0,1140,1000,140,15,10,5,2,2,0,24,21,3
240462,26,Biological Sciences/LifeSciences,352,106,246,0,0,0,5,2,3,4,1,3,17,3,14,0,0,0,316,96,220,9,3,6,0,0,0,1,1,0
240462,27,Mathematics,60,29,31,0,0,0,0,0,0,0,0,0,2,0,2,0,0,0,54,27,27,2,0,2,0,0,0,2,2,0
240462,40,Physical Sciences,112,41,71,1,1,0,1,1,0,0,0,0,8,2,6,0,0,0,99,37,62,2,0,2,0,0,0,1,0,1
240462,52,Business Management and Administrative Services,825,466,359,5,0,5,11,5,6,18,12,6,27,15,12,0,0,0,738,421,317,13,6,7,3,2,1,10,5,5
240471,13,Education,879,232,647,0,0,0,14,2,12,9,6,3,18,5,13,3,1,2,797,203,594,22,11,11,0,0,0,16,4,12
240471,14,Engineering,23,15,8,0,0,0,0,0,0,0,0,0,0,0,0,0,0,0,22,15,7,1,0,1,0,0,0,0,0,0
240471,26,Biological Sciences/LifeSciences,456,156,300,2,0,2,21,10,11,12,5,7,21,7,14,0,0,0,379,123,256,16,7,9,0,0,0,5,4,1
240471,27,Mathematics,64,28,36,0,0,0,0,0,0,0,0,0,3,2,1,0,0,0,61,26,35,0,0,0,0,0,0,0,0,0
240471,40,Physical Sciences,235,168,67,1,1,0,2,0,2,2,2,0,14,11,3,0,0,0,207,146,61,4,3,1,0,0,0,5,5,0
240471,52,Business Management and Administrative Services,708,373,335,3,2,1,25,15,10,10,7,3,21,11,10,0,0,0,606,310,296,15,10,5,2,1,1,26,17,9
240480,13,Education,840,212,628,2,1,1,17,3,14,11,4,7,29,3,26,1,0,1,764,197,567,12,3,9,0,0,0,4,1,3
240480,14,Engineering,80,72,8,0,0,0,4,4,0,2,2,0,3,2,1,0,0,0,69,62,7,2,2,0,0,0,0,0,0,0
240480,26,Biological Sciences/LifeSciences,718,295,423,3,2,1,38,13,25,13,5,8,30,12,18,0,0,0,603,254,349,16,4,12,0,0,0,15,5,10
240480,27,Mathematics,115,76,39,1,1,0,2,2,0,0,0,0,4,2,2,1,1,0,99,64,35,3,2,1,1,1,0,4,3,1
240480,40,Physical Sciences,121,89,32,0,0,0,3,2,1,0,0,0,4,4,0,0,0,0,110,80,30,2,1,1,0,0,0,2,2,0
240480,52,Business Management and Administrative Services,745,470,275,1,1,0,20,8,12,25,17,8,29,21,8,0,0,0,628,397,231,13,8,5,2,1,1,27,17,10
240727,13,Education,745,224,521,2,0,2,3,2,1,3,1,2,66,21,45,0,0,0,593,169,424,22,9,13,52,19,33,4,3,1
240727,14,Engineering,1487,1239,248,4,4,0,16,12,4,15,14,1,79,64,15,0,0,0,1001,827,174,43,39,4,112,97,15,217,182,35
240727,26,Biological Sciences/LifeSciences,726,305,421,4,1,3,16,6,10,4,1,3,57,23,34,2,0,2,557,239,318,27,14,13,49,21,28,10,0,10
240727,27,Mathematics,69,41,28,0,0,0,0,0,0,1,1,0,3,1,2,0,0,0,54,31,23,2,1,1,7,6,1,2,1,1
240727,40,Physical Sciences,340,235,105,1,0,1,4,2,2,1,1,0,22,14,8,1,1,0,266,184,82,10,8,2,20,12,8,15,13,2
240727,52,Business Management and Administrative Services,1222,719,503,11,2,9,17,10,7,16,14,2,91,52,39,2,1,1,888,525,363,39,26,13,102,60,42,56,29,27
240736,13,Education,194,26,168,0,0,0,0,0,0,0,0,0,0,0,0,181,26,155,0,0,0,0,0,0,0,0,0,13,0,13
240736,14,Engineering,20,13,7,0,0,0,1,1,0,0,0,0,0,0,0,16,9,7,0,0,0,0,0,0,0,0,0,3,3,0
240736,52,Business Management and Administrative Services,43,11,32,0,0,0,0,0,0,0,0,0,0,0,0,40,10,30,0,0,0,0,0,0,0,0,0,3,1,2
240754,13,Education,393,107,286,0,0,0,191,58,133,2,1,1,2,0,2,183,45,138,5,2,3,3,0,3,6,1,5,1,0,1
240754,14,Engineering,82,62,20,0,0,0,48,33,15,0,0,0,1,1,0,25,22,3,1,0,1,0,0,0,6,5,1,1,1,0
240754,26,Biological Sciences/LifeSciences,205,88,117,0,0,0,98,41,57,0,0,0,1,0,1,86,40,46,9,2,7,0,0,0,9,4,5,2,1,1
240754,27,Mathematics,42,26,16,0,0,0,28,18,10,0,0,0,0,0,0,11,6,5,1,1,0,0,0,0,0,0,0,2,1,1
240754,40,Physical Sciences,22,12,10,0,0,0,5,5,0,0,0,0,0,0,0,9,3,6,5,3,2,0,0,0,1,1,0,2,0,2
240754,52,Business Management and Administrative Services,612,248,364,0,0,0,306,116,190,5,4,1,1,0,1,266,114,152,15,7,8,1,0,1,5,1,4,13,6,7
240790,13,Education,197,54,143,0,0,0,65,18,47,1,0,1,0,0,0,93,25,68,2,1,1,22,4,18,2,0,2,12,6,6
240790,52,Business Management and Administrative Services,310,134,176,0,0,0,129,61,68,1,1,0,0,0,0,118,43,75,4,2,2,27,11,16,14,5,9,17,11,6
241100,13,Education,79,42,37,0,0,0,0,0,0,0,0,0,79,42,37,0,0,0,0,0,0,0,0,0,0,0,0,0,0,0
241100,52,Business Management and Administrative Services,241,150,91,0,0,0,0,0,0,0,0,0,241,150,91,0,0,0,0,0,0,0,0,0,0,0,0,0,0,0
241128,13,Education,130,50,80,0,0,0,0,0,0,0,0,0,130,50,80,0,0,0,0,0,0,0,0,0,0,0,0,0,0,0
241128,52,Business Management and Administrative Services,300,160,140,0,0,0,0,0,0,0,0,0,300,160,140,0,0,0,0,0,0,0,0,0,0,0,0,0,0,0
241191,13,Education,89,15,74,0,0,0,0,0,0,0,0,0,87,15,72,0,0,0,1,0,1,0,0,0,0,0,0,1,0,1
241191,26,Biological Sciences/LifeSciences,140,59,81,0,0,0,0,0,0,2,1,1,132,55,77,0,0,0,1,0,1,0,0,0,0,0,0,5,3,2
241191,52,Business Management and Administrative Services,75,43,32,0,0,0,0,0,0,0,0,0,71,42,29,0,0,0,2,1,1,0,0,0,0,0,0,2,0,2
241216,52,Business Management and Administrative Services,21,16,5,0,0,0,0,0,0,0,0,0,21,16,5,0,0,0,0,0,0,0,0,0,0,0,0,0,0,0
241225,13,Education,168,62,106,0,0,0,0,0,0,0,0,0,168,62,106,0,0,0,0,0,0,0,0,0,0,0,0,0,0,0
241225,26,Biological Sciences/LifeSciences,77,26,51,0,0,0,0,0,0,0,0,0,77,26,51,0,0,0,0,0,0,0,0,0,0,0,0,0,0,0
241225,40,Physical Sciences,16,5,11,0,0,0,0,0,0,0,0,0,12,1,11,0,0,0,0,0,0,0,0,0,0,0,0,4,4,0
241225,52,Business Management and Administrative Services,251,122,129,0,0,0,0,0,0,0,0,0,250,122,128,0,0,0,0,0,0,0,0,0,0,0,0,1,0,1
241304,52,Business Management and Administrative Services,51,17,34,0,0,0,0,0,0,0,0,0,51,17,34,0,0,0,0,0,0,0,0,0,0,0,0,0,0,0
241377,13,Education,167,91,76,0,0,0,0,0,0,0,0,0,167,91,76,0,0,0,0,0,0,0,0,0,0,0,0,0,0,0
241377,14,Engineering,88,73,15,0,0,0,0,0,0,0,0,0,88,73,15,0,0,0,0,0,0,0,0,0,0,0,0,0,0,0
241377,52,Business Management and Administrative Services,202,122,80,0,0,0,0,0,0,0,0,0,202,122,80,0,0,0,0,0,0,0,0,0,0,0,0,0,0,0
241386,13,Education,35,6,29,0,0,0,0,0,0,0,0,0,35,6,29,0,0,0,0,0,0,0,0,0,0,0,0,0,0,0
241386,52,Business Management and Administrative Services,48,10,38,0,0,0,0,0,0,0,0,0,48,10,38,0,0,0,0,0,0,0,0,0,0,0,0,0,0,0
241395,13,Education,44,10,34,0,0,0,0,0,0,0,0,0,40,9,31,0,0,0,1,1,0,0,0,0,3,0,3,0,0,0
241395,26,Biological Sciences/LifeSciences,275,97,178,0,0,0,0,0,0,0,0,0,257,93,164,0,0,0,1,1,0,0,0,0,17,3,14,0,0,0
241395,52,Business Management and Administrative Services,63,32,31,0,0,0,0,0,0,0,0,0,60,30,30,0,0,0,0,0,0,0,0,0,3,2,1,0,0,0
241410,13,Education,178,65,113,0,0,0,0,0,0,1,0,1,177,65,112,0,0,0,0,0,0,0,0,0,0,0,0,0,0,0
241410,26,Biological Sciences/LifeSciences,940,385,555,0,0,0,1,0,1,0,0,0,935,384,551,0,0,0,1,0,1,0,0,0,3,1,2,0,0,0
241410,27,Mathematics,8,8,0,0,0,0,0,0,0,0,0,0,8,8,0,0,0,0,0,0,0,0,0,0,0,0,0,0,0,0
241410,40,Physical Sciences,162,72,90,0,0,0,0,0,0,0,0,0,160,70,90,0,0,0,0,0,0,0,0,0,1,1,0,1,1,0
241410,52,Business Management and Administrative Services,576,297,279,0,0,0,1,1,0,0,0,0,566,293,273,0,0,0,1,0,1,0,0,0,4,2,2,4,1,3
241614,13,Education,260,143,117,0,0,0,0,0,0,0,0,0,260,143,117,0,0,0,0,0,0,0,0,0,0,0,0,0,0,0
241720,52,Business Management and Administrative Services,297,113,184,0,0,0,0,0,0,0,0,0,297,113,184,0,0,0,0,0,0,0,0,0,0,0,0,0,0,0
241739,13,Education,855,208,647,0,0,0,0,0,0,0,0,0,855,208,647,0,0,0,0,0,0,0,0,0,0,0,0,0,0,0
241739,26,Biological Sciences/LifeSciences,474,152,322,0,0,0,0,0,0,0,0,0,474,152,322,0,0,0,0,0,0,0,0,0,0,0,0,0,0,0
241739,27,Mathematics,4,1,3,0,0,0,0,0,0,0,0,0,4,1,3,0,0,0,0,0,0,0,0,0,0,0,0,0,0,0
241739,40,Physical Sciences,108,46,62,0,0,0,0,0,0,0,0,0,108,46,62,0,0,0,0,0,0,0,0,0,0,0,0,0,0,0
241739,52,Business Management and Administrative Services,2299,1088,1211,0,0,0,0,0,0,0,0,0,2299,1088,1211,0,0,0,0,0,0,0,0,0,0,0,0,0,0,0
241766,13,Education,80,36,44,0,0,0,0,0,0,0,0,0,80,36,44,0,0,0,0,0,0,0,0,0,0,0,0,0,0,0
241836,52,Business Management and Administrative Services,6,2,4,0,0,0,0,0,0,0,0,0,6,2,4,0,0,0,0,0,0,0,0,0,0,0,0,0,0,0
241951,13,Education,20,6,14,0,0,0,0,0,0,0,0,0,20,6,14,0,0,0,0,0,0,0,0,0,0,0,0,0,0,0
242112,52,Business Management and Administrative Services,57,16,41,0,0,0,0,0,0,0,0,0,57,16,41,0,0,0,0,0,0,0,0,0,0,0,0,0,0,0
242121,14,Engineering,36,36,0,0,0,0,0,0,0,0,0,0,36,36,0,0,0,0,0,0,0,0,0,0,0,0,0,0,0,0
242121,26,Biological Sciences/LifeSciences,20,9,11,0,0,0,0,0,0,0,0,0,20,9,11,0,0,0,0,0,0,0,0,0,0,0,0,0,0,0
242121,52,Business Management and Administrative Services,57,17,40,0,0,0,0,0,0,0,0,0,57,17,40,0,0,0,0,0,0,0,0,0,0,0,0,0,0,0
242617,13,Education,405,184,221,0,0,0,0,0,0,1,1,0,402,183,219,0,0,0,2,0,2,0,0,0,0,0,0,0,0,0
242617,26,Biological Sciences/LifeSciences,842,357,485,0,0,0,0,0,0,3,0,3,834,355,479,1,0,1,4,2,2,0,0,0,0,0,0,0,0,0
242617,27,Mathematics,9,9,0,0,0,0,0,0,0,0,0,0,9,9,0,0,0,0,0,0,0,0,0,0,0,0,0,0,0,0
242617,40,Physical Sciences,80,32,48,0,0,0,0,0,0,1,0,1,78,32,46,0,0,0,1,0,1,0,0,0,0,0,0,0,0,0
242617,52,Business Management and Administrative Services,479,229,250,0,0,0,0,0,0,1,1,0,476,226,250,0,0,0,2,2,0,0,0,0,0,0,0,0,0,0
242626,13,Education,128,45,83,0,0,0,0,0,0,0,0,0,128,45,83,0,0,0,0,0,0,0,0,0,0,0,0,0,0,0
242626,26,Biological Sciences/LifeSciences,457,177,280,0,0,0,0,0,0,0,0,0,456,176,280,0,0,0,1,1,0,0,0,0,0,0,0,0,0,0
242626,52,Business Management and Administrative Services,559,265,294,0,0,0,0,0,0,0,0,0,558,264,294,0,0,0,1,1,0,0,0,0,0,0,0,0,0,0
242635,13,Education,512,97,415,0,0,0,0,0,0,2,0,2,505,97,408,0,0,0,5,0,5,0,0,0,0,0,0,0,0,0
242635,26,Biological Sciences/LifeSciences,561,243,318,0,0,0,0,0,0,0,0,0,560,242,318,0,0,0,1,1,0,0,0,0,0,0,0,0,0,0
242635,40,Physical Sciences,34,11,23,0,0,0,0,0,0,0,0,0,34,11,23,0,0,0,0,0,0,0,0,0,0,0,0,0,0,0
242635,52,Business Management and Administrative Services,480,221,259,0,0,0,0,0,0,0,0,0,478,220,258,0,0,0,2,1,1,0,0,0,0,0,0,0,0,0
242644,13,Education,41,13,28,0,0,0,0,0,0,0,0,0,41,13,28,0,0,0,0,0,0,0,0,0,0,0,0,0,0,0
242644,26,Biological Sciences/LifeSciences,180,56,124,0,0,0,0,0,0,0,0,0,180,56,124,0,0,0,0,0,0,0,0,0,0,0,0,0,0,0
242644,52,Business Management and Administrative Services,303,121,182,1,0,1,0,0,0,0,0,0,302,121,181,0,0,0,0,0,0,0,0,0,0,0,0,0,0,0
242653,13,Education,370,49,321,0,0,0,0,0,0,0,0,0,370,49,321,0,0,0,0,0,0,0,0,0,0,0,0,0,0,0
242653,26,Biological Sciences/LifeSciences,939,355,584,0,0,0,0,0,0,2,0,2,931,355,576,0,0,0,6,0,6,0,0,0,0,0,0,0,0,0
242653,27,Mathematics,11,8,3,0,0,0,0,0,0,0,0,0,11,8,3,0,0,0,0,0,0,0,0,0,0,0,0,0,0,0
242653,40,Physical Sciences,82,21,61,0,0,0,0,0,0,0,0,0,79,21,58,0,0,0,3,0,3,0,0,0,0,0,0,0,0,0
242653,52,Business Management and Administrative Services,1182,668,514,2,1,1,1,1,0,6,3,3,1160,657,503,1,0,1,12,6,6,0,0,0,0,0,0,0,0,0
242662,13,Education,197,48,149,0,0,0,0,0,0,0,0,0,196,48,148,1,0,1,0,0,0,0,0,0,0,0,0,0,0,0
242662,26,Biological Sciences/LifeSciences,522,211,311,1,1,0,0,0,0,0,0,0,521,210,311,0,0,0,0,0,0,0,0,0,0,0,0,0,0,0
242662,52,Business Management and Administrative Services,1145,433,712,0,0,0,0,0,0,1,0,1,1142,432,710,0,0,0,2,1,1,0,0,0,0,0,0,0,0,0
242680,13,Education,120,20,100,0,0,0,0,0,0,0,0,0,120,20,100,0,0,0,0,0,0,0,0,0,0,0,0,0,0,0
242680,26,Biological Sciences/LifeSciences,308,98,210,0,0,0,0,0,0,0,0,0,308,98,210,0,0,0,0,0,0,0,0,0,0,0,0,0,0,0
242680,52,Business Management and Administrative Services,406,192,214,0,0,0,0,0,0,0,0,0,404,191,213,0,0,0,2,1,1,0,0,0,0,0,0,0,0,0
242699,13,Education,129,44,85,0,0,0,0,0,0,0,0,0,129,44,85,0,0,0,0,0,0,0,0,0,0,0,0,0,0,0
242699,26,Biological Sciences/LifeSciences,200,76,124,0,0,0,0,0,0,0,0,0,199,75,124,0,0,0,1,1,0,0,0,0,0,0,0,0,0,0
242699,40,Physical Sciences,59,19,40,0,0,0,0,0,0,0,0,0,59,19,40,0,0,0,0,0,0,0,0,0,0,0,0,0,0,0
242699,52,Business Management and Administrative Services,328,112,216,0,0,0,0,0,0,0,0,0,327,112,215,1,0,1,0,0,0,0,0,0,0,0,0,0,0,0
242705,14,Engineering,551,486,65,0,0,0,0,0,0,2,2,0,544,480,64,1,1,0,4,3,1,0,0,0,0,0,0,0,0,0
242705,26,Biological Sciences/LifeSciences,595,209,386,0,0,0,1,1,0,3,1,2,584,205,379,1,0,1,6,2,4,0,0,0,0,0,0,0,0,0
242705,27,Mathematics,62,15,47,0,0,0,0,0,0,0,0,0,61,15,46,0,0,0,1,0,1,0,0,0,0,0,0,0,0,0
242705,40,Physical Sciences,62,15,47,0,0,0,0,0,0,0,0,0,61,15,46,0,0,0,1,0,1,0,0,0,0,0,0,0,0,0
242705,52,Business Management and Administrative Services,739,418,321,0,0,0,1,0,1,2,1,1,732,415,317,0,0,0,4,2,2,0,0,0,0,0,0,0,0,0
242972,13,Education,21,4,17,0,0,0,0,0,0,0,0,0,21,4,17,0,0,0,0,0,0,0,0,0,0,0,0,0,0,0
242972,52,Business Management and Administrative Services,1138,328,810,0,0,0,0,0,0,0,0,0,1138,328,810,0,0,0,0,0,0,0,0,0,0,0,0,0,0,0
242981,13,Education,10,0,10,0,0,0,0,0,0,0,0,0,10,0,10,0,0,0,0,0,0,0,0,0,0,0,0,0,0,0
242981,14,Engineering,69,66,3,0,0,0,0,0,0,0,0,0,69,66,3,0,0,0,0,0,0,0,0,0,0,0,0,0,0,0
242981,52,Business Management and Administrative Services,92,43,49,0,0,0,0,0,0,0,0,0,92,43,49,0,0,0,0,0,0,0,0,0,0,0,0,0,0,0
243106,13,Education,228,57,171,0,0,0,0,0,0,2,1,1,213,51,162,0,0,0,12,5,7,1,0,1,0,0,0,0,0,0
243106,26,Biological Sciences/LifeSciences,846,283,563,1,1,0,0,0,0,3,1,2,823,278,545,0,0,0,16,3,13,3,0,3,0,0,0,0,0,0
243106,40,Physical Sciences,29,9,20,0,0,0,0,0,0,0,0,0,29,9,20,0,0,0,0,0,0,0,0,0,0,0,0,0,0,0
243106,52,Business Management and Administrative Services,1227,562,665,1,0,1,0,0,0,4,1,3,1155,531,624,1,1,0,59,26,33,7,3,4,0,0,0,0,0,0
243115,13,Education,347,144,203,0,0,0,0,0,0,0,0,0,347,144,203,0,0,0,0,0,0,0,0,0,0,0,0,0,0,0
243115,14,Engineering,92,65,27,0,0,0,0,0,0,0,0,0,92,65,27,0,0,0,0,0,0,0,0,0,0,0,0,0,0,0
243115,26,Biological Sciences/LifeSciences,576,232,344,0,0,0,0,0,0,0,0,0,576,232,344,0,0,0,0,0,0,0,0,0,0,0,0,0,0,0
243115,27,Mathematics,6,5,1,0,0,0,0,0,0,0,0,0,6,5,1,0,0,0,0,0,0,0,0,0,0,0,0,0,0,0
243115,52,Business Management and Administrative Services,935,392,543,0,0,0,0,0,0,0,0,0,935,392,543,0,0,0,0,0,0,0,0,0,0,0,0,0,0,0
243133,13,Education,768,227,541,0,0,0,0,0,0,0,0,0,768,227,541,0,0,0,0,0,0,0,0,0,0,0,0,0,0,0
243133,14,Engineering,347,217,130,0,0,0,0,0,0,0,0,0,347,217,130,0,0,0,0,0,0,0,0,0,0,0,0,0,0,0
243133,26,Biological Sciences/LifeSciences,978,334,644,0,0,0,0,0,0,0,0,0,978,334,644,0,0,0,0,0,0,0,0,0,0,0,0,0,0,0
243133,52,Business Management and Administrative Services,1178,588,590,0,0,0,0,0,0,0,0,0,1178,588,590,0,0,0,0,0,0,0,0,0,0,0,0,0,0,0
243142,13,Education,398,136,262,0,0,0,0,0,0,0,0,0,395,136,259,0,0,0,1,0,1,2,0,2,0,0,0,0,0,0
243142,52,Business Management and Administrative Services,1338,512,826,0,0,0,0,0,0,2,0,2,1313,504,809,0,0,0,14,7,7,7,1,6,2,0,2,0,0,0
243151,13,Education,621,216,405,0,0,0,0,0,0,0,0,0,621,216,405,0,0,0,0,0,0,0,0,0,0,0,0,0,0,0
243151,26,Biological Sciences/LifeSciences,672,231,441,0,0,0,0,0,0,0,0,0,672,231,441,0,0,0,0,0,0,0,0,0,0,0,0,0,0,0
243151,27,Mathematics,140,59,81,0,0,0,0,0,0,0,0,0,140,59,81,0,0,0,0,0,0,0,0,0,0,0,0,0,0,0
243151,40,Physical Sciences,256,84,172,0,0,0,0,0,0,0,0,0,256,84,172,0,0,0,0,0,0,0,0,0,0,0,0,0,0,0
243151,52,Business Management and Administrative Services,563,263,300,0,0,0,0,0,0,0,0,0,563,263,300,0,0,0,0,0,0,0,0,0,0,0,0,0,0,0
243179,13,Education,320,78,242,0,0,0,0,0,0,0,0,0,293,68,225,0,0,0,3,0,3,0,0,0,24,10,14,0,0,0
243179,14,Engineering,53,37,16,0,0,0,0,0,0,0,0,0,52,36,16,0,0,0,0,0,0,0,0,0,1,1,0,0,0,0
243179,26,Biological Sciences/LifeSciences,628,194,434,0,0,0,1,1,0,0,0,0,592,180,412,0,0,0,7,2,5,6,3,3,21,8,13,1,0,1
243179,27,Mathematics,47,31,16,0,0,0,0,0,0,0,0,0,42,30,12,0,0,0,0,0,0,1,0,1,4,1,3,0,0,0
243179,40,Physical Sciences,353,154,199,0,0,0,0,0,0,3,3,0,334,142,192,0,0,0,5,2,3,1,0,1,10,7,3,0,0,0
243179,52,Business Management and Administrative Services,1321,512,809,2,0,2,0,0,0,10,3,7,1201,461,740,0,0,0,13,4,9,12,6,6,83,38,45,0,0,0
243188,13,Education,179,69,110,0,0,0,0,0,0,1,1,0,153,55,98,0,0,0,0,0,0,1,1,0,24,12,12,0,0,0
243188,52,Business Management and Administrative Services,399,203,196,0,0,0,0,0,0,0,0,0,341,171,170,0,0,0,6,5,1,6,3,3,46,24,22,0,0,0
243197,13,Education,217,131,86,0,0,0,0,0,0,0,0,0,200,121,79,0,0,0,0,0,0,0,0,0,17,10,7,0,0,0
243197,14,Engineering,3190,2859,331,0,0,0,0,0,0,0,0,0,2983,2708,275,0,0,0,0,0,0,0,0,0,207,151,56,0,0,0
243197,26,Biological Sciences/LifeSciences,1484,580,904,0,0,0,0,0,0,0,0,0,1416,556,860,0,0,0,0,0,0,0,0,0,68,24,44,0,0,0
243197,27,Mathematics,94,63,31,0,0,0,0,0,0,0,0,0,89,59,30,0,0,0,0,0,0,0,0,0,5,4,1,0,0,0
243197,40,Physical Sciences,644,268,376,0,0,0,0,0,0,0,0,0,613,264,349,0,0,0,0,0,0,0,0,0,31,4,27,0,0,0
243197,52,Business Management and Administrative Services,907,416,491,0,0,0,0,0,0,0,0,0,837,383,454,0,0,0,0,0,0,0,0,0,70,33,37,0,0,0
243212,13,Education,253,108,145,0,0,0,0,0,0,0,0,0,253,108,145,0,0,0,0,0,0,0,0,0,0,0,0,0,0,0
243212,26,Biological Sciences/LifeSciences,511,199,312,0,0,0,0,0,0,0,0,0,511,199,312,0,0,0,0,0,0,0,0,0,0,0,0,0,0,0
243212,52,Business Management and Administrative Services,813,553,260,0,0,0,0,0,0,0,0,0,813,553,260,0,0,0,0,0,0,0,0,0,0,0,0,0,0,0
243221,13,Education,1790,631,1159,6,1,5,2,1,1,1,0,1,1566,561,1005,0,0,0,25,6,19,12,1,11,178,61,117,0,0,0
243221,26,Biological Sciences/LifeSciences,1128,452,676,0,0,0,0,0,0,1,0,1,1090,442,648,0,0,0,6,1,5,0,0,0,31,9,22,0,0,0
243221,27,Mathematics,174,85,89,0,0,0,0,0,0,0,0,0,167,81,86,0,0,0,2,1,1,1,0,1,4,3,1,0,0,0
243221,40,Physical Sciences,647,286,361,1,1,0,2,1,1,1,0,1,604,270,334,0,0,0,8,1,7,2,1,1,29,12,17,0,0,0
243221,52,Business Management and Administrative Services,2482,1202,1280,3,3,0,2,1,1,3,1,2,2251,1082,1169,0,0,0,36,21,15,14,6,8,173,88,85,0,0,0
243346,13,Education,558,64,494,0,0,0,0,0,0,0,0,0,558,64,494,0,0,0,0,0,0,0,0,0,0,0,0,0,0,0
243346,26,Biological Sciences/LifeSciences,350,138,212,0,0,0,0,0,0,0,0,0,350,138,212,0,0,0,0,0,0,0,0,0,0,0,0,0,0,0
243346,52,Business Management and Administrative Services,2183,1069,1114,0,0,0,0,0,0,0,0,0,2183,1069,1114,0,0,0,0,0,0,0,0,0,0,0,0,0,0,0
243443,13,Education,330,165,165,0,0,0,0,0,0,0,0,0,330,165,165,0,0,0,0,0,0,0,0,0,0,0,0,0,0,0
243443,26,Biological Sciences/LifeSciences,363,130,233,0,0,0,0,0,0,0,0,0,363,130,233,0,0,0,0,0,0,0,0,0,0,0,0,0,0,0
243443,27,Mathematics,5,2,3,0,0,0,0,0,0,0,0,0,5,2,3,0,0,0,0,0,0,0,0,0,0,0,0,0,0,0
243443,40,Physical Sciences,28,10,18,0,0,0,0,0,0,0,0,0,28,10,18,0,0,0,0,0,0,0,0,0,0,0,0,0,0,0
243443,52,Business Management and Administrative Services,603,293,310,0,0,0,0,0,0,0,0,0,603,293,310,0,0,0,0,0,0,0,0,0,0,0,0,0,0,0
243568,26,Biological Sciences/LifeSciences,131,33,98,0,0,0,0,0,0,0,0,0,98,23,75,0,0,0,0,0,0,0,0,0,33,10,23,0,0,0
243577,13,Education,2,2,0,0,0,0,0,0,0,0,0,0,2,2,0,0,0,0,0,0,0,0,0,0,0,0,0,0,0,0
243577,14,Engineering,2703,2228,475,0,0,0,0,0,0,2,2,0,2692,2219,473,0,0,0,6,4,2,0,0,0,3,3,0,0,0,0
243577,52,Business Management and Administrative Services,123,95,28,0,0,0,1,1,0,0,0,0,122,94,28,0,0,0,0,0,0,0,0,0,0,0,0,0,0,0
243586,13,Education,75,22,53,0,0,0,0,0,0,0,0,0,75,22,53,0,0,0,0,0,0,0,0,0,0,0,0,0,0,0
243586,26,Biological Sciences/LifeSciences,182,70,112,0,0,0,0,0,0,0,0,0,179,70,109,0,0,0,0,0,0,0,0,0,3,0,3,0,0,0
243586,52,Business Management and Administrative Services,471,241,230,0,0,0,0,0,0,0,0,0,468,238,230,0,0,0,0,0,0,0,0,0,2,2,0,1,1,0
243601,13,Education,877,216,661,0,0,0,0,0,0,0,0,0,877,216,661,0,0,0,0,0,0,0,0,0,0,0,0,0,0,0
243601,14,Engineering,775,705,70,0,0,0,0,0,0,0,0,0,775,705,70,0,0,0,0,0,0,0,0,0,0,0,0,0,0,0
243601,26,Biological Sciences/LifeSciences,672,249,423,0,0,0,0,0,0,0,0,0,672,249,423,0,0,0,0,0,0,0,0,0,0,0,0,0,0,0
243601,40,Physical Sciences,104,52,52,0,0,0,0,0,0,0,0,0,104,52,52,0,0,0,0,0,0,0,0,0,0,0,0,0,0,0
243601,52,Business Management and Administrative Services,2156,937,1219,0,0,0,0,0,0,0,0,0,2156,937,1219,0,0,0,0,0,0,0,0,0,0,0,0,0,0,0
243665,13,Education,135,12,123,0,0,0,1,0,1,83,9,74,16,1,15,0,0,0,6,1,5,0,0,0,18,1,17,11,0,11
243665,26,Biological Sciences/LifeSciences,213,68,145,0,0,0,3,2,1,140,41,99,18,8,10,0,0,0,25,12,13,5,2,3,8,2,6,14,1,13
243665,27,Mathematics,114,82,32,0,0,0,2,1,1,80,57,23,12,10,2,0,0,0,6,5,1,1,1,0,8,6,2,5,2,3
243665,40,Physical Sciences,10,1,9,0,0,0,0,0,0,5,1,4,1,0,1,0,0,0,0,0,0,0,0,0,2,0,2,2,0,2
243665,52,Business Management and Administrative Services,556,194,362,1,1,0,3,3,0,411,142,269,38,12,26,0,0,0,14,8,6,1,0,1,40,17,23,48,11,37
243744,14,Engineering,718,427,291,6,5,1,135,76,59,41,25,16,137,83,54,2,1,1,253,149,104,88,47,41,5,5,0,51,36,15
243744,26,Biological Sciences/LifeSciences,138,58,80,3,1,2,39,16,23,7,2,5,19,11,8,0,0,0,43,17,26,18,6,12,0,0,0,9,5,4
243744,27,Mathematics,138,100,38,0,0,0,36,25,11,3,2,1,17,14,3,0,0,0,49,35,14,8,6,2,0,0,0,25,18,7
243744,40,Physical Sciences,193,98,95,3,2,1,31,16,15,8,4,4,24,14,10,1,1,0,79,34,45,32,13,19,0,0,0,15,14,1
243780,13,Education,1206,317,889,3,1,2,34,14,20,48,24,24,66,17,49,1,1,0,973,227,746,19,5,14,20,9,11,42,19,23
243780,14,Engineering,8705,6568,2137,7,6,1,778,583,195,144,99,45,369,286,83,11,8,3,4907,3645,1262,228,159,69,289,208,81,1972,1574,398
243780,26,Biological Sciences/LifeSciences,1095,427,668,2,1,1,96,44,52,56,15,41,55,23,32,0,0,0,730,277,453,31,10,21,37,13,24,88,44,44
243780,27,Mathematics,387,245,142,0,0,0,25,17,8,8,4,4,12,8,4,0,0,0,141,89,52,7,2,5,16,10,6,178,115,63
243780,40,Physical Sciences,638,434,204,0,0,0,35,19,16,13,6,7,27,16,11,0,0,0,405,278,127,17,12,5,17,14,3,124,89,35
243780,52,Business Management and Administrative Services,3625,1900,1725,4,1,3,190,110,80,115,71,44,137,71,66,3,2,1,2122,1172,950,69,30,39,75,48,27,910,395,515
243823,26,Biological Sciences/LifeSciences,9,5,4,0,0,0,0,0,0,3,1,2,2,1,1,0,0,0,4,3,1,0,0,0,0,0,0,0,0,0
243823,52,Business Management and Administrative Services,20,4,16,0,0,0,0,0,0,10,0,10,4,2,2,2,2,0,4,0,4,0,0,0,0,0,0,0,0,0
243832,26,Biological Sciences/LifeSciences,23,6,17,0,0,0,0,0,0,0,0,0,23,6,17,0,0,0,0,0,0,0,0,0,0,0,0,0,0,0
243832,52,Business Management and Administrative Services,180,61,119,0,0,0,0,0,0,0,0,0,180,61,119,0,0,0,0,0,0,0,0,0,0,0,0,0,0,0
244233,52,Business Management and Administrative Services,190,52,138,0,0,0,3,1,2,123,29,94,33,6,27,0,0,0,23,12,11,8,4,4,0,0,0,0,0,0
245838,13,Education,3,1,2,0,0,0,0,0,0,0,0,0,0,0,0,0,0,0,0,0,0,1,0,1,2,1,1,0,0,0
245892,13,Education,8,2,6,0,0,0,0,0,0,0,0,0,1,0,1,0,0,0,6,1,5,0,0,0,1,1,0,0,0,0
245892,52,Business Management and Administrative Services,9,1,8,0,0,0,0,0,0,1,0,1,0,0,0,0,0,0,8,1,7,0,0,0,0,0,0,0,0,0
245953,13,Education,63,12,51,3,0,3,2,1,1,4,1,3,2,0,2,0,0,0,48,9,39,3,0,3,0,0,0,1,1,0
245953,26,Biological Sciences/LifeSciences,1,0,1,0,0,0,0,0,0,0,0,0,0,0,0,0,0,0,1,0,1,0,0,0,0,0,0,0,0,0
245953,27,Mathematics,6,3,3,1,0,1,0,0,0,0,0,0,0,0,0,0,0,0,4,3,1,1,0,1,0,0,0,0,0,0
245953,40,Physical Sciences,2,2,0,0,0,0,0,0,0,0,0,0,0,0,0,0,0,0,2,2,0,0,0,0,0,0,0,0,0,0
245953,52,Business Management and Administrative Services,635,295,340,27,10,17,3,2,1,129,58,71,48,26,22,0,0,0,362,164,198,31,15,16,29,14,15,6,6,0
245962,52,Business Management and Administrative Services,4,2,2,1,0,1,0,0,0,1,1,0,0,0,0,0,0,0,2,1,1,0,0,0,0,0,0,0,0,0
247065,52,Business Management and Administrative Services,68,25,43,0,0,0,0,0,0,10,2,8,1,1,0,0,0,0,55,20,35,0,0,0,2,2,0,0,0,0
247649,26,Biological Sciences/LifeSciences,17,12,5,0,0,0,0,0,0,1,1,0,2,1,1,0,0,0,11,7,4,0,0,0,2,2,0,1,1,0
247649,52,Business Management and Administrative Services,18,17,1,0,0,0,1,1,0,0,0,0,0,0,0,0,0,0,14,13,1,0,0,0,2,2,0,1,1,0
247700,52,Business Management and Administrative Services,314,71,243,3,0,3,3,3,0,88,16,72,14,5,9,2,0,2,186,42,144,3,0,3,15,5,10,0,0,0
248882,52,Business Management and Administrative Services,229,69,160,20,6,14,3,2,1,18,9,9,93,30,63,1,0,1,78,18,60,5,1,4,11,3,8,0,0,0
248934,52,Business Management and Administrative Services,966,428,538,11,5,6,27,15,12,403,162,241,70,30,40,5,2,3,423,204,219,19,6,13,8,4,4,0,0,0
251312,52,Business Management and Administrative Services,69,32,37,0,0,0,0,0,0,58,25,33,0,0,0,0,0,0,6,5,1,0,0,0,3,1,2,2,1,1
260293,52,Business Management and Administrative Services,27,7,20,0,0,0,0,0,0,15,4,11,0,0,0,0,0,0,11,2,9,0,0,0,1,1,0,0,0,0
260789,52,Business Management and Administrative Services,13,8,5,0,0,0,0,0,0,2,2,0,10,5,5,0,0,0,0,0,0,1,1,0,0,0,0,0,0,0
260901,13,Education,1437,74,1363,11,0,11,15,0,15,591,35,556,170,10,160,5,0,5,558,19,539,26,1,25,57,9,48,4,0,4
260901,52,Business Management and Administrative Services,6232,2020,4212,45,18,27,87,31,56,2018,581,1437,621,226,395,31,15,16,2947,978,1969,162,42,120,276,113,163,45,16,29
260910,13,Education,4,0,4,0,0,0,0,0,0,0,0,0,0,0,0,0,0,0,4,0,4,0,0,0,0,0,0,0,0,0
260910,52,Business Management and Administrative Services,46,12,34,0,0,0,0,0,0,5,3,2,1,0,1,0,0,0,37,9,28,0,0,0,3,0,3,0,0,0
262086,13,Education,172,5,167,1,0,1,6,0,6,15,1,14,52,2,50,1,0,1,77,1,76,4,1,3,16,0,16,0,0,0
262086,52,Business Management and Administrative Services,1189,607,582,11,4,7,55,28,27,116,79,37,265,117,148,22,14,8,595,299,296,55,29,26,70,37,33,0,0,0
363439,52,Business Management and Administrative Services,67,30,37,0,0,0,0,0,0,14,8,6,2,1,1,0,0,0,42,17,25,5,2,3,4,2,2,0,0,0
363907,13,Education,64,36,28,0,0,0,0,0,0,0,0,0,64,36,28,0,0,0,0,0,0,0,0,0,0,0,0,0,0,0
363907,14,Engineering,240,194,46,0,0,0,0,0,0,0,0,0,240,194,46,0,0,0,0,0,0,0,0,0,0,0,0,0,0,0
363907,52,Business Management and Administrative Services,64,32,32,0,0,0,0,0,0,0,0,0,64,32,32,0,0,0,0,0,0,0,0,0,0,0,0,0,0,0
363916,13,Education,17,6,11,0,0,0,0,0,0,0,0,0,17,6,11,0,0,0,0,0,0,0,0,0,0,0,0,0,0,0
363916,52,Business Management and Administrative Services,56,29,27,0,0,0,0,0,0,0,0,0,56,29,27,0,0,0,0,0,0,0,0,0,0,0,0,0,0,0
366003,52,Business Management and Administrative Services,9,3,6,0,0,0,0,0,0,2,1,1,1,0,1,0,0,0,2,1,1,0,0,0,1,0,1,3,1,2
366252,52,Business Management and Administrative Services,344,197,147,1,0,1,4,4,0,20,12,8,12,5,7,1,1,0,296,169,127,8,5,3,1,0,1,1,1,0
366553,13,Education,28,3,25,0,0,0,0,0,0,7,1,6,9,1,8,0,0,0,9,1,8,3,0,3,0,0,0,0,0,0
366553,52,Business Management and Administrative Services,98,43,55,0,0,0,1,0,1,33,13,20,21,7,14,0,0,0,33,18,15,9,5,4,1,0,1,0,0,0
366711,13,Education,145,14,131,0,0,0,11,2,9,4,0,4,71,7,64,0,0,0,36,2,34,10,0,10,7,1,6,6,2,4
366711,26,Biological Sciences/LifeSciences,1189,434,755,3,1,2,172,70,102,35,13,22,482,159,323,1,0,1,307,126,181,67,19,48,56,22,34,66,24,42
366711,27,Mathematics,148,72,76,0,0,0,8,3,5,4,2,2,62,29,33,1,1,0,48,26,22,5,1,4,8,6,2,12,4,8
366711,40,Physical Sciences,167,112,55,0,0,0,16,9,7,6,5,1,74,49,25,0,0,0,51,38,13,6,5,1,9,4,5,5,2,3
366711,52,Business Management and Administrative Services,2281,1271,1010,6,4,2,232,106,126,81,54,27,794,402,392,3,3,0,764,478,286,120,60,60,144,88,56,137,76,61
366748,52,Business Management and Administrative Services,164,65,99,0,0,0,17,10,7,12,9,3,10,8,2,104,25,79,18,11,7,0,0,0,3,2,1,0,0,0
367024,13,Education,8,0,8,0,0,0,0,0,0,0,0,0,0,0,0,0,0,0,7,0,7,0,0,0,1,0,1,0,0,0
367024,52,Business Management and Administrative Services,142,58,84,2,1,1,1,1,0,6,2,4,10,3,7,0,0,0,102,42,60,2,2,0,19,7,12,0,0,0
367839,52,Business Management and Administrative Services,78,34,44,0,0,0,2,1,1,1,1,0,16,7,9,0,0,0,2,0,2,0,0,0,2,1,1,55,24,31
367884,52,Business Management and Administrative Services,321,125,196,2,1,1,8,4,4,40,19,21,141,48,93,0,0,0,124,51,73,0,0,0,6,2,4,0,0,0
367936,52,Business Management and Administrative Services,117,37,80,0,0,0,0,0,0,106,32,74,5,2,3,1,1,0,3,1,2,0,0,0,2,1,1,0,0,0
368443,52,Business Management and Administrative Services,219,101,118,2,0,2,0,0,0,117,61,56,12,7,5,1,1,0,73,26,47,10,2,8,4,4,0,0,0,0
369516,52,Business Management and Administrative Services,115,60,55,1,0,1,6,3,3,21,11,10,10,5,5,2,2,0,71,37,34,4,2,2,0,0,0,0,0,0
369905,52,Business Management and Administrative Services,46,17,29,0,0,0,1,0,1,20,4,16,2,1,1,1,1,0,22,11,11,0,0,0,0,0,0,0,0,0
372073,52,Business Management and Administrative Services,29,6,23,0,0,0,0,0,0,10,3,7,12,1,11,0,0,0,4,0,4,1,0,1,2,2,0,0,0,0
372958,52,Business Management and Administrative Services,90,44,46,0,0,0,37,17,20,7,5,2,11,7,4,18,6,12,5,4,1,12,5,7,0,0,0,0,0,0
374972,52,Business Management and Administrative Services,195,62,133,4,0,4,0,0,0,32,9,23,9,3,6,0,0,0,146,50,96,4,0,4,0,0,0,0,0,0
375489,52,Business Management and Administrative Services,6,3,3,0,0,0,1,0,1,0,0,0,0,0,0,0,0,0,5,3,2,0,0,0,0,0,0,0,0,0
377342,52,Business Management and Administrative Services,190,53,137,2,1,1,0,0,0,66,18,48,52,17,35,0,0,0,48,14,34,8,0,8,14,3,11,0,0,0
377555,13,Education,133,16,117,0,0,0,16,4,12,7,0,7,13,3,10,1,0,1,84,8,76,5,1,4,3,0,3,4,0,4
377555,14,Engineering,292,247,45,1,1,0,83,71,12,17,16,1,17,12,5,3,3,0,110,95,15,13,12,1,7,4,3,41,33,8
377555,26,Biological Sciences/LifeSciences,238,92,146,0,0,0,75,26,49,11,4,7,18,6,12,3,2,1,98,41,57,11,6,5,5,4,1,17,3,14
377555,27,Mathematics,83,63,20,0,0,0,16,11,5,2,2,0,6,4,2,0,0,0,35,30,5,3,1,2,2,2,0,19,13,6
377555,40,Physical Sciences,29,18,11,0,0,0,2,1,1,0,0,0,2,0,2,0,0,0,15,11,4,4,2,2,0,0,0,6,4,2
377555,52,Business Management and Administrative Services,807,450,357,2,2,0,227,120,107,33,18,15,49,27,22,4,2,2,311,188,123,36,18,18,10,6,4,135,69,66
377564,26,Biological Sciences/LifeSciences,89,35,54,1,0,1,18,7,11,6,4,2,17,4,13,1,1,0,30,10,20,13,6,7,2,2,0,1,1,0
377564,27,Mathematics,51,30,21,1,1,0,9,5,4,2,1,1,6,4,2,1,1,0,20,12,8,7,2,5,0,0,0,5,4,1
377564,52,Business Management and Administrative Services,533,266,267,4,1,3,111,45,66,23,8,15,53,31,22,10,2,8,231,126,105,53,28,25,8,6,2,40,19,21
380377,13,Education,33,3,30,28,2,26,0,0,0,0,0,0,3,0,3,0,0,0,1,0,1,1,1,0,0,0,0,0,0,0
380377,40,Physical Sciences,7,2,5,6,2,4,0,0,0,0,0,0,0,0,0,0,0,0,0,0,0,1,0,1,0,0,0,0,0,0
380377,52,Business Management and Administrative Services,131,46,85,114,40,74,0,0,0,2,1,1,5,0,5,0,0,0,1,1,0,8,4,4,0,0,0,1,0,1
380438,52,Business Management and Administrative Services,33,19,14,2,1,1,0,0,0,0,0,0,10,4,6,0,0,0,13,7,6,0,0,0,8,7,1,0,0,0
380465,13,Education,7,0,7,0,0,0,0,0,0,0,0,0,1,0,1,0,0,0,3,0,3,0,0,0,3,0,3,0,0,0
380465,52,Business Management and Administrative Services,171,127,44,2,2,0,1,1,0,1,1,0,15,12,3,1,0,1,44,32,12,1,0,1,103,77,26,3,2,1
382063,52,Business Management and Administrative Services,106,63,43,0,0,0,0,0,0,0,0,0,64,33,31,0,0,0,0,0,0,0,0,0,42,30,12,0,0,0
384254,52,Business Management and Administrative Services,66,47,19,0,0,0,3,3,0,13,8,5,0,0,0,0,0,0,46,32,14,2,2,0,0,0,0,2,2,0
384412,52,Business Management and Administrative Services,85,52,33,1,0,1,2,2,0,49,27,22,2,1,1,1,1,0,12,11,1,5,2,3,3,2,1,10,6,4
385619,52,Business Management and Administrative Services,586,457,129,6,4,2,7,4,3,104,79,25,88,65,23,3,1,2,334,267,67,13,9,4,31,28,3,0,0,0
386472,52,Business Management and Administrative Services,18,4,14,0,0,0,0,0,0,7,2,5,1,1,0,0,0,0,8,1,7,1,0,1,1,0,1,0,0,0
388520,52,Business Management and Administrative Services,49,26,23,0,0,0,1,1,0,27,13,14,13,8,5,0,0,0,6,3,3,0,0,0,2,1,1,0,0,0
390701,13,Education,1,1,0,0,0,0,0,0,0,0,0,0,0,0,0,0,0,0,1,1,0,0,0,0,0,0,0,0,0,0
390701,52,Business Management and Administrative Services,2224,447,1777,14,1,13,8,2,6,1182,250,932,84,28,56,9,4,5,684,117,567,81,12,69,162,33,129,0,0,0
398130,52,Business Management and Administrative Services,63,32,31,0,0,0,6,2,4,2,1,1,26,11,15,1,1,0,4,2,2,3,0,3,6,4,2,15,11,4
399869,14,Engineering,326,311,15,1,1,0,49,43,6,21,20,1,154,149,5,11,11,0,75,72,3,7,7,0,8,8,0,0,0,0
404338,52,Business Management and Administrative Services,59,31,28,0,0,0,5,2,3,17,8,9,6,4,2,0,0,0,14,9,5,1,1,0,13,5,8,3,2,1
404806,52,Business Management and Administrative Services,1,0,1,0,0,0,0,0,0,0,0,0,1,0,1,0,0,0,0,0,0,0,0,0,0,0,0,0,0,0
405997,13,Education,20,5,15,0,0,0,0,0,0,0,0,0,7,2,5,0,0,0,1,1,0,0,0,0,11,2,9,1,0,1
405997,52,Business Management and Administrative Services,208,106,102,2,1,1,1,0,1,5,1,4,63,33,30,0,0,0,9,4,5,0,0,0,120,64,56,8,3,5
406547,52,Business Management and Administrative Services,37,15,22,0,0,0,0,0,0,26,11,15,0,0,0,0,0,0,10,3,7,1,1,0,0,0,0,0,0,0
407009,13,Education,354,88,266,8,0,8,7,2,5,9,2,7,131,25,106,1,0,1,182,53,129,7,3,4,4,1,3,5,2,3
407009,26,Biological Sciences/LifeSciences,377,152,225,7,3,4,43,23,20,25,9,16,101,39,62,1,1,0,182,71,111,10,2,8,3,1,2,5,3,2
407009,27,Mathematics,62,42,20,0,0,0,4,4,0,4,2,2,13,7,6,0,0,0,33,22,11,2,2,0,0,0,0,6,5,1
407009,40,Physical Sciences,201,48,153,1,0,1,11,4,7,8,2,6,67,16,51,0,0,0,107,24,83,6,2,4,0,0,0,1,0,1
407009,52,Business Management and Administrative Services,710,410,300,7,6,1,60,36,24,25,12,13,205,110,95,2,2,0,274,156,118,26,14,12,6,2,4,105,72,33
408039,52,Business Management and Administrative Services,13,5,8,0,0,0,0,0,0,5,1,4,1,1,0,0,0,0,7,3,4,0,0,0,0,0,0,0,0,0
408844,13,Education,8,2,6,0,0,0,0,0,0,0,0,0,8,2,6,0,0,0,0,0,0,0,0,0,0,0,0,0,0,0
408844,52,Business Management and Administrative Services,376,168,208,1,1,0,0,0,0,18,15,3,297,101,196,0,0,0,8,5,3,1,0,1,1,1,0,50,45,5
409315,13,Education,1965,279,1686,2,0,2,2,1,1,2,1,1,1906,269,1637,0,0,0,32,6,26,0,0,0,21,2,19,0,0,0
409315,14,Engineering,1450,1190,260,0,0,0,15,10,5,1,1,0,1362,1122,240,1,1,0,42,35,7,4,3,1,24,17,7,1,1,0
409315,26,Biological Sciences/LifeSciences,1954,661,1293,2,1,1,33,8,25,6,4,2,1834,619,1215,0,0,0,53,18,35,7,4,3,18,6,12,1,1,0
409315,27,Mathematics,250,127,123,0,0,0,0,0,0,1,0,1,244,124,120,0,0,0,4,3,1,0,0,0,1,0,1,0,0,0
409315,40,Physical Sciences,188,106,82,0,0,0,4,2,2,0,0,0,173,101,72,0,0,0,7,2,5,1,0,1,3,1,2,0,0,0
409315,52,Business Management and Administrative Services,3084,1382,1702,2,2,0,20,15,5,9,4,5,2900,1297,1603,1,0,1,100,47,53,4,1,3,47,16,31,1,0,1
409698,13,Education,9,3,6,0,0,0,1,1,0,0,0,0,7,2,5,0,0,0,0,0,0,0,0,0,1,0,1,0,0,0
409698,26,Biological Sciences/LifeSciences,579,163,416,0,0,0,39,13,26,49,10,39,242,67,175,0,0,0,166,52,114,41,7,34,25,11,14,17,3,14
409698,27,Mathematics,104,54,50,1,1,0,1,0,1,5,3,2,57,28,29,0,0,0,22,12,10,6,5,1,7,3,4,5,2,3
409698,52,Business Management and Administrative Services,941,470,471,0,0,0,48,21,27,44,19,25,381,191,190,3,2,1,304,157,147,57,29,28,50,22,28,54,29,25
410502,52,Business Management and Administrative Services,98,19,79,0,0,0,4,0,4,23,7,16,35,6,29,1,0,1,16,3,13,0,0,0,9,2,7,10,1,9
412599,52,Business Management and Administrative Services,46,21,25,0,0,0,0,0,0,43,20,23,1,0,1,0,0,0,0,0,0,2,1,1,0,0,0,0,0,0
413413,52,Business Management and Administrative Services,3304,1033,2271,12,3,9,55,21,34,762,184,578,281,87,194,15,3,12,1467,513,954,79,21,58,623,197,426,10,4,6
413617,13,Education,63,4,59,47,2,45,0,0,0,0,0,0,3,0,3,0,0,0,13,2,11,0,0,0,0,0,0,0,0,0
413617,14,Engineering,7,7,0,6,6,0,0,0,0,0,0,0,0,0,0,0,0,0,1,1,0,0,0,0,0,0,0,0,0,0
413617,26,Biological Sciences/LifeSciences,21,1,20,13,1,12,2,0,2,0,0,0,0,0,0,0,0,0,5,0,5,0,0,0,1,0,1,0,0,0
413617,52,Business Management and Administrative Services,13,4,9,11,4,7,0,0,0,0,0,0,0,0,0,0,0,0,2,0,2,0,0,0,0,0,0,0,0,0
414823,52,Business Management and Administrative Services,538,211,327,2,1,1,2,1,1,196,66,130,112,36,76,0,0,0,90,37,53,37,11,26,18,6,12,81,53,28
414878,52,Business Management and Administrative Services,227,82,145,0,0,0,1,0,1,8,3,5,7,2,5,0,0,0,200,72,128,4,2,2,6,3,3,1,0,1
417318,13,Education,10,2,8,0,0,0,0,0,0,0,0,0,10,2,8,0,0,0,0,0,0,0,0,0,0,0,0,0,0,0
417752,52,Business Management and Administrative Services,10,3,7,0,0,0,0,0,0,0,0,0,1,0,1,0,0,0,9,3,6,0,0,0,0,0,0,0,0,0
419457,52,Business Management and Administrative Services,15,8,7,0,0,0,2,1,1,10,7,3,2,0,2,0,0,0,1,0,1,0,0,0,0,0,0,0,0,0
420006,52,Business Management and Administrative Services,10,4,6,1,1,0,0,0,0,0,0,0,1,0,1,1,1,0,7,2,5,0,0,0,0,0,0,0,0,0
420042,13,Education,4,0,4,0,0,0,0,0,0,0,0,0,0,0,0,0,0,0,0,0,0,0,0,0,4,0,4,0,0,0
420042,52,Business Management and Administrative Services,454,308,146,1,1,0,24,13,11,19,16,3,29,20,9,25,14,11,23,18,5,19,9,10,313,217,96,1,0,1
420307,52,Business Management and Administrative Services,306,74,232,0,0,0,0,0,0,94,22,72,2,2,0,0,0,0,19,11,8,3,0,3,187,39,148,1,0,1
420316,52,Business Management and Administrative Services,45,15,30,0,0,0,0,0,0,28,12,16,2,0,2,0,0,0,8,2,6,1,0,1,6,1,5,0,0,0
420574,13,Education,195,63,132,4,0,4,3,2,1,4,1,3,47,17,30,0,0,0,124,38,86,8,4,4,3,0,3,2,1,1
420574,14,Engineering,1475,1290,185,18,16,2,78,66,12,51,41,10,288,231,57,7,5,2,803,722,81,79,70,9,12,9,3,139,130,9
420574,26,Biological Sciences/LifeSciences,420,143,277,5,2,3,28,8,20,21,6,15,103,21,82,1,1,0,232,94,138,21,7,14,3,1,2,6,3,3
420574,27,Mathematics,9,6,3,0,0,0,0,0,0,1,0,1,2,2,0,0,0,0,6,4,2,0,0,0,0,0,0,0,0,0
420574,52,Business Management and Administrative Services,541,328,213,7,3,4,27,15,12,31,18,13,118,61,57,2,1,1,246,158,88,21,13,8,3,1,2,86,58,28
420866,52,Business Management and Administrative Services,18,4,14,1,1,0,2,0,2,9,2,7,1,0,1,0,0,0,5,1,4,0,0,0,0,0,0,0,0,0
426314,14,Engineering,129,113,16,1,0,1,5,4,1,9,9,0,9,6,3,0,0,0,78,73,5,16,11,5,10,9,1,1,1,0
426314,52,Business Management and Administrative Services,2900,2426,474,11,8,3,100,81,19,269,224,45,178,149,29,32,21,11,1619,1381,238,175,145,30,478,394,84,38,23,15
428259,27,Mathematics,2,2,0,0,0,0,0,0,0,0,0,0,0,0,0,0,0,0,2,2,0,0,0,0,0,0,0,0,0,0
428259,52,Business Management and Administrative Services,85,26,59,0,0,0,1,0,1,7,2,5,0,0,0,0,0,0,59,15,44,0,0,0,18,9,9,0,0,0
428268,52,Business Management and Administrative Services,34,14,20,0,0,0,1,1,0,15,5,10,7,3,4,0,0,0,11,5,6,0,0,0,0,0,0,0,0,0
428286,52,Business Management and Administrative Services,42,8,34,1,1,0,2,0,2,5,1,4,11,1,10,0,0,0,19,3,16,0,0,0,3,1,2,1,1,0
428444,52,Business Management and Administrative Services,45,11,34,2,0,2,0,0,0,7,2,5,19,4,15,0,0,0,7,2,5,0,0,0,9,3,6,1,0,1
430184,52,Business Management and Administrative Services,1957,464,1493,11,2,9,11,3,8,1480,327,1153,108,31,77,1,0,1,212,65,147,65,15,50,58,19,39,11,2,9
430704,52,Business Management and Administrative Services,14,7,7,0,0,0,5,2,3,2,2,0,0,0,0,0,0,0,0,0,0,0,0,0,7,3,4,0,0,0
432223,52,Business Management and Administrative Services,158,91,67,0,0,0,2,0,2,15,7,8,7,2,5,4,3,1,21,8,13,2,2,0,105,68,37,2,1,1
432241,52,Business Management and Administrative Services,43,22,21,0,0,0,1,1,0,1,1,0,6,1,5,1,1,0,11,8,3,0,0,0,23,10,13,0,0,0
432384,52,Business Management and Administrative Services,21,10,11,0,0,0,2,1,1,4,1,3,15,8,7,0,0,0,0,0,0,0,0,0,0,0,0,0,0,0
432533,52,Business Management and Administrative Services,20,2,18,0,0,0,2,0,2,4,0,4,4,0,4,0,0,0,2,1,1,0,0,0,3,1,2,5,0,5
433387,13,Education,11999,1997,10002,78,18,60,153,24,129,781,161,620,1049,165,884,47,10,37,9259,1470,7789,357,84,273,266,63,203,9,2,7
433387,52,Business Management and Administrative Services,21358,9306,12052,158,68,90,590,266,324,1943,701,1242,1952,889,1063,138,57,81,15359,6797,8562,702,273,429,496,245,251,20,10,10
433420,52,Business Management and Administrative Services,72,18,54,0,0,0,2,1,1,4,2,2,48,9,39,0,0,0,13,2,11,1,1,0,1,0,1,3,3,0
433536,52,Business Management and Administrative Services,95,21,74,0,0,0,0,0,0,57,16,41,4,1,3,0,0,0,23,4,19,1,0,1,10,0,10,0,0,0
433660,13,Education,831,130,701,3,1,2,2,0,2,47,3,44,140,24,116,0,0,0,606,92,514,18,7,11,9,2,7,6,1,5
433660,14,Engineering,909,723,186,4,2,2,30,25,5,51,45,6,201,154,47,1,0,1,538,442,96,25,12,13,22,19,3,37,24,13
433660,26,Biological Sciences/LifeSciences,1025,379,646,3,1,2,26,9,17,103,40,63,264,94,170,2,1,1,557,211,346,33,12,21,12,4,8,25,7,18
433660,27,Mathematics,63,40,23,0,0,0,1,0,1,7,3,4,11,7,4,0,0,0,42,28,14,0,0,0,1,1,0,1,1,0
433660,40,Physical Sciences,63,40,23,0,0,0,1,1,0,5,1,4,18,12,6,0,0,0,35,23,12,2,1,1,2,2,0,0,0,0
433660,52,Business Management and Administrative Services,3855,2357,1498,4,3,1,53,23,30,197,117,80,649,378,271,3,3,0,2709,1683,1026,95,57,38,56,36,20,89,57,32
434539,52,Business Management and Administrative Services,60,34,26,1,1,0,0,0,0,31,19,12,28,14,14,0,0,0,0,0,0,0,0,0,0,0,0,0,0,0
434900,13,Education,100,0,100,0,0,0,0,0,0,0,0,0,100,0,100,0,0,0,0,0,0,0,0,0,0,0,0,0,0,0
434900,52,Business Management and Administrative Services,53,14,39,0,0,0,0,0,0,0,0,0,53,14,39,0,0,0,0,0,0,0,0,0,0,0,0,0,0,0
434973,52,Business Management and Administrative Services,82,41,41,1,0,1,1,0,1,18,10,8,1,1,0,0,0,0,5,4,1,1,0,1,52,24,28,3,2,1
436094,52,Business Management and Administrative Services,29,12,17,2,1,1,0,0,0,10,4,6,3,2,1,0,0,0,14,5,9,0,0,0,0,0,0,0,0,0
436191,52,Business Management and Administrative Services,1,0,1,0,0,0,0,0,0,0,0,0,0,0,0,0,0,0,0,0,0,0,0,0,1,0,1,0,0,0
436438,52,Business Management and Administrative Services,37,18,19,0,0,0,1,1,0,5,3,2,18,7,11,0,0,0,9,4,5,0,0,0,1,1,0,3,2,1
436483,52,Business Management and Administrative Services,228,60,168,3,0,3,14,5,9,88,20,68,11,4,7,0,0,0,92,27,65,5,1,4,14,3,11,1,0,1
436614,13,Education,23,2,21,0,0,0,0,0,0,0,0,0,2,1,1,0,0,0,21,1,20,0,0,0,0,0,0,0,0,0
436614,52,Business Management and Administrative Services,6,5,1,0,0,0,0,0,0,0,0,0,1,1,0,1,0,1,4,4,0,0,0,0,0,0,0,0,0,0
436818,14,Engineering,20,14,6,0,0,0,7,5,2,3,0,3,1,1,0,0,0,0,9,8,1,0,0,0,0,0,0,0,0,0
436818,26,Biological Sciences/LifeSciences,235,87,148,2,1,1,38,12,26,36,11,25,40,12,28,0,0,0,91,36,55,10,5,5,11,6,5,7,4,3
436818,27,Mathematics,23,13,10,0,0,0,4,3,1,2,0,2,4,1,3,0,0,0,11,8,3,0,0,0,0,0,0,2,1,1
436818,40,Physical Sciences,29,16,13,0,0,0,4,1,3,4,2,2,3,1,2,0,0,0,17,11,6,1,1,0,0,0,0,0,0,0
436818,52,Business Management and Administrative Services,150,89,61,0,0,0,21,15,6,8,6,2,18,8,10,0,0,0,91,53,38,5,2,3,4,2,2,3,3,0
436827,14,Engineering,20,19,1,0,0,0,1,1,0,0,0,0,0,0,0,0,0,0,16,15,1,1,1,0,2,2,0,0,0,0
436827,26,Biological Sciences/LifeSciences,100,36,64,0,0,0,3,2,1,6,2,4,7,3,4,0,0,0,73,23,50,4,3,1,7,3,4,0,0,0
436827,27,Mathematics,5,3,2,0,0,0,0,0,0,0,0,0,0,0,0,0,0,0,4,2,2,1,1,0,0,0,0,0,0,0
436827,40,Physical Sciences,14,9,5,0,0,0,2,1,1,2,1,1,0,0,0,0,0,0,10,7,3,0,0,0,0,0,0,0,0,0
436827,52,Business Management and Administrative Services,10,8,2,0,0,0,1,1,0,1,1,0,2,2,0,0,0,0,6,4,2,0,0,0,0,0,0,0,0,0
436836,14,Engineering,19,12,7,0,0,0,4,4,0,3,1,2,4,3,1,0,0,0,6,3,3,1,0,1,0,0,0,1,1,0
436836,26,Biological Sciences/LifeSciences,61,17,44,0,0,0,12,3,9,11,2,9,13,6,7,0,0,0,21,5,16,0,0,0,0,0,0,4,1,3
436836,27,Mathematics,10,6,4,0,0,0,3,1,2,0,0,0,0,0,0,0,0,0,1,1,0,0,0,0,0,0,0,6,4,2
436836,40,Physical Sciences,11,6,5,0,0,0,1,1,0,0,0,0,3,1,2,0,0,0,4,3,1,0,0,0,1,1,0,2,0,2
436836,52,Business Management and Administrative Services,181,95,86,0,0,0,26,18,8,11,4,7,45,19,26,0,0,0,74,41,33,2,2,0,6,3,3,17,8,9
437097,52,Business Management and Administrative Services,453,275,178,1,1,0,166,80,86,55,37,18,13,9,4,6,3,3,83,63,20,6,5,1,123,77,46,0,0,0
437325,52,Business Management and Administrative Services,73,21,52,0,0,0,2,0,2,0,0,0,4,1,3,0,0,0,36,13,23,6,2,4,25,5,20,0,0,0
438151,52,Business Management and Administrative Services,67,25,42,2,0,2,0,0,0,6,3,3,10,2,8,2,1,1,39,17,22,7,2,5,1,0,1,0,0,0
438179,52,Business Management and Administrative Services,42,30,12,3,3,0,0,0,0,7,6,1,18,12,6,0,0,0,13,9,4,1,0,1,0,0,0,0,0,0
438498,52,Business Management and Administrative Services,591,253,338,16,3,13,29,11,18,324,129,195,37,15,22,2,1,1,129,68,61,8,5,3,46,21,25,0,0,0
438586,52,Business Management and Administrative Services,1017,251,766,5,3,2,6,2,4,647,176,471,18,5,13,0,0,0,119,39,80,34,6,28,186,19,167,2,1,1
439057,52,Business Management and Administrative Services,12,5,7,0,0,0,0,0,0,3,2,1,2,0,2,0,0,0,7,3,4,0,0,0,0,0,0,0,0,0
439288,52,Business Management and Administrative Services,201,90,111,1,0,1,6,2,4,18,8,10,45,20,25,0,0,0,106,48,58,10,3,7,10,6,4,5,3,2
439297,52,Business Management and Administrative Services,67,21,46,0,0,0,0,0,0,21,2,19,1,0,1,0,0,0,11,7,4,0,0,0,34,12,22,0,0,0
439446,26,Biological Sciences/LifeSciences,39,16,23,0,0,0,5,2,3,1,1,0,16,5,11,0,0,0,17,8,9,0,0,0,0,0,0,0,0,0
439969,26,Biological Sciences/LifeSciences,32,11,21,0,0,0,2,1,1,2,0,2,18,7,11,0,0,0,8,3,5,0,0,0,0,0,0,2,0,2
440341,52,Business Management and Administrative Services,59,10,49,2,1,1,0,0,0,49,9,40,5,0,5,0,0,0,1,0,1,0,0,0,1,0,1,1,0,1
440420,52,Business Management and Administrative Services,52,37,15,1,1,0,0,0,0,7,2,5,2,2,0,0,0,0,15,13,2,2,1,1,25,18,7,0,0,0
440457,52,Business Management and Administrative Services,34,13,21,0,0,0,1,0,1,4,0,4,0,0,0,0,0,0,10,7,3,0,0,0,19,6,13,0,0,0
440466,52,Business Management and Administrative Services,20,6,14,0,0,0,0,0,0,0,0,0,3,0,3,0,0,0,3,1,2,1,1,0,13,4,9,0,0,0
440749,52,Business Management and Administrative Services,247,166,81,2,0,2,6,4,2,32,19,13,23,15,8,4,4,0,163,111,52,3,1,2,14,12,2,0,0,0
440758,52,Business Management and Administrative Services,162,55,107,25,7,18,1,0,1,11,4,7,56,20,36,0,0,0,60,22,38,4,1,3,5,1,4,0,0,0
440767,52,Business Management and Administrative Services,245,63,182,3,1,2,15,5,10,86,23,63,4,0,4,1,0,1,118,33,85,4,0,4,14,1,13,0,0,0
440794,52,Business Management and Administrative Services,86,38,48,0,0,0,3,3,0,42,13,29,22,9,13,0,0,0,6,5,1,3,0,3,2,1,1,8,7,1
440828,14,Engineering,102,88,14,0,0,0,2,1,1,2,2,0,14,10,4,0,0,0,67,61,6,8,6,2,5,4,1,4,4,0
440828,26,Biological Sciences/LifeSciences,116,41,75,0,0,0,5,4,1,1,1,0,9,3,6,1,1,0,86,27,59,10,3,7,3,2,1,1,0,1
440828,52,Business Management and Administrative Services,152,94,58,1,0,1,4,2,2,0,0,0,15,9,6,0,0,0,117,73,44,7,5,2,8,5,3,0,0,0
440925,52,Business Management and Administrative Services,25,6,19,0,0,0,0,0,0,5,2,3,5,1,4,0,0,0,3,0,3,1,0,1,11,3,8,0,0,0
441478,52,Business Management and Administrative Services,101,80,21,0,0,0,2,0,2,34,27,7,12,8,4,0,0,0,42,38,4,0,0,0,11,7,4,0,0,0
441900,13,Education,569,117,452,3,0,3,29,4,25,26,6,20,151,27,124,3,2,1,290,63,227,13,7,6,53,8,45,1,0,1
441900,26,Biological Sciences/LifeSciences,255,94,161,0,0,0,27,5,22,19,7,12,98,37,61,5,3,2,74,33,41,14,4,10,18,5,13,0,0,0
441900,27,Mathematics,12,6,6,0,0,0,0,0,0,0,0,0,5,3,2,0,0,0,5,2,3,0,0,0,2,1,1,0,0,0
441900,52,Business Management and Administrative Services,371,131,240,3,0,3,23,10,13,47,15,32,107,39,68,8,3,5,136,50,86,20,4,16,27,10,17,0,0,0
441937,13,Education,200,7,193,1,0,1,1,0,1,5,0,5,115,5,110,0,0,0,51,1,50,10,0,10,13,1,12,4,0,4
441937,26,Biological Sciences/LifeSciences,620,196,424,3,1,2,45,18,27,17,4,13,327,84,243,0,0,0,158,60,98,27,10,17,31,14,17,12,5,7
441937,27,Mathematics,101,64,37,1,1,0,3,2,1,0,0,0,50,26,24,1,0,1,24,18,6,6,4,2,10,8,2,6,5,1
441937,40,Physical Sciences,157,86,71,2,2,0,19,8,11,5,3,2,53,26,27,1,1,0,51,33,18,12,3,9,12,10,2,2,0,2
441937,52,Business Management and Administrative Services,775,423,352,3,1,2,40,25,15,20,12,8,341,159,182,1,1,0,261,155,106,38,26,12,51,37,14,20,7,13
441973,52,Business Management and Administrative Services,34,2,32,0,0,0,0,0,0,2,0,2,14,1,13,0,0,0,5,1,4,0,0,0,12,0,12,1,0,1
441982,14,Engineering,378,193,185,1,0,1,48,26,22,5,2,3,20,9,11,0,0,0,183,90,93,23,14,9,53,24,29,45,28,17
442161,52,Business Management and Administrative Services,197,93,104,0,0,0,0,0,0,35,13,22,21,10,11,1,0,1,16,9,7,2,1,1,118,58,60,4,2,2
442222,52,Business Management and Administrative Services,52,25,27,1,1,0,0,0,0,30,12,18,10,4,6,0,0,0,9,7,2,0,0,0,1,1,0,1,0,1
442569,13,Education,6,0,6,0,0,0,0,0,0,4,0,4,0,0,0,0,0,0,2,0,2,0,0,0,0,0,0,0,0,0
442569,52,Business Management and Administrative Services,2807,1178,1629,12,8,4,16,7,9,1275,464,811,101,48,53,9,1,8,625,333,292,54,16,38,715,301,414,0,0,0
442639,52,Business Management and Administrative Services,32,27,5,1,0,1,2,1,1,1,1,0,2,2,0,0,0,0,7,6,1,0,0,0,2,2,0,17,15,2
442718,52,Business Management and Administrative Services,316,46,270,2,0,2,6,3,3,80,13,67,35,6,29,1,0,1,171,22,149,5,0,5,16,2,14,0,0,0
442897,52,Business Management and Administrative Services,20,4,16,0,0,0,1,1,0,2,1,1,0,0,0,0,0,0,11,2,9,2,0,2,4,0,4,0,0,0
442930,13,Education,16,11,5,0,0,0,1,0,1,1,0,1,8,5,3,0,0,0,5,5,0,1,1,0,0,0,0,0,0,0
442930,52,Business Management and Administrative Services,106,62,44,0,0,0,2,0,2,24,11,13,37,24,13,1,1,0,29,20,9,10,5,5,3,1,2,0,0,0
443049,52,Business Management and Administrative Services,21,12,9,1,1,0,2,1,1,4,2,2,3,2,1,1,1,0,4,2,2,0,0,0,4,2,2,2,1,1
443058,13,Education,3,1,2,0,0,0,0,0,0,0,0,0,1,1,0,0,0,0,2,0,2,0,0,0,0,0,0,0,0,0
443340,52,Business Management and Administrative Services,28,13,15,0,0,0,1,1,0,3,1,2,3,0,3,0,0,0,21,11,10,0,0,0,0,0,0,0,0,0
443410,14,Engineering,21,16,5,0,0,0,0,0,0,0,0,0,1,1,0,0,0,0,8,7,1,3,2,1,6,4,2,3,2,1
443544,13,Education,3,0,3,0,0,0,0,0,0,0,0,0,0,0,0,0,0,0,0,0,0,0,0,0,3,0,3,0,0,0
443544,52,Business Management and Administrative Services,25,9,16,0,0,0,0,0,0,5,3,2,0,0,0,0,0,0,1,0,1,1,1,0,18,5,13,0,0,0
443562,13,Education,130,3,127,0,0,0,0,0,0,0,0,0,130,3,127,0,0,0,0,0,0,0,0,0,0,0,0,0,0,0
443562,52,Business Management and Administrative Services,89,15,74,0,0,0,0,0,0,0,0,0,89,15,74,0,0,0,0,0,0,0,0,0,0,0,0,0,0,0
443766,52,Business Management and Administrative Services,1212,215,997,6,2,4,2,0,2,953,136,817,28,6,22,1,0,1,182,58,124,19,5,14,20,7,13,1,1,0
443784,52,Business Management and Administrative Services,1142,303,839,11,0,11,14,6,8,545,121,424,114,33,81,1,0,1,391,127,264,35,9,26,31,7,24,0,0,0
444042,13,Education,10,0,10,0,0,0,0,0,0,0,0,0,10,0,10,0,0,0,0,0,0,0,0,0,0,0,0,0,0,0
444042,52,Business Management and Administrative Services,428,183,245,0,0,0,0,0,0,0,0,0,428,183,245,0,0,0,0,0,0,0,0,0,0,0,0,0,0,0
444088,52,Business Management and Administrative Services,15,11,4,9,8,1,0,0,0,0,0,0,5,3,2,0,0,0,1,0,1,0,0,0,0,0,0,0,0,0
444130,13,Education,11,6,5,0,0,0,0,0,0,1,1,0,1,1,0,0,0,0,4,0,4,0,0,0,5,4,1,0,0,0
444130,52,Business Management and Administrative Services,48,24,24,0,0,0,2,1,1,6,3,3,9,3,6,0,0,0,22,11,11,1,0,1,8,6,2,0,0,0
444255,52,Business Management and Administrative Services,44,26,18,0,0,0,0,0,0,20,10,10,5,3,2,0,0,0,16,11,5,3,2,1,0,0,0,0,0,0
444398,52,Business Management and Administrative Services,60,29,31,0,0,0,1,1,0,0,0,0,35,15,20,1,1,0,5,2,3,0,0,0,0,0,0,18,10,8
444927,52,Business Management and Administrative Services,13,1,12,1,0,1,0,0,0,1,0,1,6,0,6,0,0,0,5,1,4,0,0,0,0,0,0,0,0,0
444990,13,Education,128,10,118,1,0,1,0,0,0,22,4,18,6,0,6,0,0,0,95,6,89,2,0,2,1,0,1,1,0,1
444990,52,Business Management and Administrative Services,296,127,169,0,0,0,4,1,3,75,26,49,23,10,13,2,2,0,181,85,96,8,3,5,1,0,1,2,0,2
445027,52,Business Management and Administrative Services,5016,1606,3410,52,21,31,18,8,10,2097,665,1432,182,50,132,26,9,17,1527,479,1048,194,56,138,920,318,602,0,0,0
445133,52,Business Management and Administrative Services,165,78,87,1,0,1,4,3,1,71,32,39,15,5,10,0,0,0,8,5,3,0,0,0,66,33,33,0,0,0
445188,14,Engineering,1587,1297,290,5,4,1,400,328,72,56,43,13,696,559,137,13,10,3,235,208,27,81,65,16,10,8,2,91,72,19
445188,26,Biological Sciences/LifeSciences,1482,564,918,2,1,1,398,166,232,63,14,49,706,256,450,11,3,8,171,80,91,52,23,29,10,6,4,69,15,54
445188,27,Mathematics,101,55,46,0,0,0,30,18,12,2,1,1,47,25,22,1,0,1,13,5,8,2,2,0,0,0,0,6,4,2
445188,40,Physical Sciences,306,168,138,2,1,1,72,39,33,9,5,4,148,74,74,4,2,2,41,29,12,13,6,7,2,2,0,15,10,5
445188,52,Business Management and Administrative Services,547,280,267,0,0,0,125,66,59,23,10,13,280,143,137,4,4,0,45,26,19,19,9,10,4,3,1,47,19,28
445203,52,Business Management and Administrative Services,48,15,33,0,0,0,0,0,0,21,7,14,25,7,18,0,0,0,2,1,1,0,0,0,0,0,0,0,0,0
445258,52,Business Management and Administrative Services,14,7,7,1,0,1,0,0,0,1,0,1,3,3,0,0,0,0,7,3,4,2,1,1,0,0,0,0,0,0
445267,13,Education,341,68,273,3,1,2,0,0,0,2,1,1,3,0,3,1,1,0,313,64,249,3,1,2,16,0,16,0,0,0
445267,26,Biological Sciences/LifeSciences,12,5,7,0,0,0,0,0,0,0,0,0,0,0,0,0,0,0,12,5,7,0,0,0,0,0,0,0,0,0
445267,27,Mathematics,6,4,2,0,0,0,0,0,0,0,0,0,0,0,0,0,0,0,6,4,2,0,0,0,0,0,0,0,0,0
445267,52,Business Management and Administrative Services,327,116,211,3,2,1,3,1,2,9,4,5,8,3,5,0,0,0,286,99,187,7,2,5,11,5,6,0,0,0
445300,52,Business Management and Administrative Services,144,65,79,0,0,0,0,0,0,19,8,11,27,10,17,0,0,0,2,1,1,0,0,0,93,45,48,3,1,2
445319,52,Business Management and Administrative Services,16,8,8,0,0,0,2,1,1,0,0,0,1,0,1,0,0,0,2,1,1,1,1,0,8,4,4,2,1,1
445391,52,Business Management and Administrative Services,18,8,10,0,0,0,0,0,0,3,1,2,0,0,0,0,0,0,5,2,3,0,0,0,10,5,5,0,0,0
445434,52,Business Management and Administrative Services,84,44,40,2,1,1,0,0,0,38,18,20,8,5,3,0,0,0,22,12,10,2,1,1,12,7,5,0,0,0
445708,52,Business Management and Administrative Services,577,192,385,1,0,1,7,2,5,287,85,202,40,17,23,0,0,0,167,55,112,32,11,21,34,17,17,9,5,4
446048,13,Education,30,3,27,0,0,0,1,1,0,0,0,0,1,0,1,0,0,0,28,2,26,0,0,0,0,0,0,0,0,0
446048,26,Biological Sciences/LifeSciences,125,55,70,1,0,1,5,0,5,8,3,5,23,13,10,0,0,0,71,34,37,0,0,0,16,4,12,1,1,0
446048,27,Mathematics,21,14,7,0,0,0,1,0,1,1,1,0,4,3,1,0,0,0,13,9,4,0,0,0,2,1,1,0,0,0
446048,40,Physical Sciences,13,9,4,0,0,0,0,0,0,1,1,0,2,0,2,0,0,0,6,6,0,0,0,0,4,2,2,0,0,0
446048,52,Business Management and Administrative Services,206,141,65,0,0,0,4,0,4,19,18,1,32,22,10,0,0,0,111,73,38,0,0,0,25,15,10,15,13,2
446233,52,Business Management and Administrative Services,27,17,10,0,0,0,0,0,0,2,2,0,4,1,3,0,0,0,18,14,4,0,0,0,0,0,0,3,0,3
446394,13,Education,44,24,20,0,0,0,0,0,0,44,24,20,0,0,0,0,0,0,0,0,0,0,0,0,0,0,0,0,0,0
446604,13,Education,1764,1764,0,0,0,0,0,0,0,0,0,0,18,18,0,0,0,0,1746,1746,0,0,0,0,0,0,0,0,0,0
446640,26,Biological Sciences/LifeSciences,34,18,16,0,0,0,1,1,0,6,1,5,6,3,3,1,1,0,16,11,5,4,1,3,0,0,0,0,0,0
446640,27,Mathematics,5,3,2,0,0,0,1,1,0,3,2,1,1,0,1,0,0,0,0,0,0,0,0,0,0,0,0,0,0,0
446640,40,Physical Sciences,19,15,4,0,0,0,0,0,0,1,1,0,3,2,1,0,0,0,13,11,2,2,1,1,0,0,0,0,0,0
446640,52,Business Management and Administrative Services,27,14,13,0,0,0,1,0,1,15,9,6,3,0,3,0,0,0,8,5,3,0,0,0,0,0,0,0,0,0
446668,52,Business Management and Administrative Services,11,2,9,0,0,0,0,0,0,1,0,1,1,0,1,0,0,0,8,1,7,0,0,0,1,1,0,0,0,0
446677,52,Business Management and Administrative Services,30,16,14,0,0,0,1,0,1,0,0,0,2,2,0,1,0,1,21,10,11,1,1,0,4,3,1,0,0,0
446729,52,Business Management and Administrative Services,3,2,1,0,0,0,0,0,0,0,0,0,0,0,0,0,0,0,0,0,0,0,0,0,2,2,0,1,0,1
446808,52,Business Management and Administrative Services,4,0,4,0,0,0,1,0,1,1,0,1,0,0,0,0,0,0,0,0,0,0,0,0,2,0,2,0,0,0
447050,13,Education,14,4,10,0,0,0,0,0,0,1,0,1,5,2,3,1,0,1,4,0,4,2,2,0,1,0,1,0,0,0
447050,52,Business Management and Administrative Services,17,8,9,0,0,0,0,0,0,5,1,4,4,2,2,1,1,0,5,3,2,1,0,1,0,0,0,1,1,0
447272,52,Business Management and Administrative Services,102,47,55,2,1,1,5,4,1,40,15,25,35,13,22,5,3,2,10,7,3,0,0,0,2,2,0,3,2,1
447290,52,Business Management and Administrative Services,41,17,24,0,0,0,1,0,1,29,14,15,10,3,7,1,0,1,0,0,0,0,0,0,0,0,0,0,0,0
447421,52,Business Management and Administrative Services,41,15,26,0,0,0,0,0,0,4,2,2,2,1,1,1,1,0,28,9,19,0,0,0,6,2,4,0,0,0
447476,52,Business Management and Administrative Services,4,2,2,0,0,0,0,0,0,2,1,1,0,0,0,0,0,0,2,1,1,0,0,0,0,0,0,0,0,0
447689,13,Education,642,60,582,0,0,0,31,4,27,190,12,178,111,4,107,0,0,0,282,36,246,16,2,14,6,2,4,6,0,6
447689,26,Biological Sciences/LifeSciences,1228,430,798,2,2,0,186,69,117,373,126,247,254,85,169,2,0,2,323,121,202,41,13,28,14,7,7,33,7,26
447689,27,Mathematics,179,97,82,2,1,1,22,11,11,32,20,12,27,14,13,0,0,0,90,47,43,3,2,1,2,2,0,1,0,1
447689,40,Physical Sciences,151,63,88,1,1,0,22,7,15,47,16,31,26,12,14,0,0,0,44,24,20,5,2,3,1,0,1,5,1,4
447689,52,Business Management and Administrative Services,2635,1407,1228,4,1,3,273,143,130,841,430,411,462,210,252,3,2,1,877,530,347,82,44,38,17,6,11,76,41,35
448284,52,Business Management and Administrative Services,237,99,138,1,1,0,5,1,4,11,7,4,17,5,12,0,0,0,192,80,112,8,4,4,3,1,2,0,0,0
448309,52,Business Management and Administrative Services,110,26,84,0,0,0,0,0,0,59,9,50,3,0,3,1,0,1,42,16,26,1,0,1,3,1,2,1,0,1
448345,52,Business Management and Administrative Services,51,4,47,1,0,1,1,0,1,17,3,14,3,1,2,0,0,0,28,0,28,0,0,0,1,0,1,0,0,0
448567,52,Business Management and Administrative Services,63,29,34,0,0,0,0,0,0,19,9,10,4,1,3,0,0,0,1,1,0,2,1,1,37,17,20,0,0,0
448576,52,Business Management and Administrative Services,45,11,34,0,0,0,3,1,2,6,1,5,31,6,25,2,2,0,2,0,2,0,0,0,1,1,0,0,0,0
448585,52,Business Management and Administrative Services,239,25,214,3,0,3,5,0,5,40,7,33,19,2,17,0,0,0,156,14,142,5,1,4,9,0,9,2,1,1
448673,13,Education,126,3,123,2,0,2,0,0,0,59,2,57,1,0,1,1,0,1,42,0,42,1,0,1,20,1,19,0,0,0
448673,14,Engineering,24,18,6,0,0,0,1,0,1,5,2,3,0,0,0,0,0,0,14,13,1,0,0,0,4,3,1,0,0,0
448673,52,Business Management and Administrative Services,318,113,205,3,1,2,7,4,3,88,18,70,13,8,5,1,1,0,158,64,94,5,1,4,43,16,27,0,0,0
448734,52,Business Management and Administrative Services,34,19,15,0,0,0,0,0,0,7,4,3,3,2,1,2,0,2,21,12,9,0,0,0,1,1,0,0,0,0
448752,52,Business Management and Administrative Services,72,39,33,0,0,0,0,0,0,15,12,3,19,12,7,1,0,1,29,12,17,6,2,4,2,1,1,0,0,0
448761,52,Business Management and Administrative Services,28,10,18,0,0,0,0,0,0,2,1,1,5,1,4,0,0,0,17,6,11,2,2,0,2,0,2,0,0,0
448822,52,Business Management and Administrative Services,2,1,1,0,0,0,0,0,0,0,0,0,0,0,0,0,0,0,0,0,0,0,0,0,2,1,1,0,0,0
448840,13,Education,278,32,246,0,0,0,2,0,2,15,4,11,37,2,35,0,0,0,208,25,183,11,0,11,5,1,4,0,0,0
448840,26,Biological Sciences/LifeSciences,762,246,516,3,3,0,29,9,20,52,12,40,138,39,99,2,0,2,458,160,298,52,16,36,22,6,16,6,1,5
448840,52,Business Management and Administrative Services,1174,627,547,2,2,0,68,30,38,86,42,44,172,86,86,3,1,2,780,431,349,30,12,18,22,16,6,11,7,4
448886,52,Business Management and Administrative Services,357,89,268,5,3,2,21,5,16,17,3,14,90,20,70,1,0,1,184,44,140,16,3,13,1,0,1,22,11,11
449010,52,Business Management and Administrative Services,49,11,38,1,0,1,0,0,0,15,3,12,4,1,3,0,0,0,16,4,12,2,0,2,11,3,8,0,0,0
449038,52,Business Management and Administrative Services,1197,393,804,3,1,2,19,7,12,566,153,413,300,113,187,1,0,1,230,89,141,23,7,16,47,19,28,8,4,4
449135,13,Education,28,2,26,0,0,0,0,0,0,0,0,0,28,2,26,0,0,0,0,0,0,0,0,0,0,0,0,0,0,0
449339,13,Education,16,6,10,0,0,0,0,0,0,3,1,2,2,0,2,1,0,1,9,4,5,0,0,0,1,1,0,0,0,0
449339,14,Engineering,488,458,30,5,3,2,20,18,2,60,55,5,62,59,3,1,1,0,291,279,12,20,17,3,26,23,3,3,3,0
449339,27,Mathematics,289,206,83,2,2,0,15,7,8,37,21,16,31,21,10,2,2,0,166,130,36,17,10,7,17,11,6,2,2,0
449339,52,Business Management and Administrative Services,8564,5174,3390,50,30,20,188,109,79,1895,982,913,923,586,337,76,46,30,4558,2873,1685,259,150,109,554,372,182,61,26,35
449348,52,Business Management and Administrative Services,7,3,4,0,0,0,0,0,0,7,3,4,0,0,0,0,0,0,0,0,0,0,0,0,0,0,0,0,0,0
449764,52,Business Management and Administrative Services,7,2,5,0,0,0,0,0,0,3,1,2,1,0,1,0,0,0,3,1,2,0,0,0,0,0,0,0,0,0
449870,52,Business Management and Administrative Services,35,22,13,0,0,0,7,4,3,0,0,0,12,9,3,0,0,0,0,0,0,0,0,0,0,0,0,16,9,7
449898,52,Business Management and Administrative Services,10,3,7,0,0,0,0,0,0,3,1,2,0,0,0,0,0,0,4,1,3,0,0,0,1,0,1,2,1,1
449931,13,Education,1,0,1,0,0,0,0,0,0,1,0,1,0,0,0,0,0,0,0,0,0,0,0,0,0,0,0,0,0,0
449931,52,Business Management and Administrative Services,335,144,191,3,2,1,8,3,5,120,44,76,7,6,1,1,1,0,172,73,99,0,0,0,24,15,9,0,0,0
450049,52,Business Management and Administrative Services,3,0,3,0,0,0,0,0,0,0,0,0,0,0,0,0,0,0,2,0,2,0,0,0,0,0,0,1,0,1
450085,52,Business Management and Administrative Services,34,5,29,0,0,0,0,0,0,16,3,13,1,0,1,0,0,0,13,1,12,0,0,0,4,1,3,0,0,0
450094,52,Business Management and Administrative Services,20,2,18,0,0,0,1,0,1,5,0,5,5,0,5,1,0,1,4,2,2,1,0,1,3,0,3,0,0,0
450298,52,Business Management and Administrative Services,165,34,131,0,0,0,2,0,2,96,17,79,11,2,9,0,0,0,45,13,32,9,1,8,2,1,1,0,0,0
450377,52,Business Management and Administrative Services,386,61,325,2,1,1,2,1,1,290,34,256,6,2,4,0,0,0,67,18,49,13,4,9,6,1,5,0,0,0
450456,52,Business Management and Administrative Services,27,6,21,0,0,0,0,0,0,10,1,9,1,0,1,0,0,0,3,1,2,0,0,0,13,4,9,0,0,0
450465,52,Business Management and Administrative Services,13,4,9,0,0,0,0,0,0,1,0,1,2,2,0,1,0,1,3,0,3,0,0,0,6,2,4,0,0,0
450483,52,Business Management and Administrative Services,58,30,28,0,0,0,0,0,0,15,4,11,0,0,0,0,0,0,3,1,2,0,0,0,39,24,15,1,1,0
450526,52,Business Management and Administrative Services,95,42,53,1,0,1,5,4,1,21,8,13,56,25,31,0,0,0,10,5,5,0,0,0,2,0,2,0,0,0
450535,52,Business Management and Administrative Services,42,17,25,1,1,0,0,0,0,26,9,17,2,2,0,0,0,0,12,5,7,0,0,0,1,0,1,0,0,0
450544,52,Business Management and Administrative Services,46,27,19,1,1,0,0,0,0,17,8,9,8,7,1,1,1,0,13,10,3,6,0,6,0,0,0,0,0,0
450571,13,Education,47,4,43,0,0,0,1,0,1,0,0,0,0,0,0,0,0,0,38,4,34,0,0,0,8,0,8,0,0,0
450571,14,Engineering,4,4,0,0,0,0,0,0,0,0,0,0,0,0,0,0,0,0,4,4,0,0,0,0,0,0,0,0,0,0
450571,52,Business Management and Administrative Services,175,67,108,6,0,6,4,1,3,8,3,5,0,0,0,0,0,0,139,58,81,0,0,0,18,5,13,0,0,0
450766,13,Education,25,0,25,1,0,1,1,0,1,0,0,0,6,0,6,0,0,0,14,0,14,0,0,0,3,0,3,0,0,0
450933,52,Business Management and Administrative Services,5613,2670,2943,50,17,33,136,71,65,1656,671,985,384,198,186,11,3,8,2819,1415,1404,190,78,112,365,216,149,2,1,1
450979,52,Business Management and Administrative Services,2498,1614,884,21,9,12,57,33,24,455,254,201,328,239,89,36,23,13,617,455,162,0,0,0,978,598,380,6,3,3
451103,13,Education,2,1,1,0,0,0,0,0,0,0,0,0,2,1,1,0,0,0,0,0,0,0,0,0,0,0,0,0,0,0
451556,52,Business Management and Administrative Services,292,151,141,0,0,0,0,0,0,7,6,1,274,135,139,1,1,0,10,9,1,0,0,0,0,0,0,0,0,0
451662,52,Business Management and Administrative Services,389,60,329,10,3,7,9,1,8,156,21,135,64,11,53,3,2,1,124,19,105,0,0,0,21,3,18,2,0,2
451671,13,Education,151,9,142,0,0,0,2,0,2,2,1,1,14,2,12,0,0,0,127,6,121,5,0,5,1,0,1,0,0,0
451671,26,Biological Sciences/LifeSciences,218,74,144,1,0,1,11,6,5,10,4,6,43,13,30,0,0,0,138,49,89,6,0,6,7,1,6,2,1,1
451671,52,Business Management and Administrative Services,648,280,368,1,0,1,20,8,12,27,11,16,77,34,43,0,0,0,470,207,263,12,8,4,10,2,8,31,10,21
451699,52,Business Management and Administrative Services,54,19,35,0,0,0,0,0,0,38,12,26,3,0,3,0,0,0,13,7,6,0,0,0,0,0,0,0,0,0
451705,52,Business Management and Administrative Services,25,11,14,0,0,0,0,0,0,0,0,0,2,1,1,1,1,0,16,5,11,4,2,2,2,2,0,0,0,0
451750,52,Business Management and Administrative Services,41,27,14,0,0,0,0,0,0,28,16,12,1,0,1,0,0,0,11,10,1,0,0,0,1,1,0,0,0,0
451796,52,Business Management and Administrative Services,76,12,64,1,0,1,2,1,1,44,6,38,5,1,4,0,0,0,15,2,13,5,1,4,3,1,2,1,0,1
451820,52,Business Management and Administrative Services,41,7,34,0,0,0,1,0,1,12,1,11,20,3,17,0,0,0,8,3,5,0,0,0,0,0,0,0,0,0
451848,52,Business Management and Administrative Services,7,2,5,0,0,0,2,1,1,1,0,1,2,0,2,0,0,0,1,1,0,0,0,0,0,0,0,1,0,1
451866,52,Business Management and Administrative Services,29,12,17,0,0,0,0,0,0,20,7,13,1,0,1,0,0,0,8,5,3,0,0,0,0,0,0,0,0,0
451875,52,Business Management and Administrative Services,94,15,79,0,0,0,5,0,5,38,3,35,15,2,13,1,0,1,29,10,19,1,0,1,5,0,5,0,0,0
451884,52,Business Management and Administrative Services,148,41,107,3,1,2,4,2,2,54,17,37,9,2,7,0,0,0,71,17,54,0,0,0,7,2,5,0,0,0
452018,52,Business Management and Administrative Services,8,1,7,0,0,0,0,0,0,3,0,3,0,0,0,0,0,0,5,1,4,0,0,0,0,0,0,0,0,0
452027,52,Business Management and Administrative Services,50,9,41,0,0,0,0,0,0,37,6,31,6,2,4,0,0,0,5,1,4,0,0,0,2,0,2,0,0,0
452090,52,Business Management and Administrative Services,18,7,11,0,0,0,1,1,0,1,0,1,3,1,2,0,0,0,13,5,8,0,0,0,0,0,0,0,0,0
453163,52,Business Management and Administrative Services,2747,628,2119,16,2,14,14,3,11,2047,441,1606,121,21,100,2,0,2,392,126,266,81,17,64,72,16,56,2,2,0
453215,52,Business Management and Administrative Services,548,122,426,5,1,4,9,4,5,308,54,254,67,12,55,1,0,1,112,44,68,21,4,17,23,1,22,2,2,0
454184,52,Business Management and Administrative Services,141,66,75,2,2,0,5,1,4,7,3,4,17,8,9,0,0,0,89,41,48,1,0,1,11,6,5,9,5,4
454582,13,Education,1,0,1,0,0,0,0,0,0,0,0,0,0,0,0,0,0,0,1,0,1,0,0,0,0,0,0,0,0,0
454582,27,Mathematics,23,13,10,2,2,0,3,2,1,4,1,3,0,0,0,1,0,1,12,8,4,0,0,0,1,0,1,0,0,0
454582,52,Business Management and Administrative Services,54,22,32,7,4,3,2,2,0,7,2,5,0,0,0,0,0,0,28,9,19,7,3,4,3,2,1,0,0,0
454689,52,Business Management and Administrative Services,8,3,5,0,0,0,0,0,0,2,1,1,0,0,0,0,0,0,6,2,4,0,0,0,0,0,0,0,0,0
454829,13,Education,115,8,107,2,0,2,2,0,2,16,2,14,8,1,7,0,0,0,30,1,29,6,1,5,51,3,48,0,0,0
454829,52,Business Management and Administrative Services,81,40,41,1,0,1,3,0,3,10,3,7,3,2,1,0,0,0,21,10,11,3,3,0,40,22,18,0,0,0
455600,52,Business Management and Administrative Services,19,9,10,0,0,0,0,0,0,0,0,0,1,1,0,0,0,0,18,8,10,0,0,0,0,0,0,0,0,0
455619,52,Business Management and Administrative Services,40,14,26,1,0,1,1,0,1,16,5,11,1,1,0,0,0,0,21,8,13,0,0,0,0,0,0,0,0,0
456010,52,Business Management and Administrative Services,5,2,3,0,0,0,1,0,1,2,1,1,0,0,0,0,0,0,2,1,1,0,0,0,0,0,0,0,0,0
456056,52,Business Management and Administrative Services,56,20,36,0,0,0,0,0,0,46,16,30,0,0,0,0,0,0,8,4,4,1,0,1,1,0,1,0,0,0
456296,52,Business Management and Administrative Services,20,4,16,1,1,0,1,0,1,8,1,7,2,0,2,0,0,0,3,0,3,3,1,2,2,1,1,0,0,0
456348,52,Business Management and Administrative Services,1506,431,1075,22,8,14,15,5,10,633,181,452,139,42,97,19,4,15,618,169,449,0,0,0,57,20,37,3,2,1
456481,52,Business Management and Administrative Services,63,29,34,0,0,0,0,0,0,2,0,2,61,29,32,0,0,0,0,0,0,0,0,0,0,0,0,0,0,0
456490,14,Engineering,70,52,18,0,0,0,0,0,0,1,0,1,68,51,17,0,0,0,1,1,0,0,0,0,0,0,0,0,0,0
456490,52,Business Management and Administrative Services,33,15,18,0,0,0,1,1,0,0,0,0,32,14,18,0,0,0,0,0,0,0,0,0,0,0,0,0,0,0
456612,52,Business Management and Administrative Services,22,13,9,3,3,0,1,1,0,5,4,1,8,4,4,0,0,0,4,1,3,0,0,0,1,0,1,0,0,0
456621,52,Business Management and Administrative Services,101,34,67,1,0,1,0,0,0,14,6,8,4,0,4,0,0,0,80,28,52,1,0,1,1,0,1,0,0,0
456791,52,Business Management and Administrative Services,55,18,37,0,0,0,0,0,0,40,11,29,4,2,2,0,0,0,9,4,5,0,0,0,2,1,1,0,0,0
457004,52,Business Management and Administrative Services,2,1,1,0,0,0,1,0,1,1,1,0,0,0,0,0,0,0,0,0,0,0,0,0,0,0,0,0,0,0
457022,52,Business Management and Administrative Services,45,9,36,0,0,0,0,0,0,24,6,18,1,0,1,0,0,0,16,3,13,2,0,2,2,0,2,0,0,0
457226,52,Business Management and Administrative Services,7,4,3,0,0,0,0,0,0,0,0,0,2,0,2,0,0,0,5,4,1,0,0,0,0,0,0,0,0,0
457299,52,Business Management and Administrative Services,8,4,4,0,0,0,0,0,0,0,0,0,0,0,0,0,0,0,0,0,0,0,0,0,0,0,0,8,4,4
457402,52,Business Management and Administrative Services,3,1,2,0,0,0,0,0,0,2,1,1,0,0,0,0,0,0,0,0,0,0,0,0,1,0,1,0,0,0
457688,52,Business Management and Administrative Services,79,38,41,2,1,1,1,0,1,22,9,13,8,6,2,0,0,0,39,18,21,1,1,0,6,3,3,0,0,0
457697,52,Business Management and Administrative Services,31,18,13,0,0,0,1,1,0,9,4,5,0,0,0,0,0,0,6,3,3,0,0,0,15,10,5,0,0,0
458432,52,Business Management and Administrative Services,71,21,50,0,0,0,3,0,3,16,6,10,3,3,0,0,0,0,46,10,36,3,2,1,0,0,0,0,0,0
458469,52,Business Management and Administrative Services,9,3,6,0,0,0,0,0,0,0,0,0,9,3,6,0,0,0,0,0,0,0,0,0,0,0,0,0,0,0
458496,52,Business Management and Administrative Services,55,11,44,0,0,0,1,1,0,43,10,33,4,0,4,0,0,0,6,0,6,1,0,1,0,0,0,0,0,0
458502,52,Business Management and Administrative Services,66,18,48,0,0,0,2,0,2,57,18,39,2,0,2,0,0,0,4,0,4,1,0,1,0,0,0,0,0,0
458885,52,Business Management and Administrative Services,134,30,104,2,0,2,0,0,0,95,20,75,2,0,2,0,0,0,30,8,22,2,1,1,2,0,2,1,1,0
458919,52,Business Management and Administrative Services,3694,782,2912,29,4,25,15,5,10,3004,610,2394,118,28,90,5,1,4,302,81,221,93,18,75,124,33,91,4,2,2
458955,52,Business Management and Administrative Services,170,29,141,1,0,1,0,0,0,151,29,122,0,0,0,0,0,0,9,0,9,3,0,3,6,0,6,0,0,0
458964,52,Business Management and Administrative Services,1275,265,1010,11,2,9,3,1,2,927,175,752,34,6,28,1,0,1,230,65,165,40,8,32,29,8,21,0,0,0
458973,52,Business Management and Administrative Services,1088,273,815,7,1,6,6,1,5,641,133,508,165,52,113,2,0,2,181,57,124,41,10,31,40,16,24,5,3,2
458982,52,Business Management and Administrative Services,30,2,28,1,0,1,1,0,1,10,1,9,17,1,16,0,0,0,1,0,1,0,0,0,0,0,0,0,0,0
459107,52,Business Management and Administrative Services,116,37,79,1,0,1,0,0,0,101,33,68,4,1,3,1,0,1,9,3,6,0,0,0,0,0,0,0,0,0
459259,52,Business Management and Administrative Services,13,6,7,1,0,1,1,1,0,5,2,3,3,2,1,0,0,0,1,0,1,0,0,0,1,0,1,1,1,0
459268,52,Business Management and Administrative Services,29,17,12,0,0,0,4,1,3,12,9,3,2,0,2,0,0,0,10,6,4,0,0,0,1,1,0,0,0,0
459727,13,Education,43,15,28,0,0,0,0,0,0,12,3,9,4,1,3,0,0,0,12,5,7,2,0,2,13,6,7,0,0,0
459727,52,Business Management and Administrative Services,156,74,82,0,0,0,3,2,1,25,8,17,15,6,9,2,1,1,67,36,31,6,1,5,37,19,18,1,1,0
459842,52,Business Management and Administrative Services,62,20,42,0,0,0,1,0,1,9,3,6,10,2,8,0,0,0,39,13,26,2,1,1,1,1,0,0,0,0
459851,52,Business Management and Administrative Services,30,14,16,0,0,0,2,0,2,7,3,4,0,0,0,0,0,0,20,10,10,0,0,0,1,1,0,0,0,0
459949,26,Biological Sciences/LifeSciences,338,114,224,2,1,1,12,6,6,28,10,18,193,57,136,0,0,0,73,30,43,14,5,9,10,1,9,6,4,2
459949,27,Mathematics,63,36,27,0,0,0,4,3,1,6,3,3,34,18,16,0,0,0,13,9,4,3,1,2,0,0,0,3,2,1
459949,52,Business Management and Administrative Services,1159,509,650,2,0,2,22,13,9,76,39,37,747,309,438,2,0,2,245,115,130,24,12,12,14,9,5,27,12,15
459994,52,Business Management and Administrative Services,3655,1085,2570,18,4,14,30,11,19,1368,306,1062,378,143,235,14,3,11,1454,493,961,127,31,96,263,94,169,3,0,3
460039,52,Business Management and Administrative Services,56,22,34,11,4,7,0,0,0,7,2,5,23,11,12,0,0,0,13,4,9,0,0,0,2,1,1,0,0,0
460048,52,Business Management and Administrative Services,24,8,16,0,0,0,0,0,0,11,4,7,1,0,1,0,0,0,12,4,8,0,0,0,0,0,0,0,0,0
460075,52,Business Management and Administrative Services,11,7,4,0,0,0,2,1,1,0,0,0,0,0,0,0,0,0,1,1,0,0,0,0,0,0,0,8,5,3
460349,52,Business Management and Administrative Services,239,72,167,1,0,1,13,6,7,54,14,40,25,9,16,0,0,0,109,34,75,7,2,5,29,7,22,1,0,1
460376,14,Engineering,1,1,0,0,0,0,0,0,0,0,0,0,0,0,0,0,0,0,0,0,0,0,0,0,0,0,0,1,1,0
460376,52,Business Management and Administrative Services,39,17,22,0,0,0,1,0,1,0,0,0,1,1,0,0,0,0,0,0,0,0,0,0,4,2,2,33,14,19
460613,52,Business Management and Administrative Services,98,49,49,0,0,0,0,0,0,24,12,12,51,26,25,0,0,0,23,11,12,0,0,0,0,0,0,0,0,0
460729,52,Business Management and Administrative Services,120,65,55,3,1,2,2,1,1,26,15,11,2,1,1,3,2,1,73,40,33,7,3,4,4,2,2,0,0,0
460738,52,Business Management and Administrative Services,3,0,3,0,0,0,0,0,0,1,0,1,0,0,0,0,0,0,1,0,1,0,0,0,1,0,1,0,0,0
460747,52,Business Management and Administrative Services,6,2,4,0,0,0,0,0,0,1,0,1,2,1,1,1,0,1,1,1,0,0,0,0,1,0,1,0,0,0
460783,52,Business Management and Administrative Services,85,11,74,1,0,1,1,0,1,40,8,32,11,1,10,1,0,1,28,2,26,1,0,1,2,0,2,0,0,0
460899,52,Business Management and Administrative Services,50,22,28,1,0,1,1,1,0,1,1,0,11,3,8,1,1,0,29,14,15,6,2,4,0,0,0,0,0,0
461023,52,Business Management and Administrative Services,31,6,25,0,0,0,0,0,0,3,1,2,1,0,1,0,0,0,9,1,8,0,0,0,18,4,14,0,0,0
461236,13,Education,174,78,96,0,0,0,174,78,96,0,0,0,0,0,0,0,0,0,0,0,0,0,0,0,0,0,0,0,0,0
461236,52,Business Management and Administrative Services,76,0,76,0,0,0,76,0,76,0,0,0,0,0,0,0,0,0,0,0,0,0,0,0,0,0,0,0,0,0
461281,13,Education,7,0,7,0,0,0,0,0,0,0,0,0,7,0,7,0,0,0,0,0,0,0,0,0,0,0,0,0,0,0
461281,52,Business Management and Administrative Services,3,2,1,0,0,0,0,0,0,0,0,0,1,0,1,0,0,0,0,0,0,0,0,0,0,0,0,2,2,0
461759,52,Business Management and Administrative Services,6,2,4,0,0,0,0,0,0,6,2,4,0,0,0,0,0,0,0,0,0,0,0,0,0,0,0,0,0,0
461795,13,Education,80,28,52,0,0,0,3,0,3,22,13,9,31,10,21,0,0,0,8,1,7,0,0,0,2,2,0,14,2,12
461795,52,Business Management and Administrative Services,194,116,78,0,0,0,9,6,3,25,17,8,32,15,17,0,0,0,20,14,6,4,2,2,10,5,5,94,57,37
461883,52,Business Management and Administrative Services,78,40,38,0,0,0,0,0,0,0,0,0,11,5,6,0,0,0,1,0,1,0,0,0,0,0,0,66,35,31
462354,52,Business Management and Administrative Services,28,12,16,0,0,0,2,0,2,0,0,0,11,6,5,0,0,0,9,3,6,0,0,0,4,2,2,2,1,1
465812,52,Business Management and Administrative Services,1850,87,1763,16,1,15,20,1,19,374,25,349,219,16,203,17,0,17,948,33,915,153,7,146,102,4,98,1,0,1
466152,52,Business Management and Administrative Services,170,35,135,21,2,19,1,0,1,51,10,41,5,2,3,0,0,0,83,21,62,3,0,3,6,0,6,0,0,0
466161,52,Business Management and Administrative Services,151,30,121,0,0,0,5,2,3,26,8,18,9,1,8,1,1,0,101,18,83,1,0,1,8,0,8,0,0,0
466170,52,Business Management and Administrative Services,183,23,160,2,0,2,0,0,0,66,8,58,2,0,2,2,0,2,94,12,82,2,0,2,15,3,12,0,0,0
466189,52,Business Management and Administrative Services,191,77,114,1,0,1,5,2,3,35,16,19,27,19,8,4,1,3,98,32,66,3,1,2,17,6,11,1,0,1
467793,52,Business Management and Administrative Services,1,1,0,0,0,0,0,0,0,0,0,0,1,1,0,0,0,0,0,0,0,0,0,0,0,0,0,0,0,0
468015,52,Business Management and Administrative Services,2,0,2,0,0,0,0,0,0,1,0,1,0,0,0,0,0,0,1,0,1,0,0,0,0,0,0,0,0,0
468024,52,Business Management and Administrative Services,14,3,11,0,0,0,0,0,0,9,3,6,0,0,0,0,0,0,5,0,5,0,0,0,0,0,0,0,0,0
469416,13,Education,63,1,62,0,0,0,0,0,0,0,0,0,63,1,62,0,0,0,0,0,0,0,0,0,0,0,0,0,0,0
470092,52,Business Management and Administrative Services,10,2,8,0,0,0,1,0,1,1,0,1,5,2,3,0,0,0,2,0,2,1,0,1,0,0,0,0,0,0
470162,52,Business Management and Administrative Services,77,25,52,2,1,1,0,0,0,71,24,47,1,0,1,0,0,0,2,0,2,0,0,0,1,0,1,0,0,0
474863,52,Business Management and Administrative Services,370,156,214,2,1,1,20,8,12,63,27,36,169,61,108,5,4,1,90,45,45,0,0,0,21,10,11,0,0,0
474890,52,Business Management and Administrative Services,136,58,78,5,3,2,1,0,1,14,6,8,64,25,39,2,0,2,39,16,23,8,6,2,3,2,1,0,0,0
474906,52,Business Management and Administrative Services,41,13,28,1,0,1,0,0,0,0,0,0,8,2,6,0,0,0,31,11,20,0,0,0,1,0,1,0,0,0
475033,13,Education,186,37,149,0,0,0,5,1,4,47,9,38,16,4,12,0,0,0,45,9,36,1,0,1,69,12,57,3,2,1
475042,52,Business Management and Administrative Services,14,6,8,0,0,0,0,0,0,8,4,4,1,1,0,0,0,0,5,1,4,0,0,0,0,0,0,0,0,0
475121,52,Business Management and Administrative Services,830,266,564,12,3,9,6,2,4,315,91,224,79,27,52,2,2,0,383,127,256,0,0,0,32,14,18,1,0,1
475200,13,Education,62,15,47,1,1,0,1,0,1,1,1,0,2,0,2,0,0,0,57,13,44,0,0,0,0,0,0,0,0,0
475200,52,Business Management and Administrative Services,102,38,64,1,0,1,1,0,1,2,1,1,3,1,2,0,0,0,93,35,58,1,0,1,1,1,0,0,0,0
475699,52,Business Management and Administrative Services,10,6,4,0,0,0,0,0,0,6,5,1,0,0,0,0,0,0,4,1,3,0,0,0,0,0,0,0,0,0
476975,52,Business Management and Administrative Services,5015,2195,2820,36,15,21,181,64,117,264,108,156,626,274,352,18,3,15,3470,1538,1932,135,55,80,265,125,140,20,13,7
477950,52,Business Management and Administrative Services,31,4,27,1,0,1,1,0,1,2,0,2,7,1,6,0,0,0,19,3,16,0,0,0,1,0,1,0,0,0
477996,52,Business Management and Administrative Services,106,25,81,1,0,1,2,1,1,29,7,22,4,0,4,1,1,0,63,14,49,4,1,3,2,1,1,0,0,0
478005,52,Business Management and Administrative Services,118,32,86,0,0,0,8,2,6,34,13,21,2,0,2,0,0,0,60,16,44,3,0,3,11,1,10,0,0,0
478014,52,Business Management and Administrative Services,115,30,85,0,0,0,0,0,0,60,9,51,12,6,6,0,0,0,31,12,19,3,0,3,9,3,6,0,0,0
478634,52,Business Management and Administrative Services,123,67,56,1,1,0,2,0,2,14,11,3,63,27,36,1,0,1,35,23,12,4,3,1,3,2,1,0,0,0
479956,13,Education,3,1,2,0,0,0,0,0,0,0,0,0,0,0,0,0,0,0,3,1,2,0,0,0,0,0,0,0,0,0
479956,14,Engineering,19,16,3,0,0,0,0,0,0,0,0,0,1,1,0,0,0,0,16,13,3,0,0,0,1,1,0,1,1,0
479956,26,Biological Sciences/LifeSciences,29,4,25,0,0,0,2,1,1,4,1,3,4,0,4,0,0,0,18,2,16,1,0,1,0,0,0,0,0,0
479956,27,Mathematics,2,0,2,0,0,0,1,0,1,0,0,0,0,0,0,0,0,0,0,0,0,0,0,0,0,0,0,1,0,1
479956,40,Physical Sciences,16,7,9,0,0,0,1,1,0,1,1,0,1,0,1,0,0,0,10,5,5,1,0,1,1,0,1,1,0,1
479956,52,Business Management and Administrative Services,2516,1269,1247,7,5,2,100,52,48,185,81,104,231,117,114,9,6,3,1797,918,879,83,33,50,68,37,31,36,20,16
480064,13,Education,18,0,18,0,0,0,0,0,0,0,0,0,0,0,0,0,0,0,18,0,18,0,0,0,0,0,0,0,0,0
480064,52,Business Management and Administrative Services,54,8,46,0,0,0,0,0,0,0,0,0,1,0,1,0,0,0,53,8,45,0,0,0,0,0,0,0,0,0
480073,52,Business Management and Administrative Services,32,11,21,1,0,1,1,0,1,2,0,2,13,5,8,1,1,0,13,5,8,0,0,0,1,0,1,0,0,0
480082,52,Business Management and Administrative Services,26,13,13,0,0,0,1,1,0,21,10,11,2,1,1,0,0,0,1,1,0,0,0,0,1,0,1,0,0,0
480091,52,Business Management and Administrative Services,894,160,734,9,2,7,5,0,5,331,69,262,51,9,42,1,1,0,464,73,391,28,5,23,5,1,4,0,0,0
480134,52,Business Management and Administrative Services,188,72,116,1,1,0,3,1,2,14,4,10,9,3,6,1,0,1,160,63,97,0,0,0,0,0,0,0,0,0
480198,52,Business Management and Administrative Services,270,97,173,3,1,2,8,2,6,20,6,14,22,6,16,4,0,4,180,68,112,6,1,5,27,13,14,0,0,0
480204,52,Business Management and Administrative Services,23,14,9,0,0,0,0,0,0,3,2,1,14,8,6,0,0,0,6,4,2,0,0,0,0,0,0,0,0,0
480569,52,Business Management and Administrative Services,582,235,347,5,4,1,10,3,7,104,38,66,64,26,38,1,0,1,326,140,186,0,0,0,66,20,46,6,4,2
480657,13,Education,26,0,26,1,0,1,0,0,0,6,0,6,0,0,0,0,0,0,14,0,14,1,0,1,4,0,4,0,0,0
480657,14,Engineering,1,1,0,0,0,0,0,0,0,0,0,0,0,0,0,0,0,0,1,1,0,0,0,0,0,0,0,0,0,0
480657,52,Business Management and Administrative Services,53,22,31,2,0,2,1,1,0,11,7,4,0,0,0,0,0,0,31,12,19,1,1,0,7,1,6,0,0,0
480781,52,Business Management and Administrative Services,83,70,13,1,1,0,1,1,0,22,21,1,30,24,6,1,1,0,10,8,2,8,6,2,0,0,0,10,8,2
481720,52,Business Management and Administrative Services,23,13,10,0,0,0,1,0,1,16,10,6,2,0,2,0,0,0,4,3,1,0,0,0,0,0,0,0,0,0
482024,52,Business Management and Administrative Services,17,9,8,0,0,0,0,0,0,7,2,5,6,4,2,0,0,0,1,1,0,0,0,0,1,0,1,2,2,0
482149,13,Education,282,60,222,0,0,0,4,0,4,58,16,42,11,2,9,1,0,1,190,41,149,12,0,12,5,1,4,1,0,1
482149,26,Biological Sciences/LifeSciences,794,290,504,3,1,2,150,63,87,164,37,127,71,27,44,1,1,0,335,126,209,43,22,21,19,11,8,8,2,6
482149,27,Mathematics,61,27,34,0,0,0,4,3,1,13,6,7,5,2,3,0,0,0,32,13,19,3,1,2,2,1,1,2,1,1
482149,40,Physical Sciences,193,111,82,0,0,0,16,7,9,31,10,21,15,12,3,0,0,0,115,75,40,12,6,6,2,0,2,2,1,1
482149,52,Business Management and Administrative Services,566,299,267,1,1,0,19,9,10,119,51,68,22,15,7,2,1,1,339,193,146,24,9,15,14,7,7,26,13,13
482158,13,Education,288,32,256,0,0,0,2,0,2,79,12,67,15,0,15,0,0,0,187,20,167,4,0,4,0,0,0,1,0,1
482158,26,Biological Sciences/LifeSciences,508,185,323,0,0,0,22,9,13,165,51,114,29,9,20,0,0,0,264,108,156,21,6,15,3,1,2,4,1,3
482158,27,Mathematics,92,53,39,0,0,0,0,0,0,23,10,13,3,2,1,1,0,1,60,37,23,2,1,1,2,2,0,1,1,0
482158,52,Business Management and Administrative Services,1034,535,499,3,1,2,29,21,8,319,132,187,50,28,22,3,2,1,557,313,244,40,19,21,5,2,3,28,17,11
482307,52,Business Management and Administrative Services,79,25,54,1,0,1,0,0,0,21,4,17,16,5,11,1,0,1,37,16,21,1,0,1,2,0,2,0,0,0
482316,52,Business Management and Administrative Services,119,34,85,0,0,0,0,0,0,63,18,45,10,3,7,0,0,0,40,11,29,2,1,1,4,1,3,0,0,0
482325,52,Business Management and Administrative Services,123,37,86,0,0,0,1,0,1,20,7,13,34,11,23,0,0,0,61,18,43,3,0,3,4,1,3,0,0,0
482334,52,Business Management and Administrative Services,141,40,101,1,0,1,0,0,0,106,33,73,14,2,12,0,0,0,16,4,12,0,0,0,4,1,3,0,0,0
482343,52,Business Management and Administrative Services,99,27,72,0,0,0,0,0,0,13,3,10,3,2,1,0,0,0,74,19,55,1,0,1,8,3,5,0,0,0
482361,52,Business Management and Administrative Services,135,28,107,4,1,3,1,0,1,27,11,16,12,2,10,0,0,0,77,12,65,4,0,4,10,2,8,0,0,0
482370,52,Business Management and Administrative Services,113,17,96,1,0,1,2,0,2,56,11,45,2,1,1,0,0,0,44,3,41,2,1,1,6,1,5,0,0,0
482398,52,Business Management and Administrative Services,19,1,18,0,0,0,0,0,0,13,1,12,1,0,1,1,0,1,4,0,4,0,0,0,0,0,0,0,0,0
482413,52,Business Management and Administrative Services,596,295,301,2,1,1,42,20,22,215,102,113,187,85,102,2,1,1,83,53,30,2,1,1,32,13,19,31,19,12
482422,14,Engineering,5,5,0,0,0,0,0,0,0,0,0,0,2,2,0,0,0,0,3,3,0,0,0,0,0,0,0,0,0,0
482422,52,Business Management and Administrative Services,247,140,107,8,3,5,2,2,0,31,16,15,70,37,33,2,1,1,119,71,48,2,1,1,13,9,4,0,0,0
482431,14,Engineering,12,11,1,0,0,0,0,0,0,0,0,0,3,2,1,0,0,0,7,7,0,0,0,0,2,2,0,0,0,0
482431,52,Business Management and Administrative Services,1848,919,929,8,6,2,246,135,111,193,89,104,660,288,372,42,22,20,480,267,213,34,16,18,154,80,74,31,16,15
482440,52,Business Management and Administrative Services,237,112,125,2,1,1,5,2,3,32,15,17,41,20,21,0,0,0,142,68,74,4,1,3,11,5,6,0,0,0
482459,14,Engineering,7,7,0,0,0,0,0,0,0,0,0,0,0,0,0,0,0,0,6,6,0,0,0,0,1,1,0,0,0,0
482459,52,Business Management and Administrative Services,538,226,312,0,0,0,6,3,3,122,50,72,179,65,114,1,1,0,180,84,96,6,4,2,31,12,19,13,7,6
482468,14,Engineering,2,2,0,0,0,0,0,0,0,0,0,0,0,0,0,0,0,0,2,2,0,0,0,0,0,0,0,0,0,0
482468,52,Business Management and Administrative Services,656,227,429,4,2,2,13,6,7,332,103,229,37,14,23,1,1,0,153,75,78,8,2,6,105,24,81,3,0,3
482477,52,Business Management and Administrative Services,5023,1940,3083,19,9,10,219,106,113,997,307,690,720,271,449,19,6,13,2273,973,1300,51,13,38,632,224,408,93,31,62
482486,52,Business Management and Administrative Services,56,23,33,0,0,0,0,0,0,14,3,11,10,4,6,0,0,0,23,12,11,0,0,0,9,4,5,0,0,0
482538,52,Business Management and Administrative Services,92,36,56,2,1,1,0,0,0,25,9,16,6,2,4,0,0,0,56,24,32,0,0,0,3,0,3,0,0,0
482547,52,Business Management and Administrative Services,102,49,53,2,2,0,7,2,5,22,12,10,22,10,12,1,1,0,38,16,22,2,1,1,7,4,3,1,1,0
482556,52,Business Management and Administrative Services,261,126,135,0,0,0,23,9,14,59,27,32,77,34,43,2,1,1,77,43,34,3,0,3,11,6,5,9,6,3
482565,52,Business Management and Administrative Services,141,58,83,2,1,1,2,1,1,73,24,49,16,6,10,0,0,0,38,23,15,0,0,0,9,2,7,1,1,0
482574,52,Business Management and Administrative Services,625,252,373,1,0,1,8,3,5,132,48,84,23,6,17,1,1,0,391,164,227,6,4,2,63,26,37,0,0,0
482583,52,Business Management and Administrative Services,58,19,39,1,0,1,3,3,0,19,6,13,7,1,6,0,0,0,27,8,19,1,1,0,0,0,0,0,0,0
482608,14,Engineering,1,0,1,0,0,0,0,0,0,0,0,0,0,0,0,0,0,0,1,0,1,0,0,0,0,0,0,0,0,0
482608,52,Business Management and Administrative Services,239,92,147,0,0,0,8,3,5,77,20,57,16,6,10,0,0,0,57,29,28,2,1,1,72,29,43,7,4,3
482617,52,Business Management and Administrative Services,81,36,45,0,0,0,0,0,0,27,9,18,7,1,6,0,0,0,43,24,19,0,0,0,4,2,2,0,0,0
482635,14,Engineering,1,1,0,0,0,0,0,0,0,0,0,0,1,1,0,0,0,0,0,0,0,0,0,0,0,0,0,0,0,0
482635,52,Business Management and Administrative Services,502,283,219,1,1,0,10,3,7,117,59,58,150,78,72,2,2,0,172,110,62,5,3,2,40,23,17,5,4,1
482653,14,Engineering,1,1,0,0,0,0,0,0,0,0,0,0,1,1,0,0,0,0,0,0,0,0,0,0,0,0,0,0,0,0
482653,52,Business Management and Administrative Services,218,106,112,1,0,1,9,3,6,83,39,44,31,21,10,0,0,0,63,30,33,1,1,0,27,9,18,3,3,0
482680,13,Education,1018,217,801,2,1,1,12,4,8,35,17,18,60,12,48,1,1,0,863,166,697,22,8,14,11,3,8,12,5,7
482680,26,Biological Sciences/LifeSciences,1124,377,747,1,0,1,51,13,38,51,18,33,103,41,62,1,0,1,852,283,569,37,11,26,15,7,8,13,4,9
482680,27,Mathematics,209,125,84,0,0,0,7,4,3,3,3,0,17,15,2,0,0,0,169,96,73,5,3,2,3,1,2,5,3,2
482680,40,Physical Sciences,439,310,129,1,1,0,16,12,4,10,5,5,37,31,6,1,0,1,343,241,102,18,11,7,8,5,3,5,4,1
482680,52,Business Management and Administrative Services,1922,1082,840,1,0,1,51,25,26,55,21,34,152,64,88,1,1,0,1534,887,647,44,31,13,22,14,8,62,39,23
482699,26,Biological Sciences/LifeSciences,10,6,4,0,0,0,2,1,1,1,1,0,0,0,0,0,0,0,7,4,3,0,0,0,0,0,0,0,0,0
482699,52,Business Management and Administrative Services,5,2,3,0,0,0,0,0,0,1,0,1,0,0,0,0,0,0,4,2,2,0,0,0,0,0,0,0,0,0
482705,13,Education,57,19,38,1,0,1,5,2,3,8,1,7,8,2,6,0,0,0,30,12,18,0,0,0,5,2,3,0,0,0
482705,26,Biological Sciences/LifeSciences,28,14,14,0,0,0,0,0,0,4,2,2,2,1,1,0,0,0,12,6,6,0,0,0,2,1,1,8,4,4
482705,52,Business Management and Administrative Services,916,444,472,4,1,3,34,15,19,56,22,34,53,17,36,1,0,1,225,125,100,8,2,6,39,17,22,496,245,251
482936,14,Engineering,627,541,86,2,2,0,20,17,3,32,28,4,119,94,25,2,2,0,415,368,47,13,12,1,12,9,3,12,9,3
482936,52,Business Management and Administrative Services,35,26,9,0,0,0,3,3,0,0,0,0,3,1,2,0,0,0,27,20,7,1,1,0,1,1,0,0,0,0
482954,52,Business Management and Administrative Services,56,23,33,0,0,0,1,0,1,28,11,17,11,3,8,0,0,0,14,7,7,0,0,0,2,2,0,0,0,0
483018,26,Biological Sciences/LifeSciences,9,2,7,0,0,0,1,0,1,0,0,0,0,0,0,0,0,0,8,2,6,0,0,0,0,0,0,0,0,0
483036,13,Education,1,0,1,0,0,0,1,0,1,0,0,0,0,0,0,0,0,0,0,0,0,0,0,0,0,0,0,0,0,0
483036,26,Biological Sciences/LifeSciences,9,3,6,0,0,0,0,0,0,0,0,0,2,0,2,0,0,0,4,1,3,2,1,1,0,0,0,1,1,0
483036,27,Mathematics,29,9,20,1,1,0,1,0,1,4,2,2,5,0,5,0,0,0,15,6,9,3,0,3,0,0,0,0,0,0
483036,52,Business Management and Administrative Services,565,214,351,4,2,2,21,8,13,123,44,79,121,44,77,4,1,3,244,94,150,36,13,23,9,6,3,3,2,1
483124,13,Education,461,71,390,3,0,3,15,4,11,22,4,18,105,21,84,4,0,4,290,39,251,18,2,16,2,0,2,2,1,1
483124,14,Engineering,1826,1555,271,9,7,2,95,68,27,89,71,18,234,196,38,4,2,2,1281,1122,159,78,60,18,31,26,5,5,3,2
483124,26,Biological Sciences/LifeSciences,123,39,84,1,0,1,9,6,3,9,3,6,45,11,34,0,0,0,53,19,34,5,0,5,0,0,0,1,0,1
483124,27,Mathematics,2,2,0,0,0,0,0,0,0,0,0,0,0,0,0,0,0,0,2,2,0,0,0,0,0,0,0,0,0,0
483124,40,Physical Sciences,10,5,5,0,0,0,0,0,0,1,1,0,8,4,4,0,0,0,1,0,1,0,0,0,0,0,0,0,0,0
483124,52,Business Management and Administrative Services,2984,1421,1563,19,9,10,116,57,59,149,83,66,559,271,288,12,3,9,1977,939,1038,125,47,78,23,9,14,4,3,1
483780,52,Business Management and Administrative Services,28,11,17,0,0,0,0,0,0,0,0,0,0,0,0,0,0,0,0,0,0,0,0,0,0,0,0,28,11,17
483984,26,Biological Sciences/LifeSciences,24,13,11,1,0,1,0,0,0,6,4,2,3,2,1,0,0,0,9,5,4,5,2,3,0,0,0,0,0,0
483984,52,Business Management and Administrative Services,77,65,12,2,2,0,0,0,0,39,37,2,6,3,3,0,0,0,28,21,7,2,2,0,0,0,0,0,0,0
484473,13,Education,2,0,2,0,0,0,0,0,0,0,0,0,0,0,0,0,0,0,2,0,2,0,0,0,0,0,0,0,0,0
484473,26,Biological Sciences/LifeSciences,72,23,49,0,0,0,5,2,3,5,1,4,13,4,9,0,0,0,44,13,31,4,2,2,1,1,0,0,0,0
484473,27,Mathematics,14,9,5,0,0,0,1,1,0,1,1,0,3,2,1,0,0,0,7,4,3,1,0,1,1,1,0,0,0,0
484473,40,Physical Sciences,43,27,16,1,1,0,1,0,1,0,0,0,2,2,0,1,1,0,35,21,14,1,1,0,2,1,1,0,0,0
484473,52,Business Management and Administrative Services,731,402,329,8,5,3,26,10,16,41,25,16,131,62,69,4,3,1,476,269,207,9,5,4,31,19,12,5,4,1
484613,13,Education,5024,484,4540,9,1,8,11,0,11,488,45,443,279,30,249,7,0,7,961,68,893,60,4,56,3181,331,2850,28,5,23
484613,26,Biological Sciences/LifeSciences,132,53,79,0,0,0,1,1,0,1,1,0,1,1,0,0,0,0,10,4,6,1,0,1,116,46,70,2,0,2
484613,52,Business Management and Administrative Services,37830,13706,24124,133,36,97,204,66,138,3820,1060,2760,2530,913,1617,123,36,87,6311,2334,3977,469,141,328,23748,8930,14818,492,190,302
484622,52,Business Management and Administrative Services,44,10,34,0,0,0,0,0,0,4,2,2,6,1,5,0,0,0,7,2,5,2,1,1,25,4,21,0,0,0
484631,13,Education,33,6,27,0,0,0,0,0,0,3,0,3,10,2,8,1,0,1,6,1,5,0,0,0,11,3,8,2,0,2
484631,52,Business Management and Administrative Services,5862,3953,1909,16,11,5,103,71,32,261,148,113,971,550,421,44,28,16,616,459,157,59,36,23,3721,2619,1102,71,31,40
484640,13,Education,11,3,8,0,0,0,0,0,0,0,0,0,2,0,2,0,0,0,3,1,2,0,0,0,6,2,4,0,0,0
484640,52,Business Management and Administrative Services,247,154,93,1,1,0,3,3,0,10,7,3,28,12,16,0,0,0,49,34,15,0,0,0,156,97,59,0,0,0
484668,13,Education,26,5,21,0,0,0,0,0,0,5,3,2,5,0,5,0,0,0,4,0,4,1,1,0,11,1,10,0,0,0
484668,52,Business Management and Administrative Services,720,431,289,0,0,0,5,3,2,73,33,40,117,63,54,2,2,0,57,39,18,4,2,2,439,282,157,23,7,16
484677,52,Business Management and Administrative Services,457,191,266,0,0,0,0,0,0,108,43,65,12,4,8,3,2,1,30,15,15,7,3,4,292,122,170,5,2,3
484686,52,Business Management and Administrative Services,106,33,73,0,0,0,0,0,0,30,7,23,3,2,1,0,0,0,11,3,8,1,1,0,61,20,41,0,0,0
484695,52,Business Management and Administrative Services,153,45,108,0,0,0,1,0,1,33,7,26,3,3,0,0,0,0,7,2,5,0,0,0,109,33,76,0,0,0
484701,13,Education,9,1,8,0,0,0,0,0,0,2,0,2,1,0,1,0,0,0,1,0,1,0,0,0,5,1,4,0,0,0
484701,52,Business Management and Administrative Services,82,33,49,0,0,0,0,0,0,19,5,14,3,2,1,0,0,0,10,5,5,5,4,1,45,17,28,0,0,0
484710,13,Education,27,3,24,0,0,0,0,0,0,1,0,1,3,1,2,0,0,0,5,0,5,1,0,1,17,2,15,0,0,0
484710,52,Business Management and Administrative Services,328,179,149,1,1,0,5,4,1,24,14,10,34,14,20,0,0,0,36,20,16,5,2,3,221,122,99,2,2,0
484729,52,Business Management and Administrative Services,236,86,150,0,0,0,0,0,0,58,17,41,10,2,8,0,0,0,13,8,5,1,0,1,149,57,92,5,2,3
484738,52,Business Management and Administrative Services,35,13,22,1,1,0,1,0,1,5,1,4,2,0,2,0,0,0,10,5,5,0,0,0,16,6,10,0,0,0
484747,52,Business Management and Administrative Services,268,98,170,1,0,1,0,0,0,58,11,47,5,2,3,0,0,0,36,19,17,4,0,4,164,66,98,0,0,0
484756,13,Education,1,1,0,0,0,0,0,0,0,0,0,0,0,0,0,0,0,0,0,0,0,0,0,0,1,1,0,0,0,0
484756,52,Business Management and Administrative Services,1613,931,682,3,1,2,7,4,3,202,99,103,261,145,116,7,4,3,114,73,41,12,7,5,977,582,395,30,16,14
484765,52,Business Management and Administrative Services,247,161,86,0,0,0,2,2,0,39,21,18,14,8,6,0,0,0,27,23,4,6,4,2,158,102,56,1,1,0
484783,52,Business Management and Administrative Services,111,42,69,1,0,1,0,0,0,30,11,19,5,4,1,0,0,0,4,0,4,3,0,3,67,27,40,1,0,1
484905,26,Biological Sciences/LifeSciences,19,5,14,0,0,0,2,1,1,2,0,2,9,2,7,0,0,0,5,1,4,0,0,0,0,0,0,1,1,0
484905,27,Mathematics,39,23,16,0,0,0,4,2,2,5,3,2,20,13,7,0,0,0,5,2,3,1,1,0,0,0,0,4,2,2
484905,52,Business Management and Administrative Services,661,284,377,4,1,3,12,8,4,207,84,123,351,150,201,2,1,1,67,34,33,5,1,4,3,1,2,10,4,6
485078,14,Engineering,6,4,2,0,0,0,0,0,0,1,1,0,2,2,0,0,0,0,3,1,2,0,0,0,0,0,0,0,0,0
485078,52,Business Management and Administrative Services,8,3,5,0,0,0,0,0,0,2,1,1,0,0,0,0,0,0,6,2,4,0,0,0,0,0,0,0,0,0
485111,13,Education,484,116,368,12,4,8,5,0,5,194,48,146,28,7,21,1,0,1,227,52,175,2,1,1,14,4,10,1,0,1
485111,26,Biological Sciences/LifeSciences,361,132,229,10,4,6,4,2,2,144,44,100,36,17,19,4,0,4,146,59,87,5,1,4,12,5,7,0,0,0
485111,27,Mathematics,64,51,13,3,2,1,2,1,1,16,13,3,6,5,1,2,2,0,34,27,7,0,0,0,1,1,0,0,0,0
485111,52,Business Management and Administrative Services,915,479,436,24,17,7,14,9,5,404,189,215,68,33,35,1,1,0,383,222,161,1,0,1,18,7,11,2,1,1
485263,52,Business Management and Administrative Services,210,107,103,3,2,1,16,8,8,48,26,22,84,41,43,4,0,4,35,21,14,5,5,0,15,4,11,0,0,0
485281,52,Business Management and Administrative Services,74,16,58,1,0,1,0,0,0,53,12,41,9,1,8,0,0,0,6,1,5,2,0,2,3,2,1,0,0,0
485546,52,Business Management and Administrative Services,49,21,28,0,0,0,4,2,2,11,4,7,12,7,5,1,0,1,17,7,10,1,0,1,3,1,2,0,0,0
485768,52,Business Management and Administrative Services,45,23,22,0,0,0,2,1,1,10,4,6,21,10,11,0,0,0,6,4,2,2,1,1,4,3,1,0,0,0
485908,52,Business Management and Administrative Services,29,6,23,0,0,0,0,0,0,4,0,4,1,1,0,0,0,0,18,5,13,2,0,2,4,0,4,0,0,0
486239,52,Business Management and Administrative Services,102,47,55,0,0,0,0,0,0,0,0,0,99,45,54,0,0,0,0,0,0,0,0,0,0,0,0,3,2,1
486354,52,Business Management and Administrative Services,33,17,16,0,0,0,0,0,0,0,0,0,3,2,1,0,0,0,0,0,0,0,0,0,0,0,0,30,15,15
486840,13,Education,1962,413,1549,4,2,2,37,10,27,311,65,246,144,26,118,2,1,1,1355,291,1064,74,12,62,25,4,21,10,2,8
486840,14,Engineering,3198,2797,401,8,8,0,251,212,39,605,510,95,346,302,44,2,2,0,1706,1525,181,140,115,25,58,55,3,82,68,14
486840,26,Biological Sciences/LifeSciences,2129,783,1346,3,0,3,152,67,85,587,169,418,230,85,145,2,0,2,960,388,572,93,34,59,57,21,36,45,19,26
486840,27,Mathematics,201,111,90,0,0,0,11,7,4,31,14,17,20,9,11,0,0,0,123,72,51,9,5,4,4,2,2,3,2,1
486840,40,Physical Sciences,422,233,189,2,1,1,30,10,20,85,32,53,38,24,14,1,1,0,234,145,89,13,6,7,9,7,2,10,7,3
486840,52,Business Management and Administrative Services,6197,3692,2505,12,4,8,242,129,113,1057,524,533,593,351,242,9,7,2,3758,2389,1369,259,144,115,142,85,57,125,59,66
486901,13,Education,49,2,47,0,0,0,0,0,0,0,0,0,2,0,2,0,0,0,44,2,42,2,0,2,0,0,0,1,0,1
486901,14,Engineering,26,23,3,0,0,0,0,0,0,0,0,0,3,3,0,0,0,0,23,20,3,0,0,0,0,0,0,0,0,0
486901,26,Biological Sciences/LifeSciences,54,24,30,0,0,0,0,0,0,1,1,0,4,0,4,0,0,0,46,21,25,2,2,0,0,0,0,1,0,1
486901,27,Mathematics,9,5,4,0,0,0,1,0,1,0,0,0,0,0,0,0,0,0,6,4,2,2,1,1,0,0,0,0,0,0
486901,40,Physical Sciences,4,1,3,0,0,0,0,0,0,0,0,0,1,1,0,0,0,0,3,0,3,0,0,0,0,0,0,0,0,0
486901,52,Business Management and Administrative Services,173,107,66,0,0,0,2,0,2,2,0,2,8,3,5,0,0,0,143,93,50,4,1,3,0,0,0,14,10,4
487296,13,Education,41,11,30,0,0,0,0,0,0,2,2,0,16,1,15,0,0,0,19,4,15,0,0,0,0,0,0,4,4,0
487296,27,Mathematics,3,1,2,0,0,0,0,0,0,0,0,0,0,0,0,0,0,0,2,0,2,0,0,0,1,1,0,0,0,0
487296,52,Business Management and Administrative Services,13,6,7,0,0,0,0,0,0,0,0,0,7,2,5,0,0,0,5,4,1,0,0,0,0,0,0,1,0,1
487524,13,Education,101,28,73,0,0,0,0,0,0,2,0,2,0,0,0,1,0,1,94,27,67,1,0,1,2,1,1,1,0,1
487524,26,Biological Sciences/LifeSciences,31,11,20,0,0,0,1,1,0,1,0,1,0,0,0,0,0,0,23,8,15,1,0,1,1,0,1,4,2,2
487524,40,Physical Sciences,4,2,2,0,0,0,0,0,0,0,0,0,0,0,0,0,0,0,4,2,2,0,0,0,0,0,0,0,0,0
487524,52,Business Management and Administrative Services,656,326,330,4,2,2,4,2,2,24,21,3,8,6,2,2,1,1,550,259,291,8,4,4,10,4,6,46,27,19
487603,13,Education,16,2,14,0,0,0,2,1,1,2,0,2,0,0,0,1,0,1,9,1,8,1,0,1,1,0,1,0,0,0
487603,52,Business Management and Administrative Services,77,40,37,2,0,2,9,5,4,8,4,4,8,6,2,4,3,1,37,19,18,6,2,4,3,1,2,0,0,0
488031,52,Business Management and Administrative Services,1,1,0,0,0,0,0,0,0,0,0,0,0,0,0,0,0,0,0,0,0,0,0,0,1,1,0,0,0,0
488086,26,Biological Sciences/LifeSciences,15,5,10,0,0,0,8,3,5,2,0,2,2,1,1,0,0,0,3,1,2,0,0,0,0,0,0,0,0,0
488086,40,Physical Sciences,2,1,1,0,0,0,2,1,1,0,0,0,0,0,0,0,0,0,0,0,0,0,0,0,0,0,0,0,0,0
488679,13,Education,384,81,303,1,0,1,1,0,1,32,7,25,14,2,12,0,0,0,326,70,256,10,2,8,0,0,0,0,0,0
488679,52,Business Management and Administrative Services,3578,1386,2192,7,2,5,16,8,8,1007,286,721,162,65,97,2,0,2,2267,985,1282,102,32,70,12,7,5,3,1,2
488846,52,Business Management and Administrative Services,1300,704,596,5,5,0,38,32,6,100,32,68,106,53,53,0,0,0,241,79,162,62,47,15,748,456,292,0,0,0
489104,52,Business Management and Administrative Services,74,52,22,1,0,1,0,0,0,20,16,4,3,3,0,0,0,0,25,16,9,0,0,0,25,17,8,0,0,0
489779,13,Education,9,0,9,0,0,0,0,0,0,1,0,1,1,0,1,0,0,0,4,0,4,0,0,0,3,0,3,0,0,0
489779,52,Business Management and Administrative Services,90,27,63,0,0,0,1,0,1,23,5,18,4,1,3,1,0,1,34,11,23,1,0,1,26,10,16,0,0,0
489788,13,Education,20,1,19,0,0,0,0,0,0,8,0,8,0,0,0,0,0,0,5,1,4,0,0,0,7,0,7,0,0,0
489788,52,Business Management and Administrative Services,89,20,69,1,0,1,1,0,1,25,4,21,7,1,6,0,0,0,25,3,22,1,0,1,29,12,17,0,0,0
489937,13,Education,41,16,25,0,0,0,0,0,0,9,8,1,0,0,0,0,0,0,30,8,22,1,0,1,1,0,1,0,0,0
489937,52,Business Management and Administrative Services,8,5,3,0,0,0,0,0,0,3,1,2,0,0,0,0,0,0,4,3,1,0,0,0,1,1,0,0,0,0
